1.26000000E-1	6.68422729E-7
7.58000000E-1	5.89600263E-7
1.38900000E+0	5.61780569E-7
2.02000000E+0	5.33960875E-7
2.65100000E+0	5.80327032E-7
3.28200000E+0	6.35966705E-7
3.91300000E+0	5.98873808E-7
4.54400000E+0	7.28698948E-7
5.17500000E+0	4.87595117E-7
5.80600000E+0	5.94236629E-7
6.43700000E+0	5.94236629E-7
7.06800000E+0	7.14788708E-7
7.69900000E+0	5.89600010E-7
8.33000000E+0	6.35966195E-7
8.96100000E+0	6.63785791E-7
9.59200000E+0	5.71053391E-7
1.02230000E+1	-5.27129833E-5
1.08540000E+1	-5.27778960E-5
1.14850000E+1	-5.27176785E-5
1.21160000E+1	-5.27640447E-5
1.27470000E+1	-5.28985068E-5
1.33780000E+1	-5.27130418E-5
1.40090000E+1	-5.27826293E-5
1.46400000E+1	-5.28197224E-5
1.52710000E+1	-5.28429055E-5
1.59020000E+1	-5.26388939E-5
1.65330000E+1	-5.28104491E-5
1.71640000E+1	-5.28150887E-5
1.77950000E+1	-5.26759899E-5
1.84260000E+1	-5.27872689E-5
1.90570000E+1	-5.27872689E-5
1.96880000E+1	-5.27779531E-5
2.03190000E+1	-5.27872263E-5
2.09500000E+1	-5.28614123E-5
2.15820000E+1	-5.28196827E-5
2.22130000E+1	-5.27964995E-5
2.28440000E+1	-5.27640156E-5
2.34750000E+1	-5.27176493E-5
2.41060000E+1	-5.26898296E-5
2.47370000E+1	-5.26666465E-5
2.53690000E+1	-5.26341922E-5
2.60000000E+1	-5.26851951E-5
2.66320000E+1	-5.26805585E-5
2.72630000E+1	-5.28057473E-5
2.78940000E+1	-5.27825642E-5
2.85250000E+1	-5.27361547E-5
2.91560000E+1	-5.26712420E-5
2.97870000E+1	-5.27222448E-5
3.04190000E+1	-5.26805153E-5
3.10510000E+1	-5.28614899E-5
3.16830000E+1	-5.27641206E-5
3.23140000E+1	-5.27363008E-5
3.29450000E+1	-5.26621147E-5
3.35770000E+1	-5.27455741E-5
3.42080000E+1	-5.27316795E-5
3.48390000E+1	-5.28197755E-5
3.54710000E+1	-5.28105023E-5
3.61030000E+1	-5.27734092E-5
3.67350000E+1	-5.27176900E-5
3.73670000E+1	-5.25090418E-5
3.79980000E+1	-5.26666871E-5
3.86300000E+1	-5.27176900E-5
3.92620000E+1	-5.28150592E-5
3.98940000E+1	-5.28615072E-5
4.05260000E+1	-5.27595013E-5
4.11580000E+1	-5.28197775E-5
4.17900000E+1	-5.28290508E-5
4.24220000E+1	-5.27686977E-5
4.30540000E+1	-5.27084216E-5
4.36860000E+1	-5.26806018E-5
4.43180000E+1	-5.27269681E-5
4.49500000E+1	-5.26435088E-5
4.55820000E+1	-5.27176333E-5
4.62140000E+1	-5.27037235E-5
4.68460000E+1	-5.27454531E-5
4.74760000E+1	-5.28428221E-5
4.81080000E+1	-5.27037695E-5
4.87400000E+1	-5.28985078E-5
4.93720000E+1	-5.27640457E-5
5.00040000E+1	-5.26852230E-5
5.06360000E+1	-5.27454992E-5
5.12690000E+1	-5.28428876E-5
5.19010000E+1	-5.29217102E-5
5.25330000E+1	-5.27547917E-5
5.31650000E+1	-5.26945155E-5
5.37970000E+1	-5.28335993E-5
5.44290000E+1	-5.27825964E-5
5.50610000E+1	-5.27965063E-5
5.56930000E+1	-5.26203145E-5
5.63250000E+1	-5.26481343E-5
5.69570000E+1	-5.27037429E-5
5.75890000E+1	-5.28057486E-5
5.82210000E+1	-5.26666499E-5
5.88530000E+1	-5.27315626E-5
5.94850000E+1	-5.27408399E-5
6.01170000E+1	-5.25971046E-5
6.07490000E+1	-5.25878314E-5
6.13810000E+1	-5.26805638E-5
6.20130000E+1	-5.26898371E-5
6.26450000E+1	-5.25925210E-5
6.32770000E+1	-5.25786111E-5
6.39090000E+1	-5.26713437E-5
6.45410000E+1	-5.27501663E-5
6.51730000E+1	-5.27548194E-5
6.58050000E+1	-5.27084531E-5
6.64370000E+1	-5.29171014E-5
6.70690000E+1	-5.27733659E-5
6.77010000E+1	-5.27316193E-5
6.83330000E+1	-5.27455291E-5
6.89650000E+1	-5.27408925E-5
6.95970000E+1	-5.27918954E-5
7.02290000E+1	-5.26296135E-5
7.08610000E+1	-5.26389208E-5
7.14930000E+1	-5.25786446E-5
7.21250000E+1	-5.26713772E-5
7.27570000E+1	-5.27919296E-5
7.33890000E+1	-5.26388968E-5
7.40210000E+1	-5.26342602E-5
7.46530000E+1	-5.25925305E-5
7.52850000E+1	-5.26018038E-5
7.59170000E+1	-5.26342602E-5
7.65490000E+1	-5.26990736E-5
7.71810000E+1	-5.26990736E-5
7.78130000E+1	-5.26248877E-5
7.84450000E+1	-5.26805271E-5
7.90770000E+1	-5.26991464E-5
7.97090000E+1	-5.27084196E-5
8.03410000E+1	-5.26203237E-5
8.09730000E+1	-5.26203237E-5
8.16050000E+1	-5.26527801E-5
8.22370000E+1	-5.26667824E-5
8.28690000E+1	-5.26157794E-5
8.35010000E+1	-5.26296893E-5
8.41330000E+1	-5.25879596E-5
8.47650000E+1	-5.26388387E-5
8.53970000E+1	-5.26434754E-5
8.60290000E+1	-5.26898416E-5
8.66610000E+1	-5.27130247E-5
8.72930000E+1	-5.27454811E-5
8.79250000E+1	-5.26991291E-5
8.85570000E+1	-5.27269488E-5
8.91890000E+1	-5.25878501E-5
8.98210000E+1	-5.26666727E-5
9.04530000E+1	-5.27038451E-5
9.10850000E+1	-5.27733946E-5
9.17170000E+1	-5.27270283E-5
9.23490000E+1	-5.26760253E-5
9.29810000E+1	-5.27687580E-5
9.36130000E+1	-5.26806150E-5
9.42450000E+1	-5.25693359E-5
9.48770000E+1	-5.25461528E-5
9.55090000E+1	-5.27084348E-5
9.61410000E+1	-5.26666340E-5
9.67730000E+1	-5.26109945E-5
9.74050000E+1	-5.28428256E-5
9.80370000E+1	-5.27176368E-5
9.86690000E+1	-5.27037270E-5
9.93010000E+1	-5.28474674E-5
9.99330000E+1	-5.27315519E-5
1.00565000E+2	-5.26666392E-5
1.01198000E+2	-5.26898223E-5
1.01830000E+2	-5.26667129E-5
1.02462000E+2	-5.25693438E-5
1.03094000E+2	-5.25554339E-5
1.03727000E+2	-5.27872653E-5
1.04359000E+2	-5.26945327E-5
1.04991000E+2	-5.27130966E-5
1.05623000E+2	-5.27177332E-5
1.06255000E+2	-5.26899134E-5
1.06887000E+2	-5.28521955E-5
1.07519000E+2	-5.27454782E-5
1.08151000E+2	-5.27454782E-5
1.08783000E+2	-5.25739232E-5
1.09415000E+2	-5.24997372E-5
1.10047000E+2	-5.26202894E-5
1.10679000E+2	-5.26341250E-5
1.11285000E+2	-5.26804912E-5
1.11943000E+2	-5.26016687E-5
1.12575000E+2	-5.26758546E-5
1.13207000E+2	-5.26573763E-5
1.13839000E+2	-5.25692805E-5
1.14471000E+2	-5.26249200E-5
1.15103000E+2	-5.26434665E-5
1.15735000E+2	-5.27593820E-5
1.16367000E+2	-5.28660537E-5
1.16999000E+2	-5.26759521E-5
1.17605000E+2	-5.27594114E-5
1.18263000E+2	-5.27547747E-5
1.18895000E+2	-5.27316542E-5
1.19527000E+2	-5.25508256E-5
1.20159000E+2	-5.26111018E-5
1.20791000E+2	-5.26157384E-5
1.21423000E+2	-5.25925265E-5
1.22055000E+2	-5.26296196E-5
1.22687000E+2	-5.26713492E-5
1.23319000E+2	-5.26574393E-5
1.23951000E+2	-5.25786167E-5
1.24583000E+2	-5.26156120E-5
1.25215000E+2	-5.26990712E-5
1.25847000E+2	-5.27686205E-5
1.26479000E+2	-5.28057134E-5
1.27111000E+2	-5.29077894E-5
1.27743000E+2	-5.27084145E-5
1.28375000E+2	-5.27547808E-5
1.29007000E+2	-5.26527750E-5
1.29639000E+2	-5.28150569E-5
1.30271000E+2	-5.27084429E-5
1.30903000E+2	-5.26296202E-5
1.31535000E+2	-5.26110737E-5
1.32167000E+2	-5.26898964E-5
1.32799000E+2	-5.26481928E-5
1.33431000E+2	-5.27223789E-5
1.34063000E+2	-5.26574661E-5
1.34695000E+2	-5.26806492E-5
1.35327000E+2	-5.27687452E-5
1.35959000E+2	-5.27595161E-5
1.36591000E+2	-5.28615221E-5
1.37223000E+2	-5.26204171E-5
1.37855000E+2	-5.25833240E-5
1.38487000E+2	-5.27038078E-5
1.39119000E+2	-5.27316276E-5
1.39751000E+2	-5.26620781E-5
1.40383000E+2	-5.26620781E-5
1.41015000E+2	-5.27177177E-5
1.41647000E+2	-5.26481128E-5
1.42279000E+2	-5.26573860E-5
1.42911000E+2	-5.26898424E-5
1.43543000E+2	-5.26898424E-5
1.44175000E+2	-5.27223584E-5
1.44807000E+2	-5.28011811E-5
1.45439000E+2	-5.27269950E-5
1.46071000E+2	-5.28939136E-5
1.46703000E+2	-5.26342624E-5
1.47335000E+2	-5.26806515E-5
1.47967000E+2	-5.25925555E-5
1.48599000E+2	-5.27316544E-5
1.49231000E+2	-5.26435584E-5
1.49863000E+2	-5.27593921E-5
1.50495000E+2	-5.27779385E-5
1.51127000E+2	-5.27222991E-5
1.51759000E+2	-5.27501188E-5
1.52391000E+2	-5.26388398E-5
1.53023000E+2	-5.26666589E-5
1.53656000E+2	-5.25321969E-5
1.54288000E+2	-5.26156561E-5
1.54920000E+2	-5.26110195E-5
1.55552000E+2	-5.26898658E-5
1.56184000E+2	-5.26110432E-5
1.56816000E+2	-5.26713193E-5
1.57448000E+2	-5.27176856E-5
1.58080000E+2	-5.26434995E-5
1.58712000E+2	-5.27129758E-5
1.59344000E+2	-5.27778885E-5
1.59976000E+2	-5.27732519E-5
1.60608000E+2	-5.27825251E-5
1.61240000E+2	-5.27175816E-5
1.61872000E+2	-5.26526690E-5
1.62504000E+2	-5.26619422E-5
1.63134000E+2	-5.26804887E-5
1.63766000E+2	-5.27824943E-5
1.64398000E+2	-5.26850403E-5
1.65030000E+2	-5.28334118E-5
1.65663000E+2	-5.27406796E-5
1.66295000E+2	-5.26525840E-5
1.66927000E+2	-5.27824116E-5
1.67559000E+2	-5.27406821E-5
1.68191000E+2	-5.28148679E-5
1.68823000E+2	-5.27685018E-5
1.69455000E+2	-5.28335272E-5
1.70087000E+2	-5.27825244E-5
1.70719000E+2	-5.26573357E-5
1.71351000E+2	-5.26666089E-5
1.71983000E+2	-5.27639779E-5
1.72615000E+2	-5.26434444E-5
1.73247000E+2	-5.26712641E-5
1.73879000E+2	-5.26295346E-5
1.74511000E+2	-5.25692585E-5
1.75143000E+2	-5.27408652E-5
1.75775000E+2	-5.26713158E-5
1.76407000E+2	-5.25878565E-5
1.77039000E+2	-5.27362285E-5
1.77671000E+2	-5.26759524E-5
1.78303000E+2	-5.25971948E-5
1.78935000E+2	-5.27270205E-5
1.79567000E+2	-5.26992007E-5
1.80199000E+2	-5.26806542E-5
1.80831000E+2	-5.26760028E-5
1.81463000E+2	-5.26528196E-5
1.82095000E+2	-5.26899126E-5
1.82727000E+2	-5.27362789E-5
1.83359000E+2	-5.28939244E-5
1.83991000E+2	-5.26482093E-5
1.84623000E+2	-5.27177588E-5
1.85255000E+2	-5.26482093E-5
1.85887000E+2	-5.26064796E-5
1.86519000E+2	-5.25971965E-5
1.87151000E+2	-5.27780252E-5
1.87783000E+2	-5.27316588E-5
1.88415000E+2	-5.27177490E-5
1.89047000E+2	-5.27780252E-5
1.89679000E+2	-5.27825828E-5
1.90311000E+2	-5.25275685E-5
1.90943000E+2	-5.25553882E-5
1.91575000E+2	-5.26203010E-5
1.92207000E+2	-5.27594168E-5
1.92839000E+2	-5.26620477E-5
1.93471000E+2	-5.26945040E-5
1.94103000E+2	-5.27686900E-5
1.94735000E+2	-5.26017715E-5
1.95367000E+2	-5.25785991E-5
1.95999000E+2	-5.26527851E-5
1.96631000E+2	-5.27733374E-5
1.97263000E+2	-5.25507793E-5
1.97895000E+2	-5.25739071E-5
1.98525000E+2	-5.25553606E-5
1.99157000E+2	-5.25785437E-5
1.99789000E+2	-5.25182676E-5
2.00421000E+2	-5.25785437E-5
2.01053000E+2	-5.27083998E-5
2.01685000E+2	-5.27547661E-5
2.02317000E+2	-5.27918591E-5
2.02949000E+2	-5.26527604E-5
2.03581000E+2	-5.27362575E-5
2.04213000E+2	-5.26713447E-5
2.04845000E+2	-5.25971587E-5
2.05477000E+2	-5.26110686E-5
2.06109000E+2	-5.26991645E-5
2.06741000E+2	-5.28243973E-5
2.07373000E+2	-5.27455746E-5
2.08005000E+2	-5.28522171E-5
2.08637000E+2	-5.26899350E-5
2.09269000E+2	-5.25925031E-5
2.09901000E+2	-5.25785933E-5
2.10533000E+2	-5.24673142E-5
2.11165000E+2	8.53886998E-7
2.11797000E+2	7.75064352E-7
2.12429000E+2	7.65791584E-7
2.13061000E+2	7.56518350E-7
2.13693000E+2	6.49876158E-7
2.14325000E+2	6.63786009E-7
2.14957000E+2	6.35965261E-7
2.15590000E+2	5.84962332E-7
2.16222000E+2	6.03508851E-7
2.16854000E+2	7.14787971E-7
2.17486000E+2	6.26692001E-7
2.18118000E+2	6.49875236E-7
2.18750000E+2	6.17418834E-7
2.19382000E+2	7.93610731E-7
2.20014000E+2	7.84337474E-7
2.20646000E+2	6.35966211E-7
2.21278000E+2	7.42608431E-7
2.21910000E+2	6.86969012E-7
2.22542000E+2	7.24061958E-7
2.23174000E+2	6.77695448E-7
2.23806000E+2	6.31329221E-7
2.24438000E+2	-5.27825652E-5
2.25070000E+2	-5.26805595E-5
2.25703000E+2	-5.27547454E-5
2.26335000E+2	-5.25553315E-5
2.26967000E+2	-5.27407963E-5
2.27599000E+2	-5.26805202E-5
2.28231000E+2	-5.26109709E-5
2.28863000E+2	-5.25182516E-5
2.29495000E+2	-5.25878009E-5
2.30127000E+2	-5.25228882E-5
2.30759000E+2	-5.26666235E-5
2.31391000E+2	-5.26156206E-5
2.32023000E+2	-5.26064487E-5
2.32655000E+2	-5.26110853E-5
2.33287000E+2	-5.26528149E-5
2.33919000E+2	-5.25832655E-5
2.34551000E+2	-5.26806357E-5
2.35183000E+2	-5.27594584E-5
2.35815000E+2	-5.25322635E-5
2.36447000E+2	-5.25461734E-5
2.37079000E+2	-5.25971763E-5
2.37711000E+2	-5.27084408E-5
2.38344000E+2	-5.26806210E-5
2.38976000E+2	-5.25554321E-5
2.39608000E+2	-5.26017983E-5
2.40240000E+2	-5.25785631E-5
2.40872000E+2	-5.25275602E-5
2.41504000E+2	-5.27593914E-5
2.42136000E+2	-5.25275602E-5
2.42768000E+2	-5.25321969E-5
2.43400000E+2	-5.25646622E-5
2.44032000E+2	-5.26017552E-5
2.44664000E+2	-5.24951128E-5
2.45296000E+2	-5.24951128E-5
2.45928000E+2	-5.24580051E-5
2.46560000E+2	-5.24626418E-5
2.47192000E+2	-5.26388334E-5
2.47824000E+2	-5.27872054E-5
2.48456000E+2	-5.25878306E-5
2.49088000E+2	-5.26295483E-5
2.49720000E+2	-5.25182694E-5
2.50352000E+2	-5.25831821E-5
2.50984000E+2	-5.26341849E-5
2.51616000E+2	-5.26249646E-5
2.52248000E+2	-5.26574210E-5
2.52880000E+2	-5.27501535E-5
2.53512000E+2	-5.26574210E-5
2.54144000E+2	-5.25368687E-5
2.54776000E+2	-5.25461716E-5
2.55408000E+2	-5.24348925E-5
2.56040000E+2	-5.23885262E-5
2.56672000E+2	-5.25739914E-5
2.57304000E+2	-4.20581285E-5
2.57936000E+2	-4.19653959E-5
2.58568000E+2	-4.19700325E-5
2.59200000E+2	-4.20952216E-5
2.59832000E+2	-4.21230413E-5
2.60464000E+2	-4.18958229E-5
2.61096000E+2	-4.19375525E-5
2.61728000E+2	-4.19700089E-5
2.62360000E+2	-4.19329159E-5
2.62992000E+2	-4.19607166E-5
2.63624000E+2	-4.19607166E-5
2.64256000E+2	-4.19653532E-5
2.64888000E+2	-4.18818940E-5
2.65520000E+2	-4.20998154E-5
2.66152000E+2	-4.20905240E-5
2.66785000E+2	-4.20534310E-5
2.67417000E+2	-4.18818759E-5
2.68049000E+2	-4.19514253E-5
2.68681000E+2	-4.17706268E-5
2.69313000E+2	-4.17845366E-5
2.69945000E+2	-4.18262663E-5
2.70577000E+2	-4.18819058E-5
2.71209000E+2	-4.19050890E-5
2.71841000E+2	-4.17659927E-5
2.72473000E+2	-4.19653677E-5
2.73105000E+2	-4.19746410E-5
2.73737000E+2	-4.19143648E-5
2.74369000E+2	-4.18170605E-5
2.75001000E+2	-4.18263338E-5
2.75633000E+2	-4.18866100E-5
2.76265000E+2	-4.19376130E-5
2.76897000E+2	-4.20952533E-5
2.77529000E+2	-4.20117939E-5
2.78161000E+2	-4.19515176E-5
2.78791000E+2	-4.19700642E-5
2.79423000E+2	-4.18773315E-5
2.80055000E+2	-4.19699751E-5
2.80687000E+2	-4.19746117E-5
2.81319000E+2	-4.22899022E-5
2.81951000E+2	-4.19838850E-5
2.82584000E+2	-4.19746234E-5
2.83216000E+2	-4.19514403E-5
2.83848000E+2	-4.19236205E-5
2.84480000E+2	-4.20534461E-5
2.85112000E+2	-4.19699868E-5
2.85744000E+2	-4.20117638E-5
2.86376000E+2	-4.20024906E-5
2.87008000E+2	-4.19561243E-5
2.87640000E+2	-4.18773016E-5
2.88272000E+2	-4.19375851E-5
2.88904000E+2	-4.19607683E-5
2.89536000E+2	-4.19144020E-5
2.90168000E+2	-4.20766841E-5
2.90800000E+2	-4.19190386E-5
2.91432000E+2	-4.19607305E-5
2.92065000E+2	-4.19653671E-5
2.92697000E+2	-4.20024602E-5
2.93329000E+2	-4.19375474E-5
2.93961000E+2	-4.19560689E-5
2.94594000E+2	-4.18308800E-5
2.95223000E+2	-4.19560689E-5
2.95855000E+2	-4.18030603E-5
2.96487000E+2	-4.18262434E-5
2.97119000E+2	-4.19143326E-5
2.97751000E+2	-4.20534313E-5
2.98383000E+2	-4.20070651E-5
2.99015000E+2	-4.18633297E-5
2.99647000E+2	-4.19004559E-5
3.00279000E+2	-4.19560955E-5
3.00911000E+2	-4.19792786E-5
3.01543000E+2	-4.20210082E-5
3.02175000E+2	-4.20256449E-5
3.02807000E+2	-4.20071150E-5
3.03439000E+2	-4.19282923E-5
3.04071000E+2	-4.18541062E-5
3.04703000E+2	-4.18541062E-5
3.05335000E+2	-4.20488439E-5
3.05967000E+2	-4.19143816E-5
3.06599000E+2	-4.18680153E-5
3.07231000E+2	-4.19143816E-5
3.07863000E+2	-4.20349340E-5
3.08495000E+2	-4.19654157E-5
3.09127000E+2	-4.21740641E-5
3.09759000E+2	-4.21416077E-5
3.10391000E+2	-4.19190493E-5
3.11023000E+2	-4.19653925E-5
3.11655000E+2	-4.18912064E-5
3.12287000E+2	-4.19793023E-5
3.12920000E+2	-4.19932122E-5
3.13552000E+2	-4.19004796E-5
3.14184000E+2	-4.19375195E-5
3.14816000E+2	-4.18726068E-5
3.15448000E+2	-4.19375195E-5
3.16080000E+2	-4.17984208E-5
3.16712000E+2	-4.19514265E-5
3.17344000E+2	-4.19004237E-5
3.17976000E+2	-4.18957870E-5
3.18608000E+2	-4.19699730E-5
3.19240000E+2	-4.20812520E-5
3.19872000E+2	-4.20024160E-5
3.20504000E+2	-4.20209625E-5
3.21136000E+2	-4.20580555E-5
3.21768000E+2	-4.20255991E-5
3.22400000E+2	-4.19236287E-5
3.23032000E+2	-4.19746316E-5
3.23664000E+2	-4.18818991E-5
3.24296000E+2	-4.18958089E-5
3.24928000E+2	-4.19792682E-5
3.25560000E+2	-4.20024887E-5
3.26192000E+2	-4.19468491E-5
3.26824000E+2	-4.19932154E-5
3.27456000E+2	-4.20210352E-5
3.28088000E+2	-4.18633893E-5
3.28720000E+2	-4.20952208E-5
3.29352000E+2	-4.19561219E-5
3.29984000E+2	-4.20720376E-5
3.30616000E+2	-4.19190076E-5
3.31248000E+2	-4.19885571E-5
3.31854000E+2	-4.19190076E-5
3.32512000E+2	-4.20488332E-5
3.33144000E+2	-4.19839204E-5
3.33776000E+2	-4.19699667E-5
3.34408000E+2	-4.19096906E-5
3.35040000E+2	-4.19885132E-5
3.35672000E+2	-4.20209696E-5
3.36304000E+2	-4.19700085E-5
3.36936000E+2	-4.19839184E-5
3.37568000E+2	-4.20163748E-5
3.38200000E+2	-4.19190056E-5
3.38832000E+2	-4.18911858E-5
3.39464000E+2	-4.19468527E-5
3.40096000E+2	-4.19607626E-5
3.40728000E+2	-4.20210388E-5
3.41360000E+2	-4.20210388E-5
3.41992000E+2	-4.20025068E-5
3.42624000E+2	-4.19746870E-5
3.43256000E+2	-4.19144108E-5
3.43888000E+2	-4.18402247E-5
3.44520000E+2	-4.18634079E-5
3.45152000E+2	-4.20767054E-5
3.45784000E+2	-4.20210658E-5
3.46416000E+2	-4.19700628E-5
3.47048000E+2	-4.19097865E-5
3.47680000E+2	-4.19050954E-5
3.48312000E+2	-4.17799065E-5
3.48944000E+2	-4.18633658E-5
3.49576000E+2	-4.18819123E-5
3.50208000E+2	-4.17799065E-5
3.50840000E+2	-4.19329295E-5
3.51472000E+2	-4.18726533E-5
3.52104000E+2	-4.18077405E-5
3.52736000E+2	-4.20627551E-5
3.53368000E+2	-4.21972252E-5
3.54000000E+2	-4.19561204E-5
3.54633000E+2	-4.20256699E-5
3.55265000E+2	-4.19885768E-5
3.55897000E+2	-4.19793036E-5
3.56529000E+2	-4.19561307E-5
3.57161000E+2	-4.20488634E-5
3.57793000E+2	-4.19932238E-5
3.58425000E+2	-4.19793139E-5
3.59057000E+2	-4.19885704E-5
3.59689000E+2	-4.19097477E-5
3.60321000E+2	-4.18772913E-5
3.60953000E+2	-4.18077419E-5
3.61585000E+2	-4.18448349E-5
3.62217000E+2	-4.17474531E-5
3.62849000E+2	-4.18262758E-5
3.63481000E+2	-4.19375548E-5
3.64113000E+2	-4.19236450E-5
3.64745000E+2	-4.20442176E-5
3.65377000E+2	-4.21276770E-5
3.66009000E+2	-4.19190286E-5
3.66641000E+2	-4.19375751E-5
3.67273000E+2	-4.19746682E-5
3.67905000E+2	-4.19467922E-5
3.68537000E+2	-4.19467922E-5
3.69169000E+2	-4.19699754E-5
3.69801000E+2	-4.19467922E-5
3.70433000E+2	-4.19885126E-5
3.71065000E+2	-4.19977859E-5
3.71697000E+2	-4.20487887E-5
3.72329000E+2	-4.19421464E-5
3.72935000E+2	-4.19143266E-5
3.73593000E+2	-4.19281803E-5
3.74226000E+2	-4.21090084E-5
3.74858000E+2	-4.19838197E-5
3.75490000E+2	-4.19003606E-5
3.76122000E+2	-4.20301506E-5
3.76754000E+2	-4.19976944E-5
3.77386000E+2	-4.19003255E-5
3.78018000E+2	-4.17705003E-5
3.78650000E+2	-4.18818553E-5
3.79282000E+2	-4.18633088E-5
3.79914000E+2	-4.19143116E-5
3.80546000E+2	-4.19096750E-5
3.81178000E+2	-4.18911285E-5
3.81810000E+2	-4.19700516E-5
3.82442000E+2	-4.19236853E-5
3.83074000E+2	-4.20349645E-5
3.83706000E+2	-4.18819556E-5
3.84338000E+2	-4.18819005E-5
3.84970000E+2	-4.19282668E-5
3.85602000E+2	-4.18865371E-5
3.86234000E+2	-4.19468133E-5
3.86866000E+2	-4.19699964E-5
3.87498000E+2	-4.20023046E-5
3.88130000E+2	-4.19744849E-5
3.88762000E+2	-4.19188456E-5
3.89394000E+2	-4.18817527E-5
3.90026000E+2	-4.20116869E-5
3.90658000E+2	-4.19421376E-5
3.91290000E+2	-4.20255968E-5
3.91922000E+2	-4.18308587E-5
3.92554000E+2	-4.18957714E-5
3.93186000E+2	-4.19607316E-5
3.93818000E+2	-4.19978246E-5
3.94448000E+2	-4.21322868E-5
3.95080000E+2	-4.19143653E-5
3.95712000E+2	-4.20348458E-5
3.96344000E+2	-4.19282035E-5
3.96976000E+2	-4.18632909E-5
3.97608000E+2	-4.19189303E-5
3.98240000E+2	-4.19189303E-5
3.98872000E+2	-4.17798801E-5
3.99505000E+2	-4.18401563E-5
4.00138000E+2	-4.19375254E-5
4.00770000E+2	-4.20070748E-5
4.01402000E+2	-4.19515078E-5
4.02034000E+2	-4.18773217E-5
4.02666000E+2	-4.18773217E-5
4.03298000E+2	-4.20164207E-5
4.03930000E+2	-4.20535137E-5
4.04562000E+2	-4.20442128E-5
4.05194000E+2	-4.19051139E-5
4.05826000E+2	-4.20442128E-5
4.06458000E+2	-4.20813058E-5
4.07090000E+2	-4.20952229E-5
4.07722000E+2	-4.18494815E-5
4.08354000E+2	-4.19051210E-5
4.08986000E+2	-4.19653972E-5
4.09618000E+2	-4.19051210E-5
4.10250000E+2	-4.20164976E-5
4.10882000E+2	-4.19701312E-5
4.11514000E+2	-4.17753923E-5
4.12146000E+2	-4.19376747E-5
4.12776000E+2	-4.19052659E-5
4.13408000E+2	-4.18774460E-5
4.14040000E+2	-4.19423590E-5
4.14672000E+2	-4.20072721E-5
4.15304000E+2	-4.19330857E-5
4.15936000E+2	-4.19191343E-5
4.16569000E+2	-4.20165038E-5
4.17202000E+2	-4.19330443E-5
4.17834000E+2	-4.18866778E-5
4.18466000E+2	-4.19004991E-5
4.19098000E+2	-4.18773160E-5
4.19730000E+2	-4.20674179E-5
4.20362000E+2	-4.20164149E-5
4.20994000E+2	-4.20952377E-5
4.21626000E+2	-4.19004319E-5
4.22258000E+2	-4.20673504E-5
4.22890000E+2	-4.20812602E-5
4.23522000E+2	-4.20441672E-5
4.24154000E+2	-4.19931575E-5
4.24786000E+2	-4.20534337E-5
4.25418000E+2	-4.19514279E-5
4.26050000E+2	-4.18401489E-5
4.26682000E+2	-4.19561244E-5
4.27314000E+2	-4.19190314E-5
4.27946000E+2	-4.19051215E-5
4.28578000E+2	-4.19422145E-5
4.29210000E+2	-4.19051215E-5
4.29842000E+2	-4.18865883E-5
4.30474000E+2	7.79700681E-7
4.31106000E+2	8.44613531E-7
4.31738000E+2	8.77069956E-7
4.32370000E+2	8.16793943E-7
4.33002000E+2	7.98247434E-7
4.33634000E+2	8.26067198E-7
4.34266000E+2	7.37971280E-7
4.34898000E+2	6.96241634E-7
4.35530000E+2	7.84337625E-7
4.36162000E+2	7.37971367E-7
4.36794000E+2	6.26692348E-7
4.37426000E+2	7.51881245E-7
4.38058000E+2	6.12781783E-7
4.38664000E+2	7.47244163E-7
4.39322000E+2	7.65790698E-7
4.39955000E+2	8.90979810E-7
4.40586000E+2	6.49874853E-7
4.41218000E+2	7.33334465E-7
4.41850000E+2	5.89598924E-7
4.42482000E+2	8.39976964E-7
4.43114000E+2	7.88974030E-7
4.43746000E+2	7.19425057E-7
4.44378000E+2	7.10151812E-7
4.45010000E+2	6.82332075E-7
4.45642000E+2	6.86968698E-7
4.46274000E+2	6.91605321E-7
4.46906000E+2	8.12157465E-7
4.47538000E+2	9.09526565E-7
4.48170000E+2	8.30703960E-7
4.48802000E+2	7.56517980E-7
4.49434000E+2	6.03509730E-7
4.50066000E+2	5.20050570E-7
4.50698000E+2	5.89599870E-7
4.51330000E+2	6.49875930E-7
4.51962000E+2	6.12782970E-7
4.52594000E+2	5.52506734E-7
4.53226000E+2	5.33960247E-7
4.53858000E+2	5.80326465E-7
4.54490000E+2	8.02884309E-7
4.55122000E+2	7.42607682E-7
4.55754000E+2	6.73058215E-7
4.56386000E+2	7.10151264E-7
4.57018000E+2	7.88973994E-7
4.57650000E+2	7.75064100E-7
4.58282000E+2	-3.12084159E-5
4.58914000E+2	-3.12176892E-5
4.59546000E+2	-3.12084159E-5
4.60178000E+2	-3.12547822E-5
4.60810000E+2	-3.13706666E-5
4.61442000E+2	-3.13103905E-5
4.62074000E+2	-3.11991114E-5
4.62706000E+2	-3.12222946E-5
4.63338000E+2	-3.12083847E-5
4.63970000E+2	-3.12176765E-5
4.64602000E+2	-3.13706853E-5
4.65234000E+2	-3.12501330E-5
4.65866000E+2	-3.14309615E-5
4.66498000E+2	-3.11990790E-5
4.67130000E+2	-3.12964480E-5
4.67762000E+2	-3.12964480E-5
4.68394000E+2	-3.12222621E-5
4.69026000E+2	-3.11388029E-5
4.69658000E+2	-3.11480877E-5
4.70290000E+2	-3.12732766E-5
4.70922000E+2	-3.13150062E-5
4.71554000E+2	-3.13381893E-5
4.72186000E+2	-3.12779839E-5
4.72818000E+2	-3.14309928E-5
4.73450000E+2	-3.12779839E-5
4.74082000E+2	-3.13150770E-5
4.74714000E+2	-3.12872572E-5
4.75346000E+2	-3.12872375E-5
4.75978000E+2	-3.13150572E-5
4.76610000E+2	-3.12686909E-5
4.77242000E+2	-3.11759583E-5
4.77874000E+2	-3.12037458E-5
4.78507000E+2	-3.11805627E-5
4.79139000E+2	-3.12918417E-5
4.79771000E+2	-3.12501121E-5
4.80403000E+2	-3.13057599E-5
4.81035000E+2	-3.13196698E-5
4.81667000E+2	-3.14494954E-5
4.82299000E+2	-3.13382163E-5
4.82931000E+2	-3.12918500E-5
4.83563000E+2	-3.12177141E-5
4.84195000E+2	-3.12455339E-5
4.84827000E+2	-3.13104468E-5
4.85459000E+2	-3.11249814E-5
4.86091000E+2	-3.12362706E-5
4.86723000E+2	-3.12965469E-5
4.87355000E+2	-3.12501805E-5
4.87987000E+2	-3.13011835E-5
4.88619000E+2	-3.13382766E-5
4.89251000E+2	-3.12548031E-5
4.89883000E+2	-3.12177100E-5
4.90515000E+2	-3.12084367E-5
4.91147000E+2	-3.12408932E-5
4.91779000E+2	-3.12733566E-5
4.92411000E+2	-3.13150863E-5
4.93043000E+2	-3.12826299E-5
4.93675000E+2	-3.13197230E-5
4.94307000E+2	-3.13846359E-5
4.94939000E+2	-3.11898822E-5
4.95571000E+2	-3.11945189E-5
4.96203000E+2	-3.13150713E-5
4.96835000E+2	-3.12084288E-5
4.97467000E+2	-3.12640516E-5
4.98099000E+2	-3.12779615E-5
4.98731000E+2	-3.12084121E-5
4.99363000E+2	-3.12037754E-5
4.99995000E+2	-3.12269586E-5
5.00627000E+2	-3.12547256E-5
5.01259000E+2	-3.12176326E-5
5.01891000E+2	-3.11851763E-5
5.02523000E+2	-3.12825453E-5
5.03155000E+2	-3.12964610E-5
5.03787000E+2	-3.13242807E-5
5.04419000E+2	-3.12408215E-5
5.05051000E+2	-3.13381906E-5
5.05683000E+2	-3.13289173E-5
5.06315000E+2	-3.13289464E-5
5.06947000E+2	-3.12315772E-5
5.07579000E+2	-3.12547603E-5
5.08212000E+2	-3.12779435E-5
5.08845000E+2	-3.13011229E-5
5.09477000E+2	-3.11944805E-5
5.10107000E+2	-3.12640299E-5
5.10739000E+2	-3.12640299E-5
5.11371000E+2	-3.11481142E-5
5.12003000E+2	-3.12223230E-5
5.12635000E+2	-3.12872358E-5
5.13267000E+2	-3.13057823E-5
5.13899000E+2	-3.12733259E-5
5.14531000E+2	-3.12130259E-5
5.15163000E+2	-3.13011218E-5
5.15795000E+2	-3.13613979E-5
5.16427000E+2	-3.12825753E-5
5.17059000E+2	-3.13984910E-5
5.17691000E+2	-3.12733064E-5
5.18323000E+2	-3.13011261E-5
5.18955000E+2	-3.13057627E-5
5.19587000E+2	-3.12779430E-5
5.20219000E+2	-3.12733385E-5
5.20851000E+2	-3.11852425E-5
5.21483000E+2	-3.13104316E-5
5.22115000E+2	-3.12362455E-5
5.22747000E+2	-3.11852425E-5
5.23379000E+2	-3.12269653E-5
5.24011000E+2	-3.11759623E-5
5.24643000E+2	-3.12733316E-5
5.25275000E+2	-3.11481425E-5
5.25907000E+2	-3.12130423E-5
5.26539000E+2	-3.12872284E-5
5.27171000E+2	-3.12594086E-5
5.27803000E+2	-3.12037691E-5
5.28435000E+2	-3.12501353E-5
5.29067000E+2	-3.12269629E-5
5.29699000E+2	-3.13243322E-5
5.30332000E+2	-3.13475153E-5
5.30964000E+2	-3.14217014E-5
5.31596000E+2	-3.13011797E-5
5.32228000E+2	-3.12316302E-5
5.32860000E+2	-3.12223569E-5
5.33492000E+2	-3.14124590E-5
5.34124000E+2	-3.12918901E-5
5.34756000E+2	-3.14124426E-5
5.35388000E+2	-3.13614396E-5
5.36020000E+2	-3.13707129E-5
5.36652000E+2	-3.13892594E-5
5.37284000E+2	-3.13706438E-5
5.37916000E+2	-3.14077368E-5
5.38548000E+2	-3.13381874E-5
5.39180000E+2	-3.13520973E-5
5.39812000E+2	-3.14633659E-5
5.40444000E+2	-3.14494560E-5
5.41076000E+2	-3.13984532E-5
5.41708000E+2	-3.12593545E-5
5.42340000E+2	-3.12222616E-5
5.42972000E+2	-3.12825962E-5
5.43604000E+2	-3.13196892E-5
5.44236000E+2	-3.14958812E-5
5.44868000E+2	-3.13335991E-5
5.45500000E+2	-3.12918442E-5
5.46132000E+2	-3.12362047E-5
5.46764000E+2	-3.13938500E-5
5.47396000E+2	-3.13845768E-5
5.48028000E+2	-3.13382105E-5
5.48660000E+2	-3.12594017E-5
5.49292000E+2	-3.12918581E-5
5.49924000E+2	-3.13845907E-5
5.50556000E+2	-3.13011314E-5
5.51188000E+2	-3.13336266E-5
5.51820000E+2	-3.12501671E-5
5.52452000E+2	-3.13243533E-5
5.53084000E+2	-3.12408939E-5
5.53716000E+2	-3.12501671E-5
5.54346000E+2	-3.13011365E-5
5.54976000E+2	-3.11620377E-5
5.55609000E+2	-3.12640435E-5
5.56241000E+2	-3.13011365E-5
5.56873000E+2	-3.11898430E-5
5.57505000E+2	-3.13196686E-5
5.58137000E+2	-3.12269360E-5
5.58769000E+2	-3.12083895E-5
5.59401000E+2	-3.12733023E-5
5.60033000E+2	-3.13845859E-5
5.60665000E+2	-3.11573911E-5
5.61297000E+2	-3.12176673E-5
5.61929000E+2	-3.12269405E-5
5.62561000E+2	-3.13197002E-5
5.63193000E+2	-3.12686972E-5
5.63825000E+2	-3.12733338E-5
5.64457000E+2	-3.14170694E-5
5.65089000E+2	-3.12316042E-5
5.65721000E+2	-3.12316344E-5
5.66353000E+2	-3.12919107E-5
5.66985000E+2	-3.12687275E-5
5.67617000E+2	-3.13243671E-5
5.68249000E+2	-3.13243789E-5
5.68881000E+2	-3.13429255E-5
5.69513000E+2	-3.12780125E-5
5.70145000E+2	-3.13475621E-5
5.70777000E+2	-3.12548293E-5
5.71409000E+2	-3.11944830E-5
5.72041000E+2	-3.12872155E-5
5.72673000E+2	-3.13753114E-5
5.73306000E+2	-3.14541341E-5
5.73938000E+2	-3.13242819E-5
5.74570000E+2	-3.12871889E-5
5.75202000E+2	-3.12408227E-5
5.75834000E+2	-3.12732790E-5
5.76466000E+2	-3.13010988E-5
5.77098000E+2	-3.13057573E-5
5.77730000E+2	-3.13103939E-5
5.78362000E+2	-3.12779375E-5
5.78994000E+2	-3.12872108E-5
5.79626000E+2	-3.12733092E-5
5.80258000E+2	-3.14680476E-5
5.80890000E+2	-3.13984982E-5
5.81522000E+2	-3.13335854E-5
5.82154000E+2	-3.13104022E-5
5.82786000E+2	-3.13845869E-5
5.83418000E+2	-3.13011276E-5
5.84051000E+2	-3.13243108E-5
5.84683000E+2	-3.13196742E-5
5.85315000E+2	-3.14355963E-5
5.85947000E+2	-3.13799567E-5
5.86579000E+2	-3.12686776E-5
5.87211000E+2	-3.13011340E-5
5.87843000E+2	-3.13150279E-5
5.88475000E+2	-3.13892139E-5
5.89107000E+2	-3.13660308E-5
5.89739000E+2	-3.13984871E-5
5.90371000E+2	-3.11527459E-5
5.91003000E+2	-3.12871767E-5
5.91635000E+2	-3.11712612E-5
5.92267000E+2	-3.12593570E-5
5.92899000E+2	-3.13381796E-5
5.93531000E+2	-3.13011108E-5
5.94163000E+2	-3.12686544E-5
5.94795000E+2	-3.13892067E-5
5.95427000E+2	-3.13521137E-5
5.96059000E+2	-3.14494828E-5
5.96691000E+2	-3.12501150E-5
5.97323000E+2	-3.12593883E-5
5.97955000E+2	-3.13196644E-5
5.98587000E+2	-3.12315685E-5
5.99219000E+2	-3.12176573E-5
5.99851000E+2	-3.13428463E-5
6.00483000E+2	-3.14077590E-5
6.01115000E+2	-3.15051282E-5
6.01747000E+2	-3.14494887E-5
6.02379000E+2	-3.13242633E-5
6.03011000E+2	-3.13288999E-5
6.03643000E+2	-3.13984492E-5
6.04275000E+2	-3.13891760E-5
6.04907000E+2	-3.13381819E-5
6.05539000E+2	-3.12779058E-5
6.06171000E+2	-3.12918157E-5
6.06803000E+2	-3.13242721E-5
6.07435000E+2	-3.13474552E-5
6.08067000E+2	-3.13613958E-5
6.08699000E+2	-3.13706690E-5
6.09331000E+2	-3.13335760E-5
6.09963000E+2	-3.13150295E-5
6.10595000E+2	-3.12964752E-5
6.11227000E+2	-3.12918386E-5
6.11859000E+2	-3.12501090E-5
6.12491000E+2	-3.12964752E-5
6.13123000E+2	-3.14494839E-5
6.13755000E+2	-3.13845944E-5
6.14387000E+2	-3.13985043E-5
6.15019000E+2	-3.13428648E-5
6.15651000E+2	-3.12964985E-5
6.16283000E+2	-3.14217531E-5
6.16915000E+2	-3.13151105E-5
6.17547000E+2	-3.12826540E-5
6.18179000E+2	-3.11574647E-5
6.18811000E+2	-3.12641074E-5
6.19443000E+2	-3.14356410E-5
6.20075000E+2	-3.13939113E-5
6.20707000E+2	-3.13197252E-5
6.21339000E+2	-3.13568182E-5
6.21971000E+2	-3.12130586E-5
6.22603000E+2	-3.13057913E-5
6.23235000E+2	-3.13243378E-5
6.23867000E+2	-3.11620557E-5
6.24499000E+2	-3.12918814E-5
6.25131000E+2	-3.12733297E-5
6.25763000E+2	-3.12872396E-5
6.26395000E+2	-3.11574139E-5
6.27027000E+2	-3.13243326E-5
6.27659000E+2	-3.13892176E-5
6.28292000E+2	-3.14170373E-5
6.28923000E+2	-3.14263106E-5
6.29555000E+2	-3.13289414E-5
6.30187000E+2	-3.11666595E-5
6.30819000E+2	-3.12315762E-5
6.31451000E+2	-3.11991198E-5
6.32083000E+2	-3.12083931E-5
6.32715000E+2	-3.13474919E-5
6.33347000E+2	-3.13799413E-5
6.33979000E+2	-3.13289384E-5
6.34611000E+2	-3.14958569E-5
6.35243000E+2	-3.14309442E-5
6.35875000E+2	-3.14216920E-5
6.36507000E+2	-3.13428693E-5
6.37139000E+2	-3.12918663E-5
6.37771000E+2	-3.12779564E-5
6.38403000E+2	-3.12547733E-5
6.39035000E+2	-3.12825764E-5
6.39667000E+2	-3.12686665E-5
6.40299000E+2	-3.12733031E-5
6.40931000E+2	-3.13150327E-5
6.41563000E+2	-3.12872180E-5
6.42195000E+2	-3.11898488E-5
6.42827000E+2	-3.12779448E-5
6.43459000E+2	-3.12501250E-5
6.44091000E+2	-3.12640349E-5
6.44723000E+2	-3.13150547E-5
6.45355000E+2	-3.13475111E-5
6.45987000E+2	-3.13475111E-5
6.46619000E+2	-3.13614210E-5
6.47251000E+2	-3.12408750E-5
6.47883000E+2	-3.12779681E-5
6.48515000E+2	-3.12640582E-5
6.49147000E+2	-3.13799740E-5
6.49779000E+2	-3.13799740E-5
6.50411000E+2	-3.13011582E-5
6.51043000E+2	-2.06739970E-5
6.51675000E+2	-2.07296366E-5
6.52307000E+2	-2.08687355E-5
6.52939000E+2	-2.07064307E-5
6.53571000E+2	-2.05348755E-5
6.54203000E+2	-2.05997882E-5
6.54835000E+2	-2.06368813E-5
6.55467000E+2	-2.07342504E-5
6.56099000E+2	-2.07435123E-5
6.56731000E+2	-2.07296024E-5
6.57363000E+2	-2.07342390E-5
6.57995000E+2	-2.07435123E-5
6.58627000E+2	-2.06554575E-5
6.59259000E+2	-2.05349050E-5
6.59891000E+2	-2.04421723E-5
6.60523000E+2	-2.04885387E-5
6.61155000E+2	-2.06600941E-5
6.61787000E+2	-2.05534420E-5
6.62419000E+2	-2.05812618E-5
6.63051000E+2	-2.06786311E-5
6.63683000E+2	-2.06879044E-5
6.64315000E+2	-2.06368775E-5
6.64947000E+2	-2.05997845E-5
6.65579000E+2	-2.06600607E-5
6.66211000E+2	-2.07017903E-5
6.66843000E+2	-2.06461508E-5
6.67475000E+2	-2.07574711E-5
6.68107000E+2	-2.07203780E-5
6.68739000E+2	-2.07342879E-5
6.69371000E+2	-2.06322819E-5
6.70003000E+2	-2.05488483E-5
6.70635000E+2	-2.05813047E-5
6.71267000E+2	-2.06137612E-5
6.71899000E+2	-2.05905780E-5
6.72531000E+2	-2.05303017E-5
6.73163000E+2	-2.06322557E-5
6.73795000E+2	-2.06183458E-5
6.74427000E+2	-2.05997993E-5
6.75059000E+2	-2.07157151E-5
6.75691000E+2	-2.06090204E-5
6.76323000E+2	-2.06971162E-5
6.76955000E+2	-2.05858373E-5
6.77587000E+2	-2.07388457E-5
6.78219000E+2	-2.06507500E-5
6.78851000E+2	-2.06275756E-5
6.79483000E+2	-2.06322122E-5
6.80115000E+2	-2.05858460E-5
6.80747000E+2	-2.06368488E-5
6.81379000E+2	-2.05348589E-5
6.82011000E+2	-2.06461379E-5
6.82643000E+2	-2.06368647E-5
6.83275000E+2	-2.07203239E-5
6.83907000E+2	-2.04792194E-5
6.84539000E+2	-2.05951635E-5
6.85171000E+2	-2.06276199E-5
6.85803000E+2	-2.06693495E-5
6.86435000E+2	-2.05766169E-5
6.87067000E+2	-2.05812468E-5
6.87699000E+2	-2.06090665E-5
6.88331000E+2	-2.07296189E-5
6.88963000E+2	-2.07481654E-5
6.89595000E+2	-2.06461577E-5
6.90227000E+2	-2.06878874E-5
6.90859000E+2	-2.04746025E-5
6.91491000E+2	-2.04699658E-5
6.92123000E+2	-2.05766083E-5
6.92755000E+2	-2.06090877E-5
6.93387000E+2	-2.06461808E-5
6.94019000E+2	-2.06183610E-5
6.94651000E+2	-2.05488115E-5
6.95283000E+2	-2.04932244E-5
6.95915000E+2	-2.06647802E-5
6.96547000E+2	-2.07575131E-5
6.97179000E+2	-2.05164076E-5
6.97811000E+2	-2.06091405E-5
6.98443000E+2	-2.05766649E-5
6.99075000E+2	-2.07111275E-5
6.99707000E+2	-2.06183946E-5
7.00339000E+2	-2.07343107E-5
7.00971000E+2	-2.07388957E-5
7.01603000E+2	-2.05766137E-5
7.02235000E+2	-2.05580672E-5
7.02867000E+2	-2.04746079E-5
7.03499000E+2	-2.04885177E-5
7.04131000E+2	-2.06647426E-5
7.04763000E+2	-2.05534633E-5
7.05395000E+2	-2.05488267E-5
7.06027000E+2	-2.04839138E-5
7.06659000E+2	-2.05720046E-5
7.07291000E+2	-2.04375422E-5
7.07923000E+2	-2.06461908E-5
7.08555000E+2	-2.07111037E-5
7.09187000E+2	-2.07018304E-5
7.09819000E+2	-2.06971508E-5
7.10451000E+2	-2.06229648E-5
7.11083000E+2	-2.07388805E-5
7.11715000E+2	-2.06368747E-5
7.12347000E+2	-2.07156983E-5
7.12979000E+2	-2.06229658E-5
7.13611000E+2	-2.06229658E-5
7.14243000E+2	-2.05024135E-5
7.14875000E+2	-2.03818612E-5
7.15507000E+2	-2.05951610E-5
7.16139000E+2	-2.05070651E-5
7.16771000E+2	-2.06229808E-5
7.17403000E+2	-2.06739837E-5
7.18035000E+2	-2.06368785E-5
7.18667000E+2	-2.05626925E-5
7.19299000E+2	-2.06554250E-5
7.19931000E+2	-2.05487826E-5
7.20563000E+2	-2.03911373E-5
7.21195000E+2	-2.05951472E-5
7.21827000E+2	-2.05441443E-5
7.22459000E+2	-2.05487810E-5
7.23091000E+2	-2.05626908E-5
7.23723000E+2	-2.07666832E-5
7.24355000E+2	-2.06507677E-5
7.24987000E+2	-2.05765817E-5
7.25619000E+2	-2.06275846E-5
7.26251000E+2	-2.05209422E-5
7.26883000E+2	-2.05487722E-5
7.27515000E+2	-2.05534088E-5
7.28147000E+2	-2.06368681E-5
7.28779000E+2	-2.06693244E-5
7.29411000E+2	-2.05719829E-5
7.30043000E+2	-2.07852679E-5
7.30675000E+2	-2.07528115E-5
7.31307000E+2	-2.04885236E-5
7.31939000E+2	-2.05580730E-5
7.32571000E+2	-2.04792528E-5
7.33203000E+2	-2.04514330E-5
7.33835000E+2	-2.04560697E-5
7.34441000E+2	-2.06368983E-5
7.35099000E+2	-2.06647012E-5
7.35731000E+2	-2.06415181E-5
7.36363000E+2	-2.06229716E-5
7.36995000E+2	-2.07249774E-5
7.37627000E+2	-2.05580588E-5
7.38259000E+2	-2.06136671E-5
7.38891000E+2	-2.05394812E-5
7.39523000E+2	-2.06183038E-5
7.40155000E+2	-2.06878531E-5
7.40785000E+2	-2.06368843E-5
7.41417000E+2	-2.06693407E-5
7.42049000E+2	-2.06600675E-5
7.42681000E+2	-2.06878873E-5
7.43313000E+2	-2.06322641E-5
7.43945000E+2	-2.05998077E-5
7.44577000E+2	-2.06508107E-5
7.45209000E+2	-2.07620898E-5
7.45842000E+2	-2.05998077E-5
7.46473000E+2	-2.05070515E-5
7.47105000E+2	-2.05858741E-5
7.47737000E+2	-2.06832433E-5
7.48369000E+2	-2.06415137E-5
7.49001000E+2	-2.07249892E-5
7.49633000E+2	-2.06739863E-5
7.50265000E+2	-2.06090735E-5
7.50897000E+2	-2.06137101E-5
7.51529000E+2	-2.06090735E-5
7.52161000E+2	-2.05905263E-5
7.52793000E+2	-2.07110786E-5
7.53425000E+2	-2.07435351E-5
7.54057000E+2	-2.06647123E-5
7.54689000E+2	-9.88453469E-6
7.55321000E+2	-9.90771781E-6
7.55953000E+2	-9.89844456E-6
7.56585000E+2	-1.00746363E-5
7.57217000E+2	-1.01580955E-5
7.57849000E+2	-1.00050808E-5
7.58482000E+2	-9.94480475E-6
7.59114000E+2	-9.89843853E-6
7.59746000E+2	-9.91234840E-6
7.60378000E+2	-9.87991325E-6
7.61010000E+2	-9.94946271E-6
7.61642000E+2	-1.00190122E-5
7.62274000E+2	-9.95409934E-6
7.62906000E+2	-1.00051023E-5
7.63538000E+2	-1.00329204E-5
7.64170000E+2	-9.98655414E-6
7.64802000E+2	-9.96800762E-6
7.65434000E+2	-1.00746501E-5
7.66066000E+2	-9.95409277E-6
7.66698000E+2	-9.87990673E-6
7.67330000E+2	-9.95409277E-6
7.67962000E+2	-9.95872940E-6
7.68594000E+2	-9.91236312E-6
7.69226000E+2	-9.81963638E-6
7.69858000E+2	-9.84281954E-6
7.70490000E+2	-9.87527595E-6
7.71122000E+2	-9.99119171E-6
7.71754000E+2	-9.95873301E-6
7.72386000E+2	-9.98655279E-6
7.73018000E+2	-9.97264290E-6
7.73650000E+2	-9.82427076E-6
7.74282000E+2	-1.00050993E-5
7.74914000E+2	-9.97728109E-6
7.75546000E+2	-9.93091478E-6
7.76178000E+2	-9.91700489E-6
7.76810000E+2	-1.00514672E-5
7.77442000E+2	-9.98656382E-6
7.78074000E+2	-9.96338065E-6
7.78706000E+2	-9.91237767E-6
7.79338000E+2	-9.98656382E-6
7.79970000E+2	-9.94019748E-6
7.80602000E+2	-9.98656164E-6
7.81234000E+2	-9.94946857E-6
7.81866000E+2	-9.86137254E-6
7.82499000E+2	-9.92628541E-6
7.83131000E+2	-9.88454011E-6
7.83763000E+2	-9.89844999E-6
7.84395000E+2	-9.99118252E-6
7.85027000E+2	-1.00236389E-5
7.85659000E+2	-9.82890059E-6
7.86291000E+2	-9.97727676E-6
7.86923000E+2	-9.90309070E-6
7.87555000E+2	-9.98191338E-6
7.88187000E+2	-9.97264013E-6
7.88819000E+2	-9.99118801E-6
7.89451000E+2	-1.00143712E-5
7.90083000E+2	-9.96336823E-6
7.90715000E+2	-9.97264149E-6
7.91347000E+2	-1.00143712E-5
7.91979000E+2	-9.96801149E-6
7.92611000E+2	-9.91237191E-6
7.93243000E+2	-9.99119464E-6
7.93875000E+2	-9.84745906E-6
7.94507000E+2	-9.93555995E-6
7.95139000E+2	-9.90310351E-6
7.95771000E+2	-9.99119955E-6
7.96403000E+2	-1.00468392E-5
7.97035000E+2	-9.80109757E-6
7.97667000E+2	-9.96336536E-6
7.98299000E+2	-9.76862700E-6
7.98931000E+2	-9.87526944E-6
7.99562000E+2	-9.86135956E-6
8.00194000E+2	-9.88917786E-6
8.00826000E+2	-9.94945401E-6
8.01458000E+2	-9.93554413E-6
8.02090000E+2	-9.98191040E-6
8.02722000E+2	-9.93091637E-6
8.03354000E+2	-9.91700648E-6
8.03986000E+2	-9.94018963E-6
8.04618000E+2	-1.00097391E-5
8.05250000E+2	-9.89382333E-6
8.05882000E+2	-9.99120385E-6
8.06514000E+2	-9.93556422E-6
8.07146000E+2	-9.88919787E-6
8.07778000E+2	-1.00004771E-5
8.08410000E+2	-9.98192993E-6
8.09042000E+2	-9.85674078E-6
8.09674000E+2	-9.91701704E-6
8.10306000E+2	-1.00700260E-5
8.10938000E+2	-9.96802003E-6
8.11570000E+2	-9.90309341E-6
8.12202000E+2	-9.89382015E-6
8.12834000E+2	-9.84745386E-6
8.13466000E+2	-9.88918352E-6
8.14098000E+2	-9.83817061E-6
8.14730000E+2	-9.91699324E-6
8.15362000E+2	-9.91699324E-6
8.15994000E+2	-9.89381011E-6
8.16626000E+2	-9.88917349E-6
8.17258000E+2	-9.94944763E-6
8.17890000E+2	-9.88453489E-6
8.18522000E+2	-1.00050871E-5
8.19155000E+2	-9.96335751E-6
8.19787000E+2	-9.82426298E-6
8.20419000E+2	-1.00143646E-5
8.21051000E+2	-1.00190013E-5
8.21684000E+2	-9.96799839E-6
8.22316000E+2	-9.91699550E-6
8.22948000E+2	-9.85207802E-6
8.23580000E+2	-9.83353152E-6
8.24212000E+2	-9.87062452E-6
8.24844000E+2	-1.00004500E-5
8.25476000E+2	-9.91236875E-6
8.26108000E+2	-9.90309549E-6
8.26740000E+2	-9.94018854E-6
8.27372000E+2	-9.93555191E-6
8.28004000E+2	-9.98655484E-6
8.28636000E+2	-9.88919198E-6
8.29268000E+2	-1.00051078E-5
8.29900000E+2	-9.92164841E-6
8.30532000E+2	-1.00004712E-5
8.31164000E+2	-9.83817667E-6
8.31796000E+2	-9.95409236E-6
8.32428000E+2	-9.94018248E-6
8.33060000E+2	-1.00607348E-5
8.33692000E+2	-9.99582201E-6
8.34324000E+2	-9.90772204E-6
8.34956000E+2	-9.86599241E-6
8.35588000E+2	-9.85671915E-6
8.36220000E+2	-9.90772204E-6
8.36852000E+2	-9.74544290E-6
8.37484000E+2	-9.86599520E-6
8.38116000E+2	-9.86135858E-6
8.38748000E+2	-9.86599520E-6
8.39380000E+2	-1.00329138E-5
8.40012000E+2	-1.01442014E-5
8.40644000E+2	-1.00421955E-5
8.41276000E+2	-9.83354715E-6
8.41908000E+2	-9.90773324E-6
8.42540000E+2	-9.79646595E-6
8.43172000E+2	-9.70373324E-6
8.43804000E+2	-9.90774521E-6
8.44436000E+2	-9.87992540E-6
8.45068000E+2	-9.95874821E-6
8.45700000E+2	-9.96803043E-6
8.46332000E+2	-9.97266707E-6
8.46964000E+2	-9.98657699E-6
8.47596000E+2	-1.00653999E-5
8.48228000E+2	-9.98192318E-6
8.48860000E+2	-9.90310043E-6
8.49492000E+2	-9.89846379E-6
8.50124000E+2	-9.86137073E-6
8.50756000E+2	-9.99583307E-6
8.51388000E+2	-9.86597859E-6
8.52020000E+2	-1.01117195E-5
8.52652000E+2	-1.00282603E-5
8.53284000E+2	-1.00328969E-5
8.53916000E+2	-9.98653969E-6
8.54548000E+2	-9.83353110E-6
8.55180000E+2	-9.92162695E-6
8.55812000E+2	-9.92162695E-6
8.56442000E+2	-9.93090020E-6
8.57074000E+2	-9.98193435E-6
8.57706000E+2	-9.84747187E-6
8.58338000E+2	-9.80574214E-6
8.58970000E+2	-9.96338780E-6
8.59602000E+2	-9.95873645E-6
8.60234000E+2	-9.89846025E-6
8.60866000E+2	-1.00190126E-5
8.61498000E+2	-9.83354741E-6
8.62130000E+2	-9.87991372E-6
8.62762000E+2	-9.92625979E-6
8.63394000E+2	-9.96798939E-6
8.64026000E+2	-9.94944291E-6
8.64658000E+2	-9.91698655E-6
8.65290000E+2	-9.92627025E-6
8.65923000E+2	-9.95872663E-6
8.66555000E+2	-9.83353771E-6
8.67187000E+2	-9.87063073E-6
8.67819000E+2	-9.98654640E-6
8.68451000E+2	-1.00421778E-5
8.69083000E+2	-9.99581158E-6
8.69715000E+2	-1.00514511E-5
8.70347000E+2	6.49875666E-7
8.70979000E+2	7.28698047E-7
8.71611000E+2	7.28698047E-7
8.72243000E+2	6.77695151E-7
8.72875000E+2	7.79700943E-7
8.73507000E+2	9.51256139E-7
8.74139000E+2	8.16793577E-7
8.74771000E+2	7.79700490E-7
8.75403000E+2	7.84337126E-7
8.76035000E+2	7.75063854E-7
8.76668000E+2	6.91604728E-7
8.77300000E+2	7.33334410E-7
8.77932000E+2	7.70427460E-7
8.78564000E+2	6.82331465E-7
8.79196000E+2	7.56517566E-7
8.79828000E+2	8.53886957E-7
8.80460000E+2	6.86968370E-7
8.81092000E+2	6.91604997E-7
8.81724000E+2	7.28698016E-7
8.82356000E+2	7.33334460E-7
8.82988000E+2	8.95616527E-7
8.83620000E+2	8.44613592E-7
8.84252000E+2	6.73058264E-7
8.84884000E+2	6.96241417E-7
8.85516000E+2	6.12781621E-7
8.86148000E+2	6.54511342E-7
8.86780000E+2	8.44613404E-7
8.87412000E+2	7.47244055E-7
8.88044000E+2	7.70427391E-7
8.88676000E+2	7.79700657E-7
8.89308000E+2	7.19424432E-7
8.89940000E+2	6.73058106E-7
8.90572000E+2	6.96241230E-7
8.91204000E+2	6.22055098E-7
8.91836000E+2	7.88973894E-7
8.92468000E+2	7.75063994E-7
8.93100000E+2	7.65790728E-7
8.93732000E+2	7.79700537E-7
8.94364000E+2	7.10151011E-7
8.94996000E+2	7.28697552E-7
8.95627000E+2	8.16793617E-7
8.96259000E+2	7.98247179E-7
8.96891000E+2	8.44613507E-7
8.97523000E+2	7.93610546E-7
8.98155000E+2	7.28697686E-7
8.98787000E+2	7.65790749E-7
8.99419000E+2	8.35340131E-7
9.00051000E+2	7.19424238E-7
9.00683000E+2	7.33334145E-7
9.01315000E+2	6.59147973E-7
9.01947000E+2	8.67796546E-7
9.02579000E+2	7.93610356E-7
9.03211000E+2	7.98246993E-7
9.03843000E+2	7.05514256E-7
9.04475000E+2	6.91604345E-7
9.05107000E+2	6.68421378E-7
9.05739000E+2	7.10151084E-7
9.06371000E+2	6.96241182E-7
9.07003000E+2	7.14787718E-7
9.07635000E+2	8.58523395E-7
9.08267000E+2	6.45238271E-7
9.08899000E+2	7.37970933E-7
9.09531000E+2	9.00253093E-7
9.10163000E+2	8.44613496E-7
9.10795000E+2	9.55892699E-7
9.11427000E+2	8.30703621E-7
9.12059000E+2	7.88973929E-7
9.12691000E+2	8.49250151E-7
9.13323000E+2	8.95616569E-7
9.13955000E+2	7.47244448E-7
9.14587000E+2	7.05514789E-7
9.15219000E+2	6.22055471E-7
9.15851000E+2	7.05514789E-7
9.16483000E+2	7.28697458E-7
9.17115000E+2	6.03508270E-7
9.17747000E+2	8.07520279E-7
9.18379000E+2	8.39976735E-7
9.19011000E+2	7.98246958E-7
9.19643000E+2	7.37970668E-7
9.20275000E+2	8.26066783E-7
9.20907000E+2	7.37970668E-7
9.21539000E+2	8.72433160E-7
9.22171000E+2	7.75064447E-7
9.22803000E+2	7.37971453E-7
9.23435000E+2	7.42608077E-7
9.24067000E+2	5.66416353E-7
9.24699000E+2	5.98872588E-7
9.25331000E+2	6.22055717E-7
9.25963000E+2	7.56517867E-7
9.26595000E+2	9.09526520E-7
9.27227000E+2	7.14788234E-7
9.27859000E+2	8.12157415E-7
9.28491000E+2	7.75064415E-7
9.29123000E+2	7.70427790E-7
9.29755000E+2	7.61154540E-7
9.30387000E+2	7.65791429E-7
9.31019000E+2	6.86968889E-7
9.31651000E+2	5.66416769E-7
9.32283000E+2	5.94236489E-7
9.32915000E+2	5.89599869E-7
9.33547000E+2	6.68422232E-7
9.34179000E+2	8.02884281E-7
9.34811000E+2	1.00689567E-6
9.35443000E+2	9.18799841E-7
9.36075000E+2	9.09526604E-7
9.36707000E+2	8.72433628E-7
9.37339000E+2	9.55892824E-7
9.37971000E+2	8.58523762E-7
9.38603000E+2	7.19425101E-7
9.39235000E+2	7.33334549E-7
9.39867000E+2	6.86968260E-7
9.40499000E+2	5.61779277E-7
9.41131000E+2	7.42607807E-7
9.41763000E+2	5.89598341E-7
9.42395000E+2	6.82331077E-7
9.43028000E+2	7.00877624E-7
9.43659000E+2	8.30703454E-7
9.44291000E+2	8.81706625E-7
9.44923000E+2	7.75064115E-7
9.45555000E+2	7.24061176E-7
9.46187000E+2	7.42607699E-7
9.46819000E+2	7.75064115E-7
9.47451000E+2	7.70427688E-7
9.48083000E+2	8.44613719E-7
9.48715000E+2	7.84337569E-7
9.49347000E+2	7.61154435E-7
9.49979000E+2	7.24061387E-7
9.50611000E+2	7.79700916E-7
9.51243000E+2	8.35340446E-7
9.51875000E+2	9.04889857E-7
9.52507000E+2	7.28698015E-7
9.53139000E+2	8.21430613E-7
9.53771000E+2	9.18799764E-7
9.54403000E+2	7.79700977E-7
9.55035000E+2	6.86968452E-7
9.55667000E+2	7.33334780E-7
9.56299000E+2	7.98247532E-7
9.56931000E+2	7.19424905E-7
9.57563000E+2	6.91605154E-7
9.58195000E+2	7.79701032E-7
9.58828000E+2	6.40601885E-7
9.59460000E+2	6.08145474E-7
9.60092000E+2	6.73058295E-7
9.60724000E+2	7.33334486E-7
9.61356000E+2	8.26066881E-7
9.61988000E+2	7.24060907E-7
9.62620000E+2	6.82331190E-7
9.63252000E+2	7.00877731E-7
9.63884000E+2	5.71051945E-7
9.64516000E+2	8.81706497E-7
9.65148000E+2	7.79700518E-7
9.65780000E+2	8.02883695E-7
9.66412000E+2	8.39976778E-7
9.67044000E+2	7.19424324E-7
9.67676000E+2	7.05514421E-7
9.68308000E+2	7.61154033E-7
9.68940000E+2	7.65790667E-7
9.69572000E+2	7.84337205E-7
9.70204000E+2	9.23436226E-7
9.70836000E+2	5.80325244E-7
9.71468000E+2	7.28697561E-7
9.72098000E+2	8.21430258E-7
9.72730000E+2	7.42607368E-7
9.73362000E+2	8.44613372E-7
9.73994000E+2	6.91604365E-7
9.74626000E+2	7.28697458E-7
9.75258000E+2	7.33334094E-7
9.75891000E+2	7.42607693E-7
9.76523000E+2	8.39976943E-7
9.77155000E+2	8.30703681E-7
9.77787000E+2	8.12157157E-7
9.78419000E+2	9.18799645E-7
9.79051000E+2	9.28072910E-7
9.79683000E+2	7.75064048E-7
9.80315000E+2	7.61154152E-7
9.80947000E+2	6.96241302E-7
9.81579000E+2	6.73058379E-7
9.82211000E+2	7.05514781E-7
9.82843000E+2	7.14788039E-7
9.83475000E+2	7.70427586E-7
9.84107000E+2	6.96241800E-7
9.84739000E+2	7.51881298E-7
9.85371000E+2	6.40602302E-7
9.86003000E+2	7.61154547E-7
9.86635000E+2	6.40602302E-7
9.87267000E+2	7.19424599E-7
9.87899000E+2	8.95616539E-7
9.88531000E+2	8.07520569E-7
9.89163000E+2	7.56517639E-7
9.89795000E+2	6.77695200E-7
9.90427000E+2	8.26067239E-7
9.91059000E+2	7.70427724E-7
9.91689000E+2	8.44613744E-7
9.92321000E+2	8.44613744E-7
9.92953000E+2	7.61154473E-7
9.93585000E+2	8.44613745E-7
9.94217000E+2	8.12157361E-7
9.94849000E+2	1.14625223E-5
9.95481000E+2	1.15645508E-5
9.96113000E+2	1.15645508E-5
9.96746000E+2	1.14115413E-5
9.97377000E+2	1.14161780E-5
9.98009000E+2	1.14486249E-5
9.98641000E+2	1.14578982E-5
9.99273000E+2	1.15645411E-5
9.99905000E+2	1.15645411E-5
1.00053700E+3	1.15459945E-5
1.00116900E+3	1.13883423E-5
1.00180100E+3	1.14810752E-5
1.00243300E+3	1.13976156E-5
1.00306500E+3	1.15830813E-5
1.00369700E+3	1.15135415E-5
1.00432900E+3	1.14949949E-5
1.00496100E+3	1.14347185E-5
1.00559300E+3	1.14254452E-5
1.00622500E+3	1.14439918E-5
1.00685700E+3	1.14810777E-5
1.00748900E+3	1.12631554E-5
1.00812100E+3	1.13327051E-5
1.00875300E+3	1.14857144E-5
1.00938500E+3	1.14764376E-5
1.01001700E+3	1.14393445E-5
1.01064900E+3	1.15320774E-5
1.01128100E+3	1.15830804E-5
1.01191300E+3	1.14857109E-5
1.01254500E+3	1.13929780E-5
1.01317700E+3	1.14857109E-5
1.01380900E+3	1.15552606E-5
1.01444100E+3	1.13976147E-5
1.01507300E+3	1.13744312E-5
1.01570500E+3	1.15135305E-5
1.01633700E+3	1.14903473E-5
1.01696900E+3	1.16294466E-5
1.01760100E+3	1.16619031E-5
1.01823300E+3	1.16201827E-5
1.01886500E+3	1.13419838E-5
1.01949700E+3	1.16619125E-5
1.02012900E+3	1.14161702E-5
1.02076100E+3	1.15552837E-5
1.02139300E+3	1.14903706E-5
1.02202500E+3	1.14022742E-5
1.02265700E+3	1.13790909E-5
1.02328900E+3	1.14254574E-5
1.02392100E+3	1.14115257E-5
1.02455300E+3	1.13651592E-5
1.02518500E+3	1.13558859E-5
1.02581700E+3	1.13605226E-5
1.02644900E+3	1.14208004E-5
1.02708100E+3	1.14903501E-5
1.02771300E+3	1.15830830E-5
1.02834500E+3	1.14439836E-5
1.02897700E+3	1.14810768E-5
1.02960900E+3	1.15413695E-5
1.03024200E+3	1.14161799E-5
1.03087400E+3	1.15089129E-5
1.03150600E+3	1.15274595E-5
1.03213800E+3	1.15089065E-5
1.03277000E+3	1.15738196E-5
1.03340200E+3	1.13605337E-5
1.03403400E+3	1.14439934E-5
1.03466600E+3	1.13605337E-5
1.03529800E+3	1.13558979E-5
1.03593000E+3	1.13651712E-5
1.03656200E+3	1.12770748E-5
1.03719400E+3	1.14579042E-5
1.03782600E+3	1.15320824E-5
1.03845800E+3	1.15088992E-5
1.03909000E+3	1.14347129E-5
1.03972200E+3	1.14486228E-5
1.04035400E+3	1.15413495E-5
1.04098600E+3	1.16387190E-5
1.04161800E+3	1.14578899E-5
1.04225000E+3	1.14764365E-5
1.04288200E+3	1.15042564E-5
1.04351400E+3	1.14718099E-5
1.04414600E+3	1.14857199E-5
1.04477800E+3	1.14347167E-5
1.04541000E+3	1.14764466E-5
1.04604300E+3	1.15599204E-5
1.04667600E+3	1.14347307E-5
1.04730800E+3	1.13930008E-5
1.04794000E+3	1.14161841E-5
1.04857200E+3	1.14022741E-5
1.04920400E+3	1.14161753E-5
1.04983600E+3	1.13419889E-5
1.05046800E+3	1.14115387E-5
1.05110000E+3	1.15970047E-5
1.05173200E+3	1.14718206E-5
1.05236400E+3	1.14764573E-5
1.05299600E+3	1.13698143E-5
1.05362800E+3	1.14300908E-5
1.05426000E+3	1.14161808E-5
1.05489200E+3	1.14671694E-5
1.05552400E+3	1.15135359E-5
1.05615600E+3	1.14300762E-5
1.05678800E+3	1.14532595E-5
1.05739400E+3	1.14717856E-5
1.05805200E+3	1.14625123E-5
1.05868400E+3	1.15877015E-5
1.05931600E+3	1.14949688E-5
1.05994800E+3	1.14300559E-5
1.06058000E+3	1.15042457E-5
1.06121200E+3	1.14254228E-5
1.06184400E+3	1.13512366E-5
1.06247600E+3	1.14532427E-5
1.06310800E+3	1.14208006E-5
1.06374000E+3	1.16109030E-5
1.06437200E+3	1.13790708E-5
1.06500500E+3	1.15181701E-5
1.06563700E+3	1.16155397E-5
1.06626900E+3	1.13559128E-5
1.06690100E+3	1.14254626E-5
1.06753300E+3	1.13976427E-5
1.06816600E+3	1.14579192E-5
1.06879800E+3	1.14857350E-5
1.06943000E+3	1.14069119E-5
1.07006200E+3	1.13837286E-5
1.07069400E+3	1.15135550E-5
1.07132600E+3	1.15599215E-5
1.07195800E+3	1.15135316E-5
1.07259000E+3	1.15645347E-5
1.07322200E+3	1.14949851E-5
1.07385400E+3	1.14532553E-5
1.07448600E+3	1.13187937E-5
1.07511800E+3	1.13512503E-5
1.07575000E+3	1.13651602E-5
1.07638200E+3	1.14532564E-5
1.07701400E+3	1.13048838E-5
1.07764600E+3	1.15181824E-5
1.07827800E+3	1.14857258E-5
1.07891000E+3	1.15042724E-5
1.07954200E+3	1.14764525E-5
1.08017400E+3	1.14949906E-5
1.08080600E+3	1.14625341E-5
1.08143800E+3	1.15274472E-5
1.08207000E+3	1.15228105E-5
1.08270200E+3	1.14115310E-5
1.08333400E+3	1.14347105E-5
1.08396600E+3	1.13327043E-5
1.08459800E+3	1.13976173E-5
1.08523000E+3	1.14068906E-5
1.08586200E+3	1.14022513E-5
1.08649400E+3	1.14671643E-5
1.08712600E+3	1.14857108E-5
1.08775600E+3	1.13419749E-5
1.08838800E+3	1.13697951E-5
1.08902000E+3	1.13512485E-5
1.08965200E+3	1.14068882E-5
1.09028500E+3	1.14161615E-5
1.09091700E+3	1.13095187E-5
1.09154900E+3	1.13651694E-5
1.09218100E+3	1.14300825E-5
1.09281300E+3	1.14115359E-5
1.09344500E+3	1.14068993E-5
1.09407700E+3	1.13698028E-5
1.09470900E+3	1.13883494E-5
1.09534100E+3	1.13466196E-5
1.09597300E+3	1.14347159E-5
1.09660500E+3	1.13698028E-5
1.09723700E+3	1.14346981E-5
1.09786900E+3	1.12538692E-5
1.09850100E+3	1.13419653E-5
1.09913300E+3	1.13187821E-5
1.09976500E+3	1.13002422E-5
1.10039700E+3	1.14068850E-5
1.10102900E+3	1.13883384E-5
1.10166100E+3	1.16526270E-5
1.10229300E+3	1.15088911E-5
1.10292500E+3	1.14996458E-5
1.10355700E+3	1.14903725E-5
1.10418900E+3	1.15228291E-5
1.10482100E+3	1.15506490E-5
1.10545300E+3	1.14347238E-5
1.10608500E+3	1.14810903E-5
1.10671700E+3	1.15228202E-5
1.10734900E+3	1.15135469E-5
1.10798100E+3	1.15413668E-5
1.10861300E+3	1.14439921E-5
1.10924500E+3	1.14347188E-5
1.10987700E+3	1.12817094E-5
1.11050900E+3	1.14810853E-5
1.11114100E+3	1.14022729E-5
1.11177300E+3	1.14764594E-5
1.11240500E+3	1.14161829E-5
1.11303700E+3	1.15877391E-5
1.11367000E+3	2.22427689E-5
1.11430200E+3	2.22103308E-5
1.11493400E+3	2.22335141E-5
1.11556600E+3	2.22288775E-5
1.11619800E+3	2.21129610E-5
1.11683000E+3	2.21593097E-5
1.11746200E+3	2.21593097E-5
1.11809400E+3	2.21036698E-5
1.11872600E+3	2.21824930E-5
1.11935800E+3	2.21036698E-5
1.11999000E+3	2.22009978E-5
1.12062200E+3	2.21870878E-5
1.12125400E+3	2.21685413E-5
1.12188600E+3	2.21917245E-5
1.12251800E+3	2.21407688E-5
1.12315000E+3	2.20990389E-5
1.12378200E+3	2.21361321E-5
1.12441400E+3	2.21732254E-5
1.12504600E+3	2.21871353E-5
1.12567800E+3	2.20434051E-5
1.12631000E+3	2.22056881E-5
1.12694200E+3	2.21964148E-5
1.12757400E+3	2.22335080E-5
1.12820700E+3	2.22891143E-5
1.12883900E+3	2.22891143E-5
1.12947100E+3	2.21407416E-5
1.13010300E+3	2.20758285E-5
1.13073500E+3	2.21082850E-5
1.13136700E+3	2.19738507E-5
1.13199900E+3	2.19877607E-5
1.13263100E+3	2.20526738E-5
1.13326300E+3	2.19877607E-5
1.13389500E+3	2.20526623E-5
1.13452700E+3	2.21175754E-5
1.13515900E+3	2.21175754E-5
1.13579100E+3	2.21407587E-5
1.13642300E+3	2.21314637E-5
1.13705500E+3	2.22566532E-5
1.13768700E+3	2.21175537E-5
1.13831900E+3	2.20943705E-5
1.13895100E+3	2.22010134E-5
1.13958300E+3	2.21592706E-5
1.14021500E+3	2.21592706E-5
1.14084700E+3	2.21453606E-5
1.14147900E+3	2.20340811E-5
1.14211100E+3	2.21175105E-5
1.14274300E+3	2.22102433E-5
1.14337500E+3	2.20804174E-5
1.14400700E+3	2.21314205E-5
1.14463900E+3	2.22426998E-5
1.14527100E+3	2.22890901E-5
1.14590300E+3	2.21963572E-5
1.14653500E+3	2.22659069E-5
1.14716700E+3	2.22937267E-5
1.14779900E+3	2.21824537E-5
1.14843100E+3	2.22380934E-5
1.14906300E+3	2.21129040E-5
1.14969500E+3	2.21499971E-5
1.15032700E+3	2.21175406E-5
1.15095900E+3	2.19459678E-5
1.15159100E+3	2.21407068E-5
1.15222400E+3	2.20108808E-5
1.15285600E+3	2.21128869E-5
1.15348800E+3	2.22102791E-5
1.15412000E+3	2.22010058E-5
1.15475200E+3	2.21639126E-5
1.15538400E+3	2.21870958E-5
1.15601600E+3	2.20711797E-5
1.15664800E+3	2.21731769E-5
1.15728000E+3	2.21870868E-5
1.15791200E+3	2.21639036E-5
1.15854400E+3	2.21453570E-5
1.15917600E+3	2.20016312E-5
1.15980800E+3	2.20433610E-5
1.16044000E+3	2.21546405E-5
1.16107200E+3	2.21036374E-5
1.16170400E+3	2.21500039E-5
1.16233600E+3	2.20155436E-5
1.16296800E+3	2.20619101E-5
1.16360000E+3	2.21592796E-5
1.16423200E+3	2.21731896E-5
1.16486400E+3	2.22473691E-5
1.16549600E+3	2.22751890E-5
1.16612800E+3	2.22612791E-5
1.16676000E+3	2.21963660E-5
1.16739200E+3	2.19552604E-5
1.16802400E+3	2.21917520E-5
1.16865600E+3	2.20109226E-5
1.16928800E+3	2.20480158E-5
1.16992000E+3	2.20294692E-5
1.17055200E+3	2.19506564E-5
1.17118400E+3	2.20665727E-5
1.17181600E+3	2.20804827E-5
1.17244800E+3	2.21824890E-5
1.17308000E+3	2.22334922E-5
1.17371200E+3	2.21639284E-5
1.17434400E+3	2.21175619E-5
1.17497600E+3	2.21453818E-5
1.17560800E+3	2.20248289E-5
1.17624000E+3	2.21963824E-5
1.17687200E+3	2.21731991E-5
1.17750400E+3	2.20990127E-5
1.17813600E+3	2.20387363E-5
1.17876800E+3	2.20897394E-5
1.17940000E+3	2.20804715E-5
1.18003200E+3	2.20572882E-5
1.18066400E+3	2.21407479E-5
1.18129600E+3	2.22613008E-5
1.18192800E+3	2.23076423E-5
1.18256000E+3	2.22334560E-5
1.18319200E+3	2.21731796E-5
1.18382400E+3	2.21175399E-5
1.18445600E+3	2.21824218E-5
1.18508800E+3	2.22751546E-5
1.18572000E+3	2.21406921E-5
1.18635200E+3	2.21128722E-5
1.18698400E+3	2.20479593E-5
1.18761600E+3	2.20526036E-5
1.18824800E+3	2.20155104E-5
1.18888000E+3	2.18903212E-5
1.18951200E+3	2.20433303E-5
1.19014400E+3	2.22010089E-5
1.19077600E+3	2.22798319E-5
1.19140800E+3	2.22288288E-5
1.19204000E+3	2.21917356E-5
1.19267200E+3	2.21917356E-5
1.19330400E+3	2.21500250E-5
1.19393600E+3	2.20480187E-5
1.19456800E+3	2.21453884E-5
1.19520000E+3	2.21314784E-5
1.19583200E+3	2.20572901E-5
1.19646400E+3	2.20897466E-5
1.19709600E+3	2.20480168E-5
1.19772800E+3	2.20155602E-5
1.19836000E+3	2.21917530E-5
1.19899200E+3	2.22705487E-5
1.19962400E+3	2.22009990E-5
1.20025600E+3	2.23030052E-5
1.20088800E+3	2.21963624E-5
1.20152000E+3	2.22241892E-5
1.20215200E+3	2.22612824E-5
1.20278400E+3	2.21824594E-5
1.20341400E+3	2.21268196E-5
1.20404600E+3	2.21036364E-5
1.20467800E+3	2.20526510E-5
1.20531000E+3	2.21129274E-5
1.20594200E+3	2.20341044E-5
1.20657400E+3	2.21500206E-5
1.20720600E+3	2.22149537E-5
1.20783800E+3	2.21546772E-5
1.20847000E+3	2.21036740E-5
1.20910200E+3	2.20851274E-5
1.20973400E+3	2.21500405E-5
1.21036600E+3	2.21778700E-5
1.21099800E+3	2.19970404E-5
1.21163000E+3	2.19924037E-5
1.21226200E+3	2.19831304E-5
1.21289400E+3	2.19042844E-5
1.21352600E+3	2.20526572E-5
1.21415800E+3	2.20294740E-5
1.21479000E+3	2.20572939E-5
1.21542200E+3	2.22288500E-5
1.21605400E+3	2.19738286E-5
1.21668600E+3	2.20201951E-5
1.21731800E+3	2.21871145E-5
1.21795000E+3	2.22149344E-5
1.21858200E+3	2.23401386E-5
1.21921400E+3	2.21639458E-5
1.21984600E+3	2.21407625E-5
1.22047800E+3	2.21314892E-5
1.22111000E+3	2.21036693E-5
1.22174200E+3	2.23308503E-5
1.22237400E+3	2.22102974E-5
1.22300600E+3	2.21361110E-5
1.22363800E+3	2.21268377E-5
1.22427000E+3	2.21778330E-5
1.22490200E+3	2.20943733E-5
1.22553400E+3	2.22427461E-5
1.22616600E+3	2.19877304E-5
1.22679800E+3	2.21268312E-5
1.22743000E+3	2.20433715E-5
1.22806200E+3	2.20990113E-5
1.22869400E+3	2.21500145E-5
1.22932600E+3	2.23864836E-5
1.22995800E+3	2.21360935E-5
1.23059000E+3	2.21917332E-5
1.23122200E+3	2.22520096E-5
1.23185500E+3	2.21546400E-5
1.23248700E+3	2.22751695E-5
1.23311900E+3	2.22519863E-5
1.23375100E+3	2.22658963E-5
1.23438300E+3	2.22102566E-5
1.23501500E+3	2.22798062E-5
1.23564700E+3	2.20572561E-5
1.23627900E+3	2.21175324E-5
1.23691100E+3	2.20665294E-5
1.23754300E+3	2.21638989E-5
1.23817500E+3	2.20943611E-5
1.23880700E+3	2.21917307E-5
1.23943900E+3	2.21685474E-5
1.24007100E+3	2.21407276E-5
1.24070300E+3	2.21824574E-5
1.24133500E+3	2.21870826E-5
1.24196700E+3	2.22009925E-5
1.24260000E+3	2.22659055E-5
1.24323200E+3	2.21082597E-5
1.24386400E+3	2.21499855E-5
1.24449700E+3	2.21082558E-5
1.24512900E+3	2.22288085E-5
1.24576200E+3	2.21685321E-5
1.24639500E+3	2.22334451E-5
1.24702800E+3	2.21500029E-5
1.24766100E+3	2.22241892E-5
1.24829400E+3	2.21685495E-5
1.24892600E+3	2.20665432E-5
1.24955900E+3	2.20062676E-5
1.25019200E+3	2.19506279E-5
1.25082500E+3	2.20387242E-5
1.25145800E+3	2.19784478E-5
1.25209100E+3	2.19691745E-5
1.25272400E+3	2.20712348E-5
1.25335700E+3	2.20990547E-5
1.25399000E+3	2.21917879E-5
1.25462300E+3	2.22659744E-5
1.25525600E+3	2.21871817E-5
1.25588900E+3	2.21176317E-5
1.25652200E+3	2.22428217E-5
1.25715500E+3	2.21547250E-5
1.25778800E+3	2.19924418E-5
1.25842100E+3	2.21639563E-5
1.25905400E+3	2.20480399E-5
1.25968700E+3	2.19784900E-5
1.26032000E+3	2.19877633E-5
1.26095300E+3	2.20062970E-5
1.26158600E+3	2.21685799E-5
1.26221900E+3	2.20665735E-5
1.26285200E+3	2.22613129E-5
1.26348500E+3	2.21917632E-5
1.26411700E+3	2.20434127E-5
1.26474900E+3	2.20990526E-5
1.26538200E+3	2.19924094E-5
1.26601500E+3	2.19970461E-5
1.26664700E+3	2.19645858E-5
1.26727900E+3	2.21639620E-5
1.26791200E+3	2.21825087E-5
1.26854500E+3	2.22335119E-5
1.26917800E+3	2.23401550E-5
1.26981000E+3	2.21824908E-5
1.27044300E+3	2.22056740E-5
1.27107600E+3	2.21083043E-5
1.27170900E+3	2.20619378E-5
1.27234200E+3	2.19831018E-5
1.27297500E+3	2.20155583E-5
1.27360700E+3	2.21453846E-5
1.27424000E+3	2.21963877E-5
1.27487300E+3	2.20943409E-5
1.27550600E+3	2.20108814E-5
1.27613800E+3	2.20665211E-5
1.27677100E+3	2.19598783E-5
1.27740400E+3	2.21221608E-5
1.27803700E+3	2.21685721E-5
1.27866900E+3	2.21407522E-5
1.27930200E+3	2.22427586E-5
1.27993500E+3	2.22010287E-5
1.28056800E+3	2.22242171E-5
1.28120100E+3	2.20665709E-5
1.28183400E+3	2.20248410E-5
1.28246700E+3	2.19923844E-5
1.28309900E+3	2.20433876E-5
1.28373200E+3	2.20943665E-5
1.28436500E+3	2.19969969E-5
1.28499800E+3	2.20804566E-5
1.28563100E+3	2.20340901E-5
1.28626400E+3	2.22242115E-5
1.28689700E+3	2.21268418E-5
1.28753000E+3	2.20665654E-5
1.28816300E+3	2.20480187E-5
1.28879600E+3	2.20851120E-5
1.28942800E+3	2.21407939E-5
1.29006100E+3	2.21454305E-5
1.29069300E+3	2.21593405E-5
1.29132500E+3	2.20805173E-5
1.29195700E+3	2.20897916E-5
1.29258900E+3	2.20248784E-5
1.29322100E+3	2.20990649E-5
1.29385300E+3	2.21407949E-5
1.29448500E+3	2.20851549E-5
1.29511700E+3	2.20433778E-5
1.29574900E+3	2.20480145E-5
1.29638100E+3	2.20248312E-5
1.29701300E+3	2.19970113E-5
1.29764500E+3	2.22659090E-5
1.29827700E+3	2.22705456E-5
1.29890900E+3	2.21824494E-5
1.29954100E+3	2.21592662E-5
1.30017300E+3	2.21499929E-5
1.30080500E+3	2.22473460E-5
1.30143700E+3	2.21407033E-5
1.30206900E+3	2.22102529E-5
1.30270100E+3	2.21731598E-5
1.30333300E+3	2.20757939E-5
1.30396500E+3	2.19923343E-5
1.30459700E+3	2.21036137E-5
1.30522900E+3	2.20062443E-5
1.30586100E+3	2.19645145E-5
1.30649400E+3	2.20943683E-5
1.30712600E+3	2.21731913E-5
1.30775800E+3	2.21129149E-5
1.30839000E+3	2.20758217E-5
1.30902200E+3	2.21314747E-5
1.30965400E+3	2.21175648E-5
1.31028600E+3	2.21732046E-5
1.31091800E+3	2.21685679E-5
1.31155000E+3	2.20851082E-5
1.31218200E+3	2.22334818E-5
1.31281400E+3	2.21963886E-5
1.31344600E+3	2.22149352E-5
1.31407800E+3	2.20758357E-5
1.31471000E+3	2.21592902E-5
1.31534200E+3	2.20062808E-5
1.31597400E+3	3.27447608E-5
1.31660600E+3	3.27262142E-5
1.31723900E+3	3.26612812E-5
1.31787100E+3	3.27030110E-5
1.31850100E+3	3.27076476E-5
1.31913300E+3	3.27725607E-5
1.31976500E+3	3.28792035E-5
1.32039700E+3	3.29440986E-5
1.32102900E+3	3.29394620E-5
1.32166100E+3	3.29811917E-5
1.32229300E+3	3.28374558E-5
1.32292500E+3	3.28698787E-5
1.32355700E+3	3.27956924E-5
1.32418900E+3	3.28096024E-5
1.32482100E+3	3.28466955E-5
1.32545300E+3	3.29162450E-5
1.32608500E+3	3.28698968E-5
1.32671700E+3	3.28328037E-5
1.32734900E+3	3.28374403E-5
1.32795500E+3	3.28606235E-5
1.32861300E+3	3.29487526E-5
1.32924500E+3	3.29441160E-5
1.32987700E+3	3.27911066E-5
1.33050900E+3	3.26798271E-5
1.33114100E+3	3.28142899E-5
1.33177300E+3	3.28374479E-5
1.33240500E+3	3.27076219E-5
1.33303700E+3	3.27354417E-5
1.33366900E+3	3.28791776E-5
1.33430100E+3	3.29394370E-5
1.33493300E+3	3.28235210E-5
1.33556500E+3	3.26890584E-5
1.33619700E+3	3.27725180E-5
1.33682900E+3	3.28235210E-5
1.33746100E+3	3.27169075E-5
1.33809300E+3	3.28652801E-5
1.33872500E+3	3.29209198E-5
1.33935700E+3	3.28374602E-5
1.33998900E+3	3.29487425E-5
1.34062100E+3	3.29116494E-5
1.34125300E+3	3.27540034E-5
1.34188500E+3	3.27864599E-5
1.34251700E+3	3.27122736E-5
1.34314900E+3	3.28282002E-5
1.34378100E+3	3.28096536E-5
1.34441300E+3	3.27076474E-5
1.34504600E+3	3.26659176E-5
1.34567800E+3	3.28328175E-5
1.34631000E+3	3.28560007E-5
1.34694200E+3	3.27493579E-5
1.34757400E+3	3.27400846E-5
1.34820600E+3	3.29209137E-5
1.34883800E+3	3.27354195E-5
1.34947000E+3	3.26751432E-5
1.35010200E+3	3.27446928E-5
1.35073400E+3	3.27215096E-5
1.35136600E+3	3.27725031E-5
1.35199800E+3	3.27585932E-5
1.35263000E+3	3.27122268E-5
1.35326200E+3	3.28605992E-5
1.35389400E+3	3.26658604E-5
1.35452600E+3	3.27817914E-5
1.35515800E+3	3.27957014E-5
1.35579000E+3	3.26102358E-5
1.35642200E+3	3.27678815E-5
1.35705400E+3	3.27633678E-5
1.35768600E+3	3.28282810E-5
1.35831800E+3	3.27401845E-5
1.35895000E+3	3.26845446E-5
1.35958200E+3	3.26335583E-5
1.36021400E+3	3.27633848E-5
1.36084600E+3	3.26150117E-5
1.36147800E+3	3.26428316E-5
1.36211100E+3	3.26752883E-5
1.36274400E+3	3.27818366E-5
1.36337600E+3	3.26659204E-5
1.36400800E+3	3.28003831E-5
1.36464000E+3	3.27957465E-5
1.36527200E+3	3.27215309E-5
1.36590400E+3	3.26380713E-5
1.36653600E+3	3.27957172E-5
1.36716800E+3	3.28235370E-5
1.36780000E+3	3.28606302E-5
1.36843200E+3	3.28096608E-5
1.36906400E+3	3.27030179E-5
1.36969600E+3	3.27864775E-5
1.37032800E+3	3.27493843E-5
1.37096000E+3	3.28281826E-5
1.37159200E+3	3.27400864E-5
1.37222400E+3	3.26566268E-5
1.37285600E+3	3.27493597E-5
1.37348800E+3	3.27725429E-5
1.37412000E+3	3.27863954E-5
1.37475200E+3	3.26751162E-5
1.37538400E+3	3.26658429E-5
1.37601600E+3	3.26797528E-5
1.37664800E+3	3.26287891E-5
1.37728000E+3	3.28003448E-5
1.37791200E+3	3.26705189E-5
1.37854400E+3	3.26983387E-5
1.37917600E+3	3.28096181E-5
1.37980800E+3	3.28282006E-5
1.38044100E+3	3.27957441E-5
1.38107300E+3	3.27586509E-5
1.38170500E+3	3.28003807E-5
1.38233700E+3	3.28049614E-5
1.38296900E+3	3.27817782E-5
1.38360100E+3	3.26658622E-5
1.38423300E+3	3.28003247E-5
1.38486500E+3	3.28698743E-5
1.38549700E+3	3.28234786E-5
1.38612900E+3	3.27632024E-5
1.38676100E+3	3.27168360E-5
1.38739300E+3	3.27400192E-5
1.38802500E+3	3.27446987E-5
1.38865700E+3	3.26055995E-5
1.38928900E+3	3.28235216E-5
1.38992100E+3	3.27493354E-5
1.39055300E+3	3.27168789E-5
1.39118500E+3	3.27493631E-5
1.39181700E+3	3.27354532E-5
1.39244900E+3	3.27493631E-5
1.39308100E+3	3.27029967E-5
1.39371300E+3	3.26936904E-5
1.39434500E+3	3.28652460E-5
1.39497700E+3	3.26334140E-5
1.39560900E+3	3.27539667E-5
1.39624100E+3	3.27725132E-5
1.39687300E+3	3.27864125E-5
1.39750500E+3	3.28466888E-5
1.39813700E+3	3.29579681E-5
1.39876900E+3	3.29811513E-5
1.39940100E+3	3.29440461E-5
1.40003300E+3	3.28884065E-5
1.40066400E+3	3.27771272E-5
1.40129600E+3	3.28513134E-5
1.40192800E+3	3.26148449E-5
1.40256000E+3	3.26612805E-5
1.40319200E+3	3.26195507E-5
1.40382400E+3	3.27122836E-5
1.40445600E+3	3.27308302E-5
1.40508800E+3	3.27957799E-5
1.40572000E+3	3.27401401E-5
1.40635200E+3	3.27262301E-5
1.40698400E+3	3.28467831E-5
1.40761600E+3	3.28514197E-5
1.40824800E+3	3.28652710E-5
1.40888000E+3	3.28049946E-5
1.40951200E+3	3.27864481E-5
1.41014400E+3	3.27771748E-5
1.41077600E+3	3.28328132E-5
1.41140800E+3	3.27539903E-5
1.41204000E+3	3.28281766E-5
1.41267200E+3	3.27261704E-5
1.41330400E+3	3.28049915E-5
1.41393600E+3	3.28049915E-5
1.41456800E+3	3.28235381E-5
1.41520000E+3	3.29394542E-5
1.41583200E+3	3.27308052E-5
1.41646400E+3	3.27262114E-5
1.41709600E+3	3.27493946E-5
1.41772800E+3	3.28699475E-5
1.41836000E+3	3.27679412E-5
1.41899200E+3	3.26427338E-5
1.41962400E+3	3.27030102E-5
1.42025600E+3	3.26844636E-5
1.42088800E+3	4.33487502E-5
1.42152000E+3	4.33858434E-5
1.42215200E+3	4.33301476E-5
1.42278400E+3	4.33718774E-5
1.42341600E+3	4.34785201E-5
1.42404800E+3	4.34321537E-5
1.42468000E+3	4.35898193E-5
1.42531200E+3	4.35156330E-5
1.42594500E+3	4.35666361E-5
1.42657700E+3	4.34692666E-5
1.42720900E+3	4.35063597E-5
1.42784100E+3	4.35759586E-5
1.42847300E+3	4.34136759E-5
1.42910600E+3	4.34646790E-5
1.42973800E+3	4.34878622E-5
1.43037000E+3	4.33719485E-5
1.43100200E+3	4.35805977E-5
1.43163400E+3	4.35249579E-5
1.43226600E+3	4.34368616E-5
1.43289800E+3	4.33255821E-5
1.43353000E+3	4.34739745E-5
1.43416000E+3	4.35017944E-5
1.43479200E+3	4.34461546E-5
1.43542400E+3	4.35064311E-5
1.43605600E+3	4.36084620E-5
1.43668800E+3	4.34925456E-5
1.43732000E+3	4.33951759E-5
1.43795200E+3	4.34090859E-5
1.43858400E+3	4.34600891E-5
1.43921700E+3	4.33905290E-5
1.43985000E+3	4.34229855E-5
1.44048200E+3	4.33905290E-5
1.44111400E+3	4.34925353E-5
1.44174600E+3	4.34369292E-5
1.44237800E+3	4.34601125E-5
1.44301000E+3	4.33766527E-5
1.44364200E+3	4.35342989E-5
1.44427400E+3	4.36316687E-5
1.44490600E+3	4.34925665E-5
1.44553800E+3	4.34832932E-5
1.44617000E+3	4.34415633E-5
1.44680200E+3	4.33859234E-5
1.44743400E+3	4.33023967E-5
1.44806600E+3	4.34183129E-5
1.44869800E+3	4.33997663E-5
1.44933000E+3	4.33997663E-5
1.44996200E+3	4.34924993E-5
1.45059400E+3	4.34832580E-5
1.45122600E+3	4.35899009E-5
1.45185800E+3	4.36084475E-5
1.45249000E+3	4.34276181E-5
1.45312200E+3	4.34415299E-5
1.45375400E+3	4.34832598E-5
1.45438400E+3	4.33951634E-5
1.45501400E+3	4.33998000E-5
1.45564600E+3	4.34878964E-5
1.45627800E+3	4.33672997E-5
1.45691000E+3	4.34971258E-5
1.45754200E+3	4.34183028E-5
1.45817400E+3	4.34924892E-5
1.45880600E+3	4.35713887E-5
1.45943800E+3	4.35157488E-5
1.46007000E+3	4.34972022E-5
1.46070200E+3	4.35435687E-5
1.46133400E+3	4.35157065E-5
1.46196600E+3	4.35713463E-5
1.46259800E+3	4.34647033E-5
1.46323000E+3	4.35017965E-5
1.46386200E+3	4.34322468E-5
1.46449400E+3	4.33997606E-5
1.46512600E+3	4.33904873E-5
1.46575800E+3	4.34785836E-5
1.46639000E+3	4.34368538E-5
1.46702200E+3	4.33997381E-5
1.46765400E+3	4.34785610E-5
1.46828600E+3	4.35573840E-5
1.46891800E+3	4.34924709E-5
1.46955000E+3	4.35202908E-5
1.47018200E+3	4.33765603E-5
1.47081400E+3	4.34553833E-5
1.47144600E+3	4.35388429E-5
1.47207800E+3	4.34971131E-5
1.47271000E+3	4.34322524E-5
1.47334200E+3	4.33487927E-5
1.47397400E+3	4.35018022E-5
1.47460600E+3	4.34322524E-5
1.47523800E+3	4.33997958E-5
1.47587000E+3	4.34600976E-5
1.47650200E+3	4.35899239E-5
1.47713400E+3	4.36084705E-5
1.47776600E+3	4.35435574E-5
1.47839800E+3	4.35482479E-5
1.47903000E+3	4.35018813E-5
1.47966200E+3	4.34091481E-5
1.48029400E+3	4.35436112E-5
1.48092600E+3	4.34972446E-5
1.48155800E+3	4.35713390E-5
1.48219000E+3	4.35945222E-5
1.48282200E+3	4.35296091E-5
1.48345400E+3	4.34832426E-5
1.48408600E+3	4.33811991E-5
1.48471800E+3	4.35156618E-5
1.48535000E+3	4.34832053E-5
1.48598200E+3	4.34739320E-5
1.48661400E+3	4.36362146E-5
1.48724600E+3	4.34971343E-5
1.48787800E+3	4.33209417E-5
1.48851000E+3	4.35017709E-5
1.48914200E+3	4.35295908E-5
1.48977400E+3	4.34785594E-5
1.49040600E+3	4.34275563E-5
1.49103800E+3	4.35805656E-5
1.49167000E+3	4.35388358E-5
1.49230200E+3	4.35202892E-5
1.49293400E+3	4.35620709E-5
1.49356600E+3	4.36501673E-5
1.49419800E+3	4.36130741E-5
1.49483000E+3	4.35759809E-5
1.49546000E+3	4.35018357E-5
1.49609200E+3	4.33859193E-5
1.49672400E+3	4.33302795E-5
1.49735600E+3	4.34137393E-5
1.49798800E+3	4.34647425E-5
1.49862000E+3	4.34323196E-5
1.49925200E+3	4.34044997E-5
1.49988400E+3	4.34647762E-5
1.50051600E+3	4.35157795E-5
1.50114800E+3	4.36131547E-5
1.50178000E+3	4.35296948E-5
1.50241200E+3	4.33674118E-5
1.50304400E+3	4.35575148E-5
1.50367600E+3	4.36085180E-5
1.50430800E+3	4.36548738E-5
1.50494000E+3	4.35667773E-5
1.50557200E+3	4.36224172E-5
1.50620400E+3	4.34554975E-5
1.50683600E+3	4.34786434E-5
1.50746800E+3	4.34693701E-5
1.50810000E+3	4.34693701E-5
1.50873200E+3	4.34090936E-5
1.50936400E+3	4.34090588E-5
1.50999700E+3	4.32421394E-5
1.51062900E+3	4.33163258E-5
1.51126100E+3	4.35296117E-5
1.51189300E+3	4.35388850E-5
1.51252500E+3	4.35111066E-5
1.51315800E+3	4.35945664E-5
1.51379100E+3	4.34740134E-5
1.51442200E+3	4.34693767E-5
1.51505400E+3	4.35157426E-5
1.51568600E+3	4.35760191E-5
1.51631800E+3	4.34786494E-5
1.51695000E+3	4.34879227E-5
1.51758200E+3	4.34276462E-5
1.51821400E+3	4.34275961E-5
1.51884600E+3	4.35296024E-5
1.51947800E+3	4.33719563E-5
1.52011000E+3	4.34878725E-5
1.52074200E+3	4.34878456E-5
1.52137400E+3	4.35017555E-5
1.52200600E+3	4.35388487E-5
1.52263800E+3	4.34507524E-5
1.52327000E+3	4.33580195E-5
1.52390200E+3	4.35156816E-5
1.52453400E+3	4.33580356E-5
1.52516700E+3	4.33997654E-5
1.52579900E+3	4.34044020E-5
1.52643100E+3	4.33812141E-5
1.52706300E+3	4.35110402E-5
1.52769500E+3	4.36501396E-5
1.52832700E+3	4.35203135E-5
1.52895900E+3	4.34507638E-5
1.52959100E+3	4.34461071E-5
1.53022300E+3	4.33719208E-5
1.53085500E+3	4.34507438E-5
1.53148700E+3	4.36037530E-5
1.53211900E+3	4.35435120E-5
1.53275100E+3	4.35064188E-5
1.53338300E+3	4.35064188E-5
1.53401500E+3	4.37336146E-5
1.53464700E+3	4.36501549E-5
1.53527900E+3	4.35110624E-5
1.53591100E+3	4.35574289E-5
1.53654300E+3	4.35713389E-5
1.53717500E+3	4.34600593E-5
1.53780700E+3	4.35296470E-5
1.53843900E+3	4.35111004E-5
1.53907100E+3	4.35574669E-5
1.53970300E+3	4.34090940E-5
1.54033500E+3	4.35157370E-5
1.54096800E+3	4.34879206E-5
1.54160000E+3	4.36362935E-5
1.54223200E+3	4.35945636E-5
1.54286400E+3	4.34415540E-5
1.54349600E+3	4.33951193E-5
1.54412800E+3	4.34693056E-5
1.54476000E+3	4.34600323E-5
1.54539200E+3	4.36084050E-5
1.54602400E+3	4.36223149E-5
1.54665600E+3	4.35203612E-5
1.54728800E+3	4.36501874E-5
1.54792000E+3	4.35342711E-5
1.54855200E+3	4.36130942E-5
1.54918400E+3	4.35898734E-5
1.54981400E+3	4.36686964E-5
1.55044600E+3	4.35342336E-5
1.55107800E+3	4.34322274E-5
1.55171000E+3	4.34925038E-5
1.55234200E+3	4.35109570E-5
1.55297400E+3	4.35202303E-5
1.55360600E+3	4.37520622E-5
1.55423800E+3	4.35202303E-5
1.55487000E+3	4.35387417E-5
1.55550200E+3	4.35711981E-5
1.55613400E+3	4.35526516E-5
1.55676600E+3	4.35248317E-5
1.55739800E+3	4.34368546E-5
1.55803000E+3	4.35434975E-5
1.55866200E+3	4.34090347E-5
1.55929400E+3	4.35110409E-5
1.55992600E+3	4.33163018E-5
1.56055800E+3	4.33488195E-5
1.56119000E+3	4.33488195E-5
1.56182200E+3	4.35389223E-5
1.56245400E+3	4.34740091E-5
1.56308600E+3	4.34461455E-5
1.56371800E+3	4.34368722E-5
1.56435000E+3	4.34368722E-5
1.56495600E+3	4.33997790E-5
1.56561400E+3	4.34229623E-5
1.56624600E+3	4.33951901E-5
1.56687800E+3	4.35528364E-5
1.56751000E+3	4.35389264E-5
1.56814200E+3	4.36223862E-5
1.56877400E+3	4.35528464E-5
1.56940600E+3	4.35667564E-5
1.57003800E+3	4.35713930E-5
1.57067000E+3	4.36177596E-5
1.57130300E+3	4.34508400E-5
1.57193500E+3	4.35667411E-5
1.57256700E+3	4.33441818E-5
1.57319900E+3	4.33859116E-5
1.57383100E+3	4.35528312E-5
1.57446300E+3	4.33674038E-5
1.57509500E+3	4.35853267E-5
1.57572700E+3	4.34740469E-5
1.57635900E+3	4.36502399E-5
1.57699100E+3	4.34508636E-5
1.57762300E+3	4.35713921E-5
1.57825500E+3	4.35342989E-5
1.57888700E+3	4.35435722E-5
1.57951900E+3	4.36270320E-5
1.58015100E+3	4.36037438E-5
1.58078300E+3	4.35434675E-5
1.58141500E+3	4.34090048E-5
1.58204700E+3	4.35527408E-5
1.58267900E+3	4.35017377E-5
1.58331100E+3	4.34692009E-5
1.58394300E+3	4.35665703E-5
1.58457500E+3	4.35851168E-5
1.58520700E+3	4.35804802E-5
1.58583900E+3	4.34321497E-5
1.58647100E+3	4.35434291E-5
1.58710300E+3	4.35666123E-5
1.58773500E+3	4.36686183E-5
1.58836700E+3	4.35063360E-5
1.58899900E+3	4.92002047E-5
1.58960500E+3	5.43005164E-5
1.59026300E+3	5.42587866E-5
1.59089500E+3	5.40501375E-5
1.59152700E+3	5.41429148E-5
1.59215700E+3	5.41336415E-5
1.59278700E+3	5.41011849E-5
1.59341700E+3	5.41011849E-5
1.59404700E+3	5.41429148E-5
1.59467900E+3	5.41197845E-5
1.59531100E+3	5.43006141E-5
1.59594300E+3	5.41893343E-5
1.59657500E+3	5.42542475E-5
1.59720700E+3	5.41244432E-5
1.59783900E+3	5.41661731E-5
1.59847100E+3	5.41105332E-5
1.59910300E+3	5.41800831E-5
1.59973500E+3	5.43052713E-5
1.60036700E+3	5.42032648E-5
1.60099900E+3	5.41708082E-5
1.60163100E+3	5.40873484E-5
1.60226300E+3	5.41383516E-5
1.60289500E+3	5.42031661E-5
1.60352700E+3	5.42309860E-5
1.60415900E+3	5.42031661E-5
1.60479100E+3	5.41104331E-5
1.60542300E+3	5.40223707E-5
1.60605500E+3	5.40733739E-5
1.60668700E+3	5.40548273E-5
1.60731900E+3	5.41429237E-5
1.60795100E+3	5.40594640E-5
1.60858300E+3	5.42264283E-5
1.60921500E+3	5.41105119E-5
1.60984700E+3	5.40316888E-5
1.61047900E+3	5.39575023E-5
1.61111100E+3	5.42309982E-5
1.61174300E+3	5.41011720E-5
1.61237500E+3	5.42217249E-5
1.61300700E+3	5.42124516E-5
1.61363900E+3	5.42866380E-5
1.61427100E+3	5.41568650E-5
1.61490300E+3	5.41568650E-5
1.61553500E+3	5.42125049E-5
1.61616700E+3	5.40734053E-5
1.61679900E+3	5.42079092E-5
1.61743100E+3	5.40919927E-5
1.61806300E+3	5.42079092E-5
1.61869500E+3	5.41847259E-5
1.61932700E+3	5.42310925E-5
1.61995900E+3	5.40780347E-5
1.62059100E+3	5.40548514E-5
1.62122300E+3	5.41475845E-5
1.62185500E+3	5.40780347E-5
1.62248700E+3	5.41337082E-5
1.62311900E+3	5.40595217E-5
1.62375100E+3	5.42218047E-5
1.62438300E+3	5.41058883E-5
1.62501500E+3	5.42959912E-5
1.62564700E+3	5.41151111E-5
1.62627900E+3	5.42032075E-5
1.62691100E+3	5.42403008E-5
1.62754300E+3	5.41985709E-5
1.62817500E+3	5.42449033E-5
1.62880700E+3	5.42634499E-5
1.62943900E+3	5.43608196E-5
1.63007100E+3	5.42680866E-5
1.63070300E+3	5.43376363E-5
1.63133500E+3	5.43236946E-5
1.63196700E+3	5.42309617E-5
1.63259900E+3	5.43376046E-5
1.63323100E+3	5.41428654E-5
1.63386300E+3	5.41984553E-5
1.63449500E+3	5.41845454E-5
1.63512700E+3	5.40964492E-5
1.63575900E+3	5.41381789E-5
1.63639100E+3	5.41428156E-5
1.63702300E+3	5.41104048E-5
1.63765500E+3	5.41150415E-5
1.63828700E+3	5.41428614E-5
1.63891900E+3	5.41985011E-5
1.63955100E+3	5.43190599E-5
1.64018300E+3	5.41382306E-5
1.64081500E+3	5.41428673E-5
1.64144700E+3	5.40825909E-5
1.64207900E+3	5.39898579E-5
1.64271100E+3	5.42170666E-5
1.64334300E+3	5.42170666E-5
1.64397500E+3	5.40316007E-5
1.64460700E+3	5.41382436E-5
1.64523900E+3	5.41104249E-5
1.64587100E+3	5.41985212E-5
1.64650300E+3	5.42680709E-5
1.64713500E+3	5.43051641E-5
1.64776700E+3	5.41985344E-5
1.64839900E+3	5.40826182E-5
1.64903100E+3	5.42031710E-5
1.64966300E+3	5.40965281E-5
1.65029500E+3	5.41011647E-5
1.65092700E+3	5.41660924E-5
1.65155900E+3	5.41475458E-5
1.65219100E+3	5.42217322E-5
1.65282300E+3	5.41800023E-5
1.65345500E+3	5.42541772E-5
1.65408700E+3	5.42170840E-5
1.65471900E+3	5.41336243E-5
1.65535100E+3	5.42495406E-5
1.65598300E+3	5.43005437E-5
1.65661500E+3	5.41614182E-5
1.65724700E+3	5.42263312E-5
1.65787900E+3	5.41799648E-5
1.65851100E+3	5.42356045E-5
1.65914300E+3	5.42170419E-5
1.65977500E+3	5.41984954E-5
1.66040700E+3	5.41753121E-5
1.66103900E+3	5.41382190E-5
1.66167100E+3	5.39852097E-5
1.66230300E+3	5.40687104E-5
1.66293500E+3	5.42309931E-5
1.66356700E+3	5.43051795E-5
1.66419900E+3	5.42773596E-5
1.66483100E+3	5.41753732E-5
1.66546100E+3	5.41058235E-5
1.66609300E+3	5.43562026E-5
1.66672500E+3	5.41104601E-5
1.66735700E+3	5.42495596E-5
1.66798900E+3	5.40826666E-5
1.66862100E+3	5.40965766E-5
1.66925300E+3	5.41336698E-5
1.66988500E+3	5.42634961E-5
1.67051700E+3	5.41615454E-5
1.67114900E+3	5.42774618E-5
1.67178100E+3	5.42264586E-5
1.67241300E+3	5.41290888E-5
1.67304500E+3	5.41893653E-5
1.67367700E+3	5.41104999E-5
1.67430900E+3	5.40965899E-5
1.67494100E+3	5.41058632E-5
1.67557300E+3	5.41568664E-5
1.67620500E+3	5.41613654E-5
1.67683700E+3	5.42819181E-5
1.67746900E+3	5.42355516E-5
1.67810100E+3	5.42355516E-5
1.67873300E+3	5.42633715E-5
1.67936500E+3	5.42772007E-5
1.67999700E+3	5.42354710E-5
1.68062900E+3	5.41937413E-5
1.68126100E+3	5.42076512E-5
1.68189300E+3	5.41937807E-5
1.68252500E+3	5.41798707E-5
1.68315700E+3	5.42030539E-5
1.68378900E+3	5.43096966E-5
1.68442100E+3	5.43328798E-5
1.68505300E+3	5.42911786E-5
1.68568500E+3	5.42865419E-5
1.68631700E+3	5.42540854E-5
1.68694900E+3	5.42309022E-5
1.68758100E+3	5.42818482E-5
1.68821300E+3	5.42493917E-5
1.68884500E+3	5.41520223E-5
1.68947700E+3	5.42540283E-5
1.69010900E+3	5.40407431E-5
1.69074100E+3	5.40546775E-5
1.69137300E+3	5.43050560E-5
1.69200500E+3	5.43560591E-5
1.69263700E+3	5.43606957E-5
1.69326900E+3	5.42262519E-5
1.69390100E+3	5.41706122E-5
1.69453300E+3	5.43514412E-5
1.69516500E+3	5.43746244E-5
1.69579700E+3	5.43514412E-5
1.69642900E+3	5.43328732E-5
1.69706100E+3	5.42169573E-5
1.69769300E+3	5.41149512E-5
1.69832500E+3	5.40639482E-5
1.69895700E+3	5.40964408E-5
1.69958900E+3	5.40454378E-5
1.70022100E+3	5.41335339E-5
1.70085300E+3	5.41567172E-5
1.70148500E+3	5.41103482E-5
1.70211700E+3	5.40454352E-5
1.70274900E+3	5.41938078E-5
1.70338100E+3	5.42540841E-5
1.70401300E+3	5.42448108E-5
1.70464500E+3	5.43282899E-5
1.70527700E+3	5.43051067E-5
1.70590900E+3	5.43468365E-5
1.70654100E+3	5.42541036E-5
1.70717300E+3	5.42541214E-5
1.70780500E+3	5.42587580E-5
1.70843700E+3	5.40361991E-5
1.70906900E+3	5.41057488E-5
1.70970100E+3	5.41567518E-5
1.71033300E+3	5.40686717E-5
1.71096500E+3	5.41335847E-5
1.71159700E+3	5.40825816E-5
1.71222900E+3	5.43236872E-5
1.71286100E+3	5.41753977E-5
1.71349300E+3	5.42727674E-5
1.71412500E+3	5.43423172E-5
1.71475700E+3	5.42913140E-5
1.71538900E+3	5.43144973E-5
1.71602100E+3	5.42078706E-5
1.71665300E+3	5.42217806E-5
1.71728500E+3	5.40826810E-5
1.71791700E+3	5.43145137E-5
1.71854900E+3	5.41614617E-5
1.71918100E+3	5.41150951E-5
1.71981300E+3	5.42402847E-5
1.72044500E+3	5.42449214E-5
1.72107700E+3	5.43051978E-5
1.72170900E+3	5.42542277E-5
1.72234100E+3	5.42124978E-5
1.72297300E+3	5.42124978E-5
1.72360500E+3	5.42774110E-5
1.72423700E+3	5.42078124E-5
1.72486900E+3	5.41939025E-5
1.72550100E+3	5.43422753E-5
1.72613300E+3	5.42680889E-5
1.72676500E+3	5.44581915E-5
1.72739700E+3	5.43422020E-5
1.72802900E+3	5.40918233E-5
1.72866100E+3	5.42587425E-5
1.72929300E+3	5.41938294E-5
1.72992500E+3	5.41520917E-5
1.73055700E+3	5.41845482E-5
1.73118900E+3	5.43097375E-5
1.73182100E+3	5.42680078E-5
1.73245300E+3	5.41938215E-5
1.73308500E+3	5.41613447E-5
1.73371700E+3	5.42262576E-5
1.73434900E+3	5.42169843E-5
1.73498100E+3	5.41706179E-5
1.73561300E+3	5.41011213E-5
1.73624500E+3	5.41428511E-5
1.73687700E+3	5.42031275E-5
1.73750900E+3	5.42448573E-5
1.73814100E+3	5.43144069E-5
1.73877300E+3	5.44071538E-5
1.73940500E+3	5.42263246E-5
1.74003700E+3	5.43468774E-5
1.74066900E+3	5.42912376E-5
1.74130100E+3	5.42633996E-5
1.74193300E+3	5.44303188E-5
1.74256500E+3	5.42355797E-5
1.74319700E+3	5.42494897E-5
1.74382900E+3	5.42773095E-5
1.74446100E+3	5.43144877E-5
1.74509300E+3	5.41800248E-5
1.74572500E+3	5.42403012E-5
1.74635700E+3	5.42495745E-5
1.74698900E+3	5.42078469E-5
1.74762100E+3	5.41614804E-5
1.74825300E+3	5.42634868E-5
1.74888500E+3	5.41753904E-5
1.74951700E+3	5.42542310E-5
1.75014900E+3	5.43005976E-5
1.75078100E+3	5.42356844E-5
1.75141300E+3	5.43562374E-5
1.75204500E+3	5.42449577E-5
1.75267700E+3	5.41708496E-5
1.75330900E+3	5.42543095E-5
1.75394100E+3	5.43609527E-5
1.75457300E+3	5.43006761E-5
1.75520500E+3	5.42635826E-5
1.75583700E+3	5.43192226E-5
1.75646900E+3	5.42218527E-5
1.75710100E+3	5.42589460E-5
1.75773300E+3	5.43887725E-5
1.75836500E+3	5.42636046E-5
1.75899700E+3	5.41152314E-5
1.75962900E+3	5.40966848E-5
1.76026100E+3	5.42357846E-5
1.76089300E+3	5.41661449E-5
1.76152500E+3	5.42727879E-5
1.76215700E+3	5.43098812E-5
1.76278900E+3	5.43052445E-5
1.76342100E+3	5.43145178E-5
1.76405300E+3	5.43005747E-5
1.76468500E+3	5.42124783E-5
1.76529100E+3	5.41429286E-5
1.76594900E+3	5.41846584E-5
1.76658100E+3	5.41615321E-5
1.76721300E+3	5.41058922E-5
1.76784500E+3	5.41058922E-5
1.76847700E+3	5.40409790E-5
1.76910900E+3	5.40966189E-5
1.76974200E+3	5.40780325E-5
1.77037300E+3	5.42078588E-5
1.77100500E+3	5.42078588E-5
1.77163700E+3	5.41383090E-5
1.77226900E+3	5.41800122E-5
1.77290100E+3	5.41753755E-5
1.77353300E+3	5.43005651E-5
1.77416500E+3	5.42727452E-5
1.77479700E+3	5.44072081E-5
1.77542900E+3	5.43375996E-5
1.77606100E+3	5.43700561E-5
1.77669300E+3	5.42077735E-5
1.77732500E+3	5.42541400E-5
1.77795700E+3	5.42819579E-5
1.77858900E+3	5.41753150E-5
1.77922100E+3	5.42541380E-5
1.77985300E+3	5.41335852E-5
1.78048500E+3	5.40733088E-5
1.78111500E+3	5.40733685E-5
1.78174700E+3	5.40872785E-5
1.78237900E+3	5.39667255E-5
1.78301100E+3	5.41985581E-5
1.78364300E+3	5.41058414E-5
1.78427500E+3	5.41846645E-5
1.78490700E+3	5.41846645E-5
1.78554000E+3	5.42263943E-5
1.78617200E+3	5.42866708E-5
1.78680400E+3	5.42449493E-5
1.78743600E+3	5.43005892E-5
1.78806800E+3	5.42495860E-5
1.78870000E+3	5.42634959E-5
1.78933200E+3	5.42588717E-5
1.78996400E+3	5.42495984E-5
1.79059600E+3	5.42310518E-5
1.79122800E+3	5.43933347E-5
1.79186000E+3	5.42310518E-5
1.79249200E+3	5.41568301E-5
1.79312400E+3	5.41800134E-5
1.79375600E+3	5.42820197E-5
1.79438800E+3	5.41151003E-5
1.79502100E+3	5.40037644E-5
