1.26000000E-1	2.68961931E-7
7.57000000E-1	3.24601140E-7
1.38800000E+0	3.61693947E-7
2.01900000E+0	2.45773773E-7
2.65000000E+0	2.08680987E-7
3.28100000E+0	2.73593363E-7
3.91200000E+0	2.55046970E-7
4.54300000E+0	2.45781051E-7
5.17400000E+0	2.73600662E-7
5.80500000E+0	2.13324838E-7
6.43600000E+0	3.66332699E-7
7.06700000E+0	3.57059496E-7
7.69800000E+0	2.31877139E-7
8.32900000E+0	2.96789605E-7
8.96000000E+0	1.20598626E-7
9.59100000E+0	2.17967325E-7
1.02220000E+1	2.27234892E-7
1.08530000E+1	2.68964310E-7
1.14840000E+1	2.50417902E-7
1.21150000E+1	2.04051882E-7
1.27460000E+1	3.61696350E-7
1.33770000E+1	4.77619605E-7
1.40090000E+1	2.64335736E-7
1.46400000E+1	3.19975006E-7
1.52710000E+1	4.72983000E-7
1.59020000E+1	3.57062636E-7
1.65310000E+1	5.00797340E-7
1.71620000E+1	5.51799977E-7
1.77930000E+1	4.40521497E-7
1.84230000E+1	5.74982994E-7
1.90530000E+1	4.77598691E-7
1.96840000E+1	4.03413156E-7
2.03150000E+1	4.59052307E-7
2.09460000E+1	3.38500812E-7
2.15770000E+1	4.21977781E-7
2.22080000E+1	5.05436665E-7
2.28390000E+1	5.05436665E-7
2.34700000E+1	5.70349130E-7
2.41010000E+1	4.45160804E-7
2.47330000E+1	4.59080270E-7
2.53640000E+1	5.10082972E-7
2.59950000E+1	5.37902627E-7
2.66270000E+1	5.88905329E-7
2.72580000E+1	5.98178671E-7
2.78890000E+1	4.72990220E-7
2.85200000E+1	5.28629531E-7
2.91520000E+1	5.61085796E-7
2.97830000E+1	6.77001029E-7
3.04140000E+1	6.76999081E-7
3.10450000E+1	6.58452647E-7
3.16760000E+1	5.98176738E-7
3.23070000E+1	5.05444570E-7
3.29390000E+1	5.84260425E-7
3.35700000E+1	6.35263084E-7
3.42010000E+1	6.30626478E-7
3.48330000E+1	7.14085374E-7
3.54640000E+1	6.81629137E-7
3.60950000E+1	5.51798439E-7
3.67270000E+1	6.49167095E-7
3.73580000E+1	5.23978824E-7
3.79900000E+1	6.25984082E-7
3.86220000E+1	6.35237400E-7
3.92550000E+1	5.42505532E-7
3.98860000E+1	5.74961686E-7
4.05180000E+1	5.98144653E-7
4.11500000E+1	7.09422893E-7
4.17820000E+1	7.60429810E-7
4.24140000E+1	5.93512376E-7
4.30460000E+1	6.39878330E-7
4.36780000E+1	6.72334498E-7
4.43100000E+1	6.76994674E-7
4.49420000E+1	7.51180376E-7
4.55740000E+1	7.46543769E-7
4.62060000E+1	7.09450919E-7
4.68380000E+1	6.67721462E-7
4.74700000E+1	6.72353001E-7
4.81020000E+1	5.88894129E-7
4.87340000E+1	6.21350357E-7
4.93660000E+1	5.70347713E-7
4.99980000E+1	7.65071431E-7
5.06300000E+1	7.37251845E-7
5.12620000E+1	8.99532765E-7
5.18940000E+1	8.76349776E-7
5.25260000E+1	1.02008430E-6
5.31580000E+1	1.04326863E-6
5.37900000E+1	1.21482276E-6
5.44220000E+1	1.31219133E-6
5.50540000E+1	1.32146452E-6
5.56860000E+1	1.52083969E-6
5.63180000E+1	1.50692989E-6
5.69500000E+1	1.73875984E-6
5.75820000E+1	1.88713100E-6
5.82140000E+1	1.82221862E-6
5.88650000E+1	1.97057490E-6
5.94940000E+1	2.02157742E-6
6.01260000E+1	2.16531180E-6
6.07580000E+1	2.13749224E-6
6.13910000E+1	2.22560164E-6
6.20220000E+1	2.44815837E-6
6.26540000E+1	2.43888517E-6
6.32870000E+1	2.55016354E-6
6.39190000E+1	2.64753798E-6
6.45510000E+1	2.60117197E-6
6.51830000E+1	2.56871576E-6
6.58150000E+1	2.74954319E-6
6.64470000E+1	2.79127260E-6
6.70790000E+1	2.85154754E-6
6.77110000E+1	2.99528215E-6
6.83430000E+1	2.99064555E-6
6.89750000E+1	2.99991875E-6
6.96070000E+1	3.10192716E-6
7.02390000E+1	3.12047357E-6
7.08710000E+1	3.12511017E-6
7.15030000E+1	3.04628795E-6
7.21350000E+1	3.20393240E-6
7.27670000E+1	3.23175327E-6
7.33990000E+1	3.28275589E-6
7.40310000E+1	3.36621473E-6
7.46630000E+1	3.55631542E-6
7.52950000E+1	3.60731804E-6
7.59270000E+1	3.58880417E-6
7.65590000E+1	3.49143528E-6
7.71910000E+1	3.50070851E-6
7.78230000E+1	3.60735062E-6
7.84550000E+1	3.62125103E-6
7.90870000E+1	3.64907069E-6
7.97190000E+1	3.64443408E-6
8.03510000E+1	3.76034934E-6
8.09830000E+1	3.85771816E-6
8.16150000E+1	3.81597278E-6
8.22470000E+1	3.85306562E-6
8.28790000E+1	4.01071018E-6
8.35110000E+1	3.90406827E-6
8.41430000E+1	3.86234519E-6
8.47750000E+1	4.01071662E-6
8.54070000E+1	3.98753358E-6
8.60390000E+1	3.95507733E-6
8.66710000E+1	3.99217019E-6
8.73030000E+1	4.06170382E-6
8.79350000E+1	4.14979925E-6
8.85670000E+1	4.13125284E-6
8.91990000E+1	4.21007507E-6
8.98310000E+1	4.21471335E-6
9.04630000E+1	4.14052771E-6
9.10950000E+1	4.24716956E-6
9.17280000E+1	4.20544014E-6
9.23600000E+1	4.23789636E-6
9.29920000E+1	4.33064858E-6
9.36240000E+1	4.41874415E-6
9.42560000E+1	4.46974685E-6
9.48880000E+1	4.37237806E-6
9.55200000E+1	4.24719848E-6
9.61520000E+1	4.37238701E-6
9.67840000E+1	4.37238701E-6
9.74170000E+1	4.27038154E-6
9.80490000E+1	4.40947991E-6
9.86550000E+1	4.40483027E-6
9.93130000E+1	4.53001867E-6
9.99450000E+1	4.52538207E-6
1.00577000E+2	4.57174814E-6
1.01209000E+2	4.61808609E-6
1.01841000E+2	4.51144433E-6
1.02473000E+2	4.61808609E-6
1.03105000E+2	4.59490310E-6
1.03737000E+2	4.49289794E-6
1.04370000E+2	4.45118626E-6
1.05002000E+2	4.42336663E-6
1.05634000E+2	4.55319155E-6
1.06266000E+2	4.44191305E-6
1.06898000E+2	4.65521169E-6
1.07530000E+2	4.65057508E-6
1.08162000E+2	4.82212962E-6
1.08794000E+2	4.78040014E-6
1.09426000E+2	4.85922250E-6
1.10058000E+2	4.78501687E-6
1.10690000E+2	4.76647046E-6
1.11322000E+2	4.82210970E-6
1.11954000E+2	4.59027956E-6
1.12586000E+2	4.66446753E-6
1.13218000E+2	4.69692376E-6
1.13850000E+2	4.69692376E-6
1.14482000E+2	4.80356564E-6
1.15114000E+2	4.81283061E-6
1.15746000E+2	4.79428420E-6
1.16378000E+2	4.74791820E-6
1.17010000E+2	4.84065021E-6
1.17642000E+2	4.78501100E-6
1.18274000E+2	4.72936318E-6
1.18906000E+2	4.75718277E-6
1.19538000E+2	4.81282195E-6
1.20170000E+2	4.85918793E-6
1.20802000E+2	4.83136834E-6
1.21434000E+2	4.77112922E-6
1.22066000E+2	4.72476312E-6
1.22698000E+2	4.94732040E-6
1.23330000E+2	4.91022752E-6
1.23962000E+2	5.00297178E-6
1.24594000E+2	4.92878596E-6
1.25226000E+2	4.82678045E-6
1.25858000E+2	4.80823399E-6
1.26490000E+2	4.87314659E-6
1.27122000E+2	4.85457830E-6
1.27754000E+2	4.91485418E-6
1.28386000E+2	4.84066848E-6
1.29018000E+2	4.80357562E-6
1.29650000E+2	4.86382494E-6
1.30282000E+2	4.87773474E-6
1.30914000E+2	4.80818577E-6
1.31546000E+2	4.82673216E-6
1.32178000E+2	4.85454275E-6
1.32810000E+2	4.90554530E-6
1.33442000E+2	4.80354021E-6
1.34074000E+2	4.80354021E-6
1.34706000E+2	4.96118444E-6
1.35338000E+2	4.96581831E-6
1.35970000E+2	4.96118172E-6
1.36602000E+2	5.10491614E-6
1.37234000E+2	4.97972809E-6
1.37866000E+2	4.96118172E-6
1.38498000E+2	5.04464730E-6
1.39130000E+2	5.01682773E-6
1.39762000E+2	5.05855709E-6
1.40394000E+2	5.10028646E-6
1.41026000E+2	5.04930564E-6
1.41658000E+2	4.92875395E-6
1.42290000E+2	4.93802716E-6
1.42922000E+2	4.91020754E-6
1.43554000E+2	4.92411735E-6
1.44186000E+2	4.98439463E-6
1.44818000E+2	5.10030972E-6
1.45450000E+2	5.13276595E-6
1.46082000E+2	5.04930708E-6
1.46714000E+2	5.05394303E-6
1.47346000E+2	5.10494567E-6
1.47978000E+2	4.89629850E-6
1.48584000E+2	4.95193775E-6
1.49242000E+2	5.03076001E-6
1.49874000E+2	4.89165812E-6
1.50506000E+2	4.97048036E-6
1.51138000E+2	5.00757318E-6
1.51770000E+2	5.10030523E-6
1.52402000E+2	5.10031393E-6
1.53034000E+2	5.08640411E-6
1.53666000E+2	5.05394787E-6
1.54298000E+2	5.06322108E-6
1.54930000E+2	4.95194256E-6
1.55562000E+2	5.06785700E-6
1.56194000E+2	5.04003737E-6
1.56826000E+2	5.04931058E-6
1.57458000E+2	5.08176682E-6
1.58090000E+2	5.08640582E-6
1.58722000E+2	5.05858619E-6
1.59354000E+2	5.09567903E-6
1.59986000E+2	5.19304776E-6
1.60618000E+2	5.07713261E-6
1.61250000E+2	5.16060659E-6
1.61882000E+2	5.16524320E-6
1.62514000E+2	5.17915303E-6
1.63146000E+2	5.24870219E-6
1.63778000E+2	5.20698039E-6
1.64410000E+2	5.11424813E-6
1.65042000E+2	5.09106506E-6
1.65674000E+2	5.06324538E-6
1.66306000E+2	5.12815797E-6
1.66938000E+2	5.21626134E-6
1.67570000E+2	5.17453180E-6
1.68202000E+2	5.05397979E-6
1.68834000E+2	5.03543333E-6
1.69467000E+2	5.15134288E-6
1.70099000E+2	5.17452595E-6
1.70731000E+2	5.15134288E-6
1.71363000E+2	5.20234563E-6
1.71995000E+2	4.99833462E-6
1.72627000E+2	5.11887254E-6
1.73259000E+2	5.06323323E-6
1.73891000E+2	5.01686714E-6
1.74523000E+2	4.97513765E-6
1.75155000E+2	5.24869503E-6
1.75787000E+2	5.12350660E-6
1.76419000E+2	5.04004765E-6
1.77051000E+2	5.01686461E-6
1.77683000E+2	5.15132626E-6
1.78315000E+2	5.19304350E-6
1.78947000E+2	5.22549973E-6
1.79579000E+2	5.17913368E-6
1.80211000E+2	5.07712838E-6
1.80843000E+2	5.04467669E-6
1.81475000E+2	5.24405074E-6
1.82107000E+2	5.13740881E-6
1.82739000E+2	5.20695789E-6
1.83371000E+2	5.22550432E-6
1.84003000E+2	5.19305347E-6
1.84635000E+2	5.02613559E-6
1.85267000E+2	5.11886774E-6
1.85899000E+2	5.10032131E-6
1.86531000E+2	5.09567766E-6
1.87161000E+2	5.15595353E-6
1.87794000E+2	5.19768298E-6
1.88425000E+2	5.11886069E-6
1.89057000E+2	5.18840977E-6
1.89689000E+2	5.23013964E-6
1.90321000E+2	5.21159322E-6
1.90953000E+2	5.07249505E-6
1.91585000E+2	5.18841019E-6
1.92217000E+2	5.15595678E-6
1.92849000E+2	5.18841302E-6
1.93481000E+2	5.06786126E-6
1.94113000E+2	5.09568089E-6
1.94745000E+2	5.10031750E-6
1.95377000E+2	5.04004607E-6
1.96009000E+2	5.16059787E-6
1.96641000E+2	5.14205144E-6
1.97273000E+2	5.23478360E-6
1.97905000E+2	5.21623370E-6
1.98537000E+2	5.14668460E-6
1.99169000E+2	5.30896583E-6
1.99801000E+2	5.14668460E-6
2.00433000E+2	5.08640871E-6
2.01065000E+2	5.26724975E-6
2.01697000E+2	5.28115958E-6
2.02329000E+2	5.20697380E-6
2.02961000E+2	5.11887819E-6
2.03593000E+2	5.25335380E-6
2.04225000E+2	5.32290303E-6
2.04857000E+2	5.30899318E-6
2.05489000E+2	5.29971995E-6
2.06121000E+2	5.34608611E-6
2.06753000E+2	5.23481467E-6
2.07385000E+2	5.25799776E-6
2.08017000E+2	5.23481467E-6
2.08649000E+2	5.27190761E-6
2.09281000E+2	5.23017605E-6
2.09913000E+2	5.26263237E-6
2.10545000E+2	5.30899854E-6
2.11177000E+2	5.41100412E-6
2.11809000E+2	5.41564073E-6
2.12441000E+2	5.38780917E-6
2.13073000E+2	5.34144304E-6
2.13705000E+2	5.39244579E-6
2.14337000E+2	5.35998949E-6
2.14969000E+2	5.30894957E-6
2.15601000E+2	5.35995218E-6
2.16233000E+2	5.33676918E-6
2.16865000E+2	5.36458879E-6
2.17497000E+2	5.37849859E-6
2.18129000E+2	5.29502461E-6
2.18761000E+2	5.34139058E-6
2.19394000E+2	5.30893440E-6
2.20026000E+2	5.40166633E-6
2.20658000E+2	5.31822524E-6
2.21290000E+2	5.33213505E-6
2.21922000E+2	5.52223575E-6
2.22554000E+2	5.30895204E-6
2.23186000E+2	5.30431544E-6
2.23818000E+2	5.27189017E-6
2.24451000E+2	5.28580001E-6
2.25083000E+2	5.39244209E-6
2.25715000E+2	5.39244209E-6
2.26347000E+2	5.38781483E-6
2.26979000E+2	5.48982036E-6
2.27611000E+2	5.48982036E-6
2.28243000E+2	5.45736406E-6
2.28875000E+2	5.49445698E-6
2.29507000E+2	5.40171713E-6
2.30139000E+2	5.35535100E-6
2.30771000E+2	5.30434826E-6
2.31403000E+2	5.23479906E-6
2.32035000E+2	5.35069798E-6
2.32667000E+2	5.38315424E-6
2.33299000E+2	5.31360512E-6
2.33931000E+2	5.34142477E-6
2.34563000E+2	5.26723904E-6
2.35195000E+2	5.38777265E-6
2.35827000E+2	5.44804847E-6
2.36459000E+2	5.32286022E-6
2.37091000E+2	5.35531643E-6
2.37723000E+2	5.40633551E-6
2.38355000E+2	5.34142301E-6
2.38987000E+2	5.44806498E-6
2.39619000E+2	5.32287659E-6
2.40251000E+2	5.27651051E-6
2.40883000E+2	5.41560885E-6
2.41515000E+2	5.44342849E-6
2.42147000E+2	5.45733831E-6
2.42779000E+2	5.46197492E-6
2.43411000E+2	5.46198012E-6
2.44043000E+2	5.49907299E-6
2.44675000E+2	5.48516316E-6
2.45307000E+2	5.45734351E-6
2.45939000E+2	5.59181730E-6
2.46571000E+2	5.54081457E-6
2.47201000E+2	5.39244296E-6
2.47833000E+2	5.42953586E-6
2.48465000E+2	5.35998668E-6
2.49097000E+2	5.45734217E-6
2.49729000E+2	5.38779305E-6
2.50361000E+2	5.49907165E-6
2.50993000E+2	5.42488592E-6
2.51625000E+2	5.48051101E-6
2.52257000E+2	5.42487176E-6
2.52889000E+2	5.50369403E-6
2.53521000E+2	5.49442082E-6
2.54153000E+2	5.51760384E-6
2.54785000E+2	5.45732512E-6
2.55417000E+2	5.48978134E-6
2.56049000E+2	5.48978134E-6
2.56681000E+2	5.61033302E-6
2.57314000E+2	5.52687416E-6
2.57945000E+2	5.36460816E-6
2.58577000E+2	5.45734031E-6
2.59209000E+2	5.44806710E-6
2.59841000E+2	5.39706441E-6
2.60473000E+2	5.45736299E-6
2.61105000E+2	5.49909253E-6
2.61737000E+2	5.37854054E-6
2.62369000E+2	5.41563346E-6
2.63001000E+2	5.38781377E-6
2.63633000E+2	5.41098715E-6
2.64265000E+2	5.32289153E-6
2.64897000E+2	5.32289153E-6
2.65529000E+2	5.33216475E-6
2.66161000E+2	5.36461044E-6
2.66793000E+2	5.42488635E-6
2.67425000E+2	5.46197922E-6
2.68057000E+2	5.48052565E-6
2.68689000E+2	5.54080156E-6
2.69321000E+2	5.52690203E-6
2.69952000E+2	5.50371897E-6
2.70584000E+2	5.58717798E-6
2.71216000E+2	5.44344302E-6
2.71848000E+2	5.64746413E-6
2.72480000E+2	5.48518261E-6
2.73112000E+2	5.47590938E-6
2.73744000E+2	5.56864167E-6
2.74376000E+2	5.35072078E-6
2.75007000E+2	5.56861487E-6
2.75639000E+2	5.58716130E-6
2.76271000E+2	5.53615863E-6
2.76903000E+2	5.52224881E-6
2.77535000E+2	5.46198039E-6
2.78167000E+2	5.47125361E-6
2.78799000E+2	5.26260621E-6
2.79431000E+2	5.30433569E-6
2.80063000E+2	5.39706786E-6
2.80695000E+2	5.52691288E-6
2.81327000E+2	5.54082272E-6
2.81959000E+2	5.47591011E-6
2.82591000E+2	5.50372980E-6
2.83223000E+2	5.67528316E-6
2.83855000E+2	5.50836503E-6
2.84487000E+2	5.59646071E-6
2.85119000E+2	5.55936779E-6
2.85751000E+2	5.45272565E-6
2.86383000E+2	5.37390880E-6
2.87015000E+2	5.45736790E-6
2.87647000E+2	5.49446083E-6
2.88279000E+2	5.44345805E-6
2.88911000E+2	5.46199123E-6
2.89543000E+2	5.42026172E-6
2.90175000E+2	5.45735462E-6
2.90807000E+2	5.49444752E-6
2.91439000E+2	5.64281911E-6
2.92071000E+2	5.47125062E-6
2.92703000E+2	5.47588723E-6
2.93335000E+2	5.51298009E-6
2.93967000E+2	5.54543635E-6
2.94599000E+2	5.49906975E-6
2.95231000E+2	5.47588671E-6
2.95863000E+2	5.37388134E-6
2.96495000E+2	5.47125010E-6
2.97127000E+2	5.42952063E-6
2.97759000E+2	5.32288937E-6
2.98391000E+2	5.51762703E-6
2.99023000E+2	5.34607242E-6
2.99655000E+2	5.28115987E-6
3.00287000E+2	5.42953080E-6
3.00919000E+2	5.41098436E-6
3.01551000E+2	5.36461825E-6
3.02183000E+2	5.39243791E-6
3.02815000E+2	5.53617285E-6
3.03447000E+2	5.42949562E-6
3.04079000E+2	5.41094922E-6
3.04711000E+2	5.38312962E-6
3.05343000E+2	5.35531002E-6
3.05975000E+2	5.39239450E-6
3.06607000E+2	5.49903624E-6
3.07239000E+2	5.44339707E-6
3.07845000E+2	5.30893575E-6
3.08503000E+2	5.38312131E-6
3.09135000E+2	5.39244340E-6
3.09767000E+2	5.33216744E-6
3.10399000E+2	5.39708001E-6
3.11031000E+2	5.41098985E-6
3.11663000E+2	5.31827104E-6
3.12295000E+2	5.36927383E-6
3.12927000E+2	5.45736955E-6
3.13559000E+2	5.45736955E-6
3.14191000E+2	5.49446248E-6
3.14823000E+2	5.65673535E-6
3.15455000E+2	5.48054401E-6
3.16087000E+2	5.39708495E-6
3.16719000E+2	5.51763692E-6
3.17351000E+2	5.47126940E-6
3.17983000E+2	5.54081861E-6
3.18615000E+2	5.56863829E-6
3.19247000E+2	5.44808633E-6
3.19879000E+2	5.31826114E-6
3.20511000E+2	5.29044028E-6
3.21143000E+2	5.44344853E-6
3.21775000E+2	5.34607964E-6
3.22407000E+2	5.40171901E-6
3.23039000E+2	5.47588129E-6
3.23671000E+2	5.51297414E-6
3.24303000E+2	5.61961607E-6
3.24935000E+2	5.43878844E-6
3.25567000E+2	5.55934020E-6
3.26199000E+2	5.54542577E-6
3.26831000E+2	5.46660349E-6
3.27463000E+2	5.50369633E-6
3.28095000E+2	5.39241782E-6
3.28727000E+2	5.56400659E-6
3.29359000E+2	5.52227705E-6
3.29991000E+2	5.48982074E-6
3.30623000E+2	5.51764043E-6
3.31255000E+2	5.57327982E-6
3.31887000E+2	5.62427942E-6
3.32519000E+2	5.48518099E-6
3.33151000E+2	5.42026838E-6
3.33783000E+2	5.55936682E-6
3.34415000E+2	5.52226028E-6
3.35047000E+2	5.56398977E-6
3.35679000E+2	5.60108265E-6
3.36311000E+2	5.48053078E-6
3.36943000E+2	5.58253621E-6
3.37575000E+2	5.61962659E-6
3.38207000E+2	5.58253371E-6
3.38839000E+2	5.48516492E-6
3.39471000E+2	5.50371135E-6
3.40103000E+2	5.59643559E-6
3.40735000E+2	5.79580968E-6
3.41367000E+2	6.05545966E-6
3.41999000E+2	6.26410697E-6
3.42631000E+2	6.50984713E-6
3.43263000E+2	6.95031988E-6
3.43896000E+2	7.17751354E-6
3.44528000E+2	7.49743932E-6
3.45160000E+2	7.71535978E-6
3.45792000E+2	8.12339319E-6
3.46424000E+2	8.37840666E-6
3.47056000E+2	8.69833266E-6
3.47688000E+2	9.00434883E-6
3.48321000E+2	9.34745787E-6
3.48953000E+2	9.43090679E-6
3.49585000E+2	9.78792547E-6
3.50217000E+2	1.00197558E-5
3.50849000E+2	1.02979522E-5
3.51481000E+2	1.05714978E-5
3.52113000E+2	1.07986914E-5
3.52745000E+2	1.10676143E-5
3.53377000E+2	1.12948079E-5
3.54009000E+2	1.13921765E-5
3.54641000E+2	1.16703948E-5
3.55273000E+2	1.20552332E-5
3.55905000E+2	1.20274136E-5
3.56537000E+2	1.22453342E-5
3.57169000E+2	1.24818162E-5
3.57801000E+2	1.25884582E-5
3.58433000E+2	1.28110155E-5
3.59065000E+2	1.30335729E-5
3.59697000E+2	1.31123850E-5
3.60329000E+2	1.32514832E-5
3.60961000E+2	1.35389530E-5
3.61593000E+2	1.38866987E-5
3.62225000E+2	1.39098817E-5
3.62855000E+2	1.41231563E-5
3.63487000E+2	1.40443340E-5
3.64119000E+2	1.42344349E-5
3.64751000E+2	1.44662652E-5
3.65383000E+2	1.45451333E-5
3.66015000E+2	1.45636797E-5
3.66647000E+2	1.47398711E-5
3.67279000E+2	1.48882428E-5
3.67911000E+2	1.49253358E-5
3.68543000E+2	1.50644420E-5
3.69175000E+2	1.51896306E-5
3.69807000E+2	1.53055461E-5
3.70439000E+2	1.55002840E-5
3.71071000E+2	1.55605025E-5
3.71703000E+2	1.57923328E-5
3.72335000E+2	1.58989747E-5
3.72967000E+2	1.59082479E-5
3.73599000E+2	1.59546140E-5
3.74232000E+2	1.61725456E-5
3.74864000E+2	1.60380839E-5
3.75496000E+2	1.62699144E-5
3.76128000E+2	1.60519937E-5
3.76760000E+2	1.63534126E-5
3.77392000E+2	1.64461449E-5
3.78024000E+2	1.65064209E-5
3.78656000E+2	1.65017843E-5
3.79288000E+2	1.66918856E-5
3.79920000E+2	1.68264169E-5
3.80552000E+2	1.67058646E-5
3.81184000E+2	1.67754140E-5
3.81816000E+2	1.69794257E-5
3.82448000E+2	1.71370980E-5
3.83080000E+2	1.71881010E-5
3.83712000E+2	1.72761970E-5
3.84344000E+2	1.73828396E-5
3.84976000E+2	1.74152960E-5
3.85608000E+2	1.73086017E-5
3.86241000E+2	1.74291539E-5
3.86874000E+2	1.74755201E-5
3.87505000E+2	1.75960724E-5
3.88137000E+2	1.76006694E-5
3.88769000E+2	1.76655820E-5
3.89401000E+2	1.76284891E-5
3.90033000E+2	1.77351312E-5
3.90665000E+2	1.78695931E-5
3.91297000E+2	1.78463760E-5
3.91929000E+2	1.78046465E-5
3.92561000E+2	1.77072777E-5
3.93193000E+2	1.77536438E-5
3.93825000E+2	1.79483825E-5
3.94457000E+2	1.79993853E-5
3.95089000E+2	1.80503880E-5
3.95721000E+2	1.81245738E-5
3.96353000E+2	1.82358524E-5
3.96985000E+2	1.83239769E-5
3.97617000E+2	1.83796163E-5
3.98249000E+2	1.82776108E-5
3.98881000E+2	1.83981628E-5
3.99513000E+2	1.83425064E-5
4.00145000E+2	1.83332332E-5
4.00777000E+2	1.83378698E-5
4.01409000E+2	1.82961403E-5
4.02041000E+2	1.83193234E-5
4.02673000E+2	1.83517167E-5
4.03305000E+2	1.83517167E-5
4.03937000E+2	1.82172552E-5
4.04569000E+2	1.84815416E-5
4.05201000E+2	1.86252871E-5
4.05834000E+2	1.85789210E-5
4.06465000E+2	1.86067406E-5
4.07097000E+2	1.87690218E-5
4.07729000E+2	1.86392467E-5
4.08361000E+2	1.86531566E-5
4.08993000E+2	1.86531566E-5
4.09625000E+2	1.85465145E-5
4.10257000E+2	1.86809763E-5
4.10889000E+2	1.85418541E-5
4.11521000E+2	1.86624060E-5
4.12153000E+2	1.86670426E-5
4.12785000E+2	1.87551382E-5
4.13417000E+2	1.89173960E-5
4.14049000E+2	1.88107541E-5
4.14681000E+2	1.89081228E-5
4.15313000E+2	1.88478469E-5
4.15945000E+2	1.89313058E-5
4.16577000E+2	1.88478363E-5
4.17209000E+2	1.88663827E-5
4.17841000E+2	1.87921971E-5
4.18474000E+2	1.89220220E-5
4.19106000E+2	1.89451993E-5
4.19738000E+2	1.89637457E-5
4.20370000E+2	1.91631196E-5
4.21002000E+2	1.91260268E-5
4.21634000E+2	1.90472046E-5
4.22266000E+2	1.90611689E-5
4.22898000E+2	1.90750787E-5
4.23530000E+2	1.90843519E-5
4.24162000E+2	1.90750787E-5
4.24795000E+2	1.90797439E-5
4.25427000E+2	1.91817494E-5
4.26059000E+2	1.91168368E-5
4.26691000E+2	1.91307467E-5
4.27323000E+2	1.92002959E-5
4.27955000E+2	1.91910206E-5
4.28587000E+2	1.91307446E-5
4.29219000E+2	1.91400179E-5
4.29851000E+2	1.91400179E-5
4.30483000E+2	1.92049692E-5
4.31115000E+2	1.90751438E-5
4.31747000E+2	1.93579777E-5
4.32379000E+2	1.92327889E-5
4.33011000E+2	1.93301580E-5
4.33643000E+2	1.93440692E-5
4.34275000E+2	1.93950721E-5
4.34907000E+2	1.94228918E-5
4.35539000E+2	1.93718890E-5
4.36171000E+2	1.94228890E-5
4.36803000E+2	1.93626129E-5
4.37435000E+2	1.93301566E-5
4.38067000E+2	1.94275256E-5
4.38699000E+2	1.93208833E-5
4.39331000E+2	1.92698536E-5
4.39963000E+2	1.94274986E-5
4.40595000E+2	1.94228619E-5
4.41227000E+2	1.94414084E-5
4.41859000E+2	1.92790702E-5
4.42491000E+2	1.94042586E-5
4.43123000E+2	1.95248104E-5
4.43755000E+2	1.95387202E-5
4.44387000E+2	1.94459881E-5
4.45019000E+2	1.94413464E-5
4.45651000E+2	1.93671607E-5
4.46283000E+2	1.93949804E-5
4.46915000E+2	1.95572616E-5
4.47547000E+2	1.95572891E-5
4.48179000E+2	1.94877399E-5
4.48811000E+2	1.94599202E-5
4.49443000E+2	1.96036552E-5
4.50075000E+2	1.95294694E-5
4.50707000E+2	1.94367298E-5
4.51339000E+2	1.94089101E-5
4.51971000E+2	1.95016423E-5
4.52603000E+2	1.95711915E-5
4.53235000E+2	1.95433580E-5
4.53867000E+2	1.95433580E-5
4.54499000E+2	1.94552624E-5
4.55131000E+2	1.94088963E-5
4.55763000E+2	1.95619044E-5
4.56395000E+2	1.95619136E-5
4.57027000E+2	1.95340940E-5
4.57659000E+2	1.96639190E-5
4.58291000E+2	1.97241950E-5
4.58923000E+2	1.96685359E-5
4.59555000E+2	1.96175332E-5
4.60187000E+2	1.96917189E-5
4.60819000E+2	1.95062547E-5
4.61451000E+2	1.95758038E-5
4.62083000E+2	1.95155370E-5
4.62715000E+2	1.96082692E-5
4.63347000E+2	1.95943594E-5
4.63979000E+2	1.96453620E-5
4.64611000E+2	1.95480349E-5
4.65243000E+2	1.96268573E-5
4.65875000E+2	1.96546770E-5
4.66507000E+2	1.96407672E-5
4.67139000E+2	1.97103164E-5
4.67771000E+2	1.95527006E-5
4.68403000E+2	1.96686161E-5
4.69035000E+2	1.95248809E-5
4.69667000E+2	1.97196189E-5
4.70299000E+2	1.95434242E-5
4.70931000E+2	1.97149791E-5
4.71563000E+2	1.97149791E-5
4.72195000E+2	1.95944270E-5
4.72827000E+2	1.95665927E-5
4.73459000E+2	1.94877702E-5
4.74091000E+2	1.95341364E-5
4.74723000E+2	1.95805025E-5
4.75355000E+2	1.96175955E-5
4.75987000E+2	1.95758622E-5
4.76619000E+2	1.96175917E-5
4.77251000E+2	1.96778677E-5
4.77883000E+2	1.97659634E-5
4.78513000E+2	1.96454656E-5
4.79145000E+2	1.95666430E-5
4.79777000E+2	1.96825586E-5
4.80409000E+2	1.96361924E-5
4.81041000E+2	1.98494771E-5
4.81673000E+2	1.96408139E-5
4.82305000E+2	1.98448252E-5
4.82937000E+2	1.97335463E-5
4.83569000E+2	1.98401886E-5
4.84201000E+2	1.97984111E-5
4.84833000E+2	1.97103154E-5
4.85465000E+2	1.96917690E-5
4.86097000E+2	1.96824957E-5
4.86729000E+2	1.95804902E-5
4.87361000E+2	1.96222246E-5
4.87993000E+2	1.96454077E-5
4.88625000E+2	1.97474133E-5
4.89257000E+2	1.97659597E-5
4.89889000E+2	1.98308839E-5
4.90521000E+2	1.97937909E-5
4.91153000E+2	1.98216106E-5
4.91785000E+2	1.96732389E-5
4.92417000E+2	1.98355205E-5
4.93049000E+2	1.99514759E-5
4.93681000E+2	1.98819265E-5
4.94313000E+2	1.97845574E-5
4.94945000E+2	1.97196447E-5
4.95577000E+2	1.98076666E-5
4.96209000E+2	1.98679426E-5
4.96841000E+2	1.96917513E-5
4.97473000E+2	1.97195710E-5
4.98105000E+2	1.97844835E-5
4.98737000E+2	1.99328141E-5
4.99369000E+2	1.96778008E-5
5.00001000E+2	1.98725382E-5
5.00633000E+2	1.98632650E-5
5.01265000E+2	1.99421325E-5
5.01897000E+2	1.98215806E-5
5.02529000E+2	1.97473948E-5
5.03135000E+2	1.97473948E-5
5.03793000E+2	1.96082964E-5
5.04425000E+2	1.96175384E-5
5.05057000E+2	1.95989919E-5
5.05689000E+2	1.95479893E-5
5.06321000E+2	1.97427268E-5
5.06953000E+2	1.96221553E-5
5.07585000E+2	1.98308025E-5
5.08218000E+2	1.99003516E-5
5.08850000E+2	1.98678954E-5
5.09482000E+2	1.97844365E-5
5.10114000E+2	1.97288476E-5
5.10746000E+2	1.98308531E-5
5.11378000E+2	1.98725826E-5
5.12010000E+2	1.99374952E-5
5.12642000E+2	1.98494094E-5
5.13274000E+2	1.97705870E-5
5.13906000E+2	1.98494094E-5
5.14538000E+2	1.98030433E-5
5.15170000E+2	1.95712126E-5
5.15802000E+2	1.97890998E-5
5.16434000E+2	1.98261927E-5
5.17066000E+2	1.98261927E-5
5.17698000E+2	1.99050151E-5
5.18330000E+2	1.98400842E-5
5.18962000E+2	1.98076279E-5
5.19594000E+2	1.98679038E-5
5.20226000E+2	1.98586306E-5
5.20858000E+2	1.98493574E-5
5.21490000E+2	1.97288169E-5
5.22122000E+2	1.98076392E-5
5.22754000E+2	1.97890928E-5
5.23386000E+2	1.97705464E-5
5.24018000E+2	1.97520189E-5
5.24650000E+2	1.98122948E-5
5.25282000E+2	1.98957538E-5
5.25914000E+2	1.98401145E-5
5.26546000E+2	1.97334725E-5
5.27178000E+2	1.97427665E-5
5.27810000E+2	1.97195834E-5
5.28442000E+2	1.98633184E-5
5.29074000E+2	1.97288566E-5
5.29706000E+2	1.97798943E-5
5.30338000E+2	1.97798943E-5
5.30970000E+2	1.98633534E-5
5.31602000E+2	1.99050830E-5
5.32234000E+2	1.98957846E-5
5.32866000E+2	1.98865114E-5
5.33498000E+2	1.98355086E-5
5.34130000E+2	1.98076889E-5
5.34762000E+2	1.99931535E-5
5.35394000E+2	1.98958098E-5
5.36026000E+2	1.99468126E-5
5.36658000E+2	1.97984408E-5
5.37290000E+2	1.99746324E-5
5.37922000E+2	1.98170339E-5
5.38554000E+2	1.98773101E-5
5.39186000E+2	1.98263072E-5
5.39818000E+2	1.98819467E-5
5.40450000E+2	1.99051298E-5
5.41082000E+2	1.98819649E-5
5.41714000E+2	1.98819649E-5
5.42346000E+2	1.99144213E-5
5.42978000E+2	1.99144213E-5
5.43610000E+2	2.00024559E-5
5.44242000E+2	2.00488221E-5
5.44874000E+2	1.99468165E-5
5.45506000E+2	1.99885460E-5
5.46138000E+2	2.00210024E-5
5.46770000E+2	1.99885012E-5
5.47402000E+2	2.00163208E-5
5.48034000E+2	1.99931378E-5
5.48666000E+2	2.00116842E-5
5.49298000E+2	2.00209701E-5
5.49930000E+2	2.00673362E-5
5.50562000E+2	1.98169590E-5
5.51194000E+2	1.98355055E-5
5.51826000E+2	1.97520464E-5
5.52458000E+2	1.97010499E-5
5.53090000E+2	1.98123287E-5
5.53722000E+2	2.00117031E-5
5.54354000E+2	1.98865145E-5
5.54986000E+2	1.99468426E-5
5.55618000E+2	1.99561159E-5
5.56250000E+2	1.99653891E-5
5.56882000E+2	2.01415808E-5
5.57514000E+2	2.00163920E-5
5.58146000E+2	2.00487969E-5
5.58778000E+2	1.99792476E-5
5.59410000E+2	1.99607012E-5
5.60042000E+2	2.00905264E-5
5.60673000E+2	2.01183258E-5
5.61305000E+2	2.00348668E-5
5.61937000E+2	2.00348668E-5
5.62569000E+2	1.98772219E-5
5.63201000E+2	1.98864952E-5
5.63833000E+2	1.99190110E-5
5.64465000E+2	1.98819180E-5
5.65097000E+2	1.99421941E-5
5.65729000E+2	1.99421941E-5
5.66361000E+2	1.99468366E-5
5.66993000E+2	2.00117493E-5
5.67625000E+2	1.99468366E-5
5.68257000E+2	2.00534789E-5
5.68889000E+2	1.99885662E-5
5.69521000E+2	2.00488499E-5
5.70153000E+2	2.00256668E-5
5.70785000E+2	2.00998527E-5
5.71417000E+2	2.00071203E-5
5.72049000E+2	2.00349144E-5
5.72681000E+2	1.98679960E-5
5.73313000E+2	1.99143622E-5
5.73945000E+2	1.98169932E-5
5.74577000E+2	1.99375453E-5
5.75209000E+2	1.98587206E-5
5.75841000E+2	1.99607263E-5
5.76473000E+2	1.98911770E-5
5.77105000E+2	2.00117291E-5
5.77737000E+2	2.00117487E-5
5.78369000E+2	1.99282895E-5
5.79001000E+2	1.99607459E-5
5.79633000E+2	1.99282895E-5
5.80265000E+2	1.98680134E-5
5.80897000E+2	1.98865090E-5
5.81529000E+2	1.99653315E-5
5.82161000E+2	1.99699681E-5
5.82793000E+2	2.00163342E-5
5.83425000E+2	2.00394960E-5
5.84057000E+2	1.99514004E-5
5.84689000E+2	1.99792201E-5
5.85321000E+2	1.99143075E-5
5.85953000E+2	1.98818129E-5
5.86585000E+2	1.99189057E-5
5.87217000E+2	1.99235423E-5
5.87849000E+2	1.98864495E-5
5.88481000E+2	1.98910861E-5
5.89113000E+2	1.99791552E-5
5.89745000E+2	1.99837918E-5
5.90377000E+2	1.99513356E-5
5.91009000E+2	1.99420624E-5
5.91641000E+2	1.99652886E-5
5.92273000E+2	1.99003761E-5
5.92905000E+2	1.98586466E-5
5.93537000E+2	1.99281958E-5
5.94168000E+2	2.00302012E-5
5.94800000E+2	2.00163005E-5
5.95432000E+2	1.99096585E-5
5.96064000E+2	2.00255737E-5
5.96696000E+2	1.99884808E-5
5.97328000E+2	1.99050369E-5
5.97960000E+2	2.01090478E-5
5.98592000E+2	1.99374932E-5
5.99224000E+2	1.98076680E-5
5.99856000E+2	1.97891216E-5
6.00488000E+2	1.97798729E-5
6.01120000E+2	1.98076926E-5
6.01752000E+2	1.99236080E-5
6.02384000E+2	1.98679686E-5
6.03016000E+2	1.97752107E-5
6.03648000E+2	1.98215768E-5
6.04280000E+2	1.98030304E-5
6.04912000E+2	1.97705741E-5
6.05544000E+2	1.98308501E-5
6.06176000E+2	1.97010072E-5
6.06808000E+2	1.96221848E-5
6.07440000E+2	1.97010072E-5
6.08072000E+2	1.97566465E-5
6.08704000E+2	1.97520117E-5
6.09336000E+2	1.98586537E-5
6.09968000E+2	1.98122876E-5
6.10600000E+2	1.98308341E-5
6.11232000E+2	1.98261975E-5
6.11864000E+2	1.98540016E-5
6.12496000E+2	1.96175346E-5
6.13128000E+2	1.97241766E-5
6.13760000E+2	1.97334498E-5
6.14392000E+2	1.97891194E-5
6.15024000E+2	1.97983926E-5
6.15656000E+2	1.96871140E-5
6.16288000E+2	1.99374910E-5
6.16920000E+2	1.99374910E-5
6.17552000E+2	1.99282689E-5
6.18184000E+2	1.98169901E-5
6.18816000E+2	1.99236323E-5
6.19448000E+2	1.97845337E-5
6.20080000E+2	1.98030960E-5
6.20712000E+2	1.97335466E-5
6.21344000E+2	1.96408142E-5
6.21976000E+2	1.97613664E-5
6.22608000E+2	1.97938227E-5
6.23240000E+2	1.98216079E-5
6.23872000E+2	1.97196023E-5
6.24504000E+2	1.97984248E-5
6.25136000E+2	1.98355177E-5
6.25768000E+2	1.97195704E-5
6.26400000E+2	1.98169392E-5
6.27032000E+2	1.99235813E-5
6.27665000E+2	1.99143080E-5
6.28297000E+2	1.98725785E-5
6.28929000E+2	1.98494219E-5
6.29561000E+2	1.97613262E-5
6.30193000E+2	1.98540585E-5
6.30825000E+2	1.97659628E-5
6.31457000E+2	1.97474052E-5
6.32089000E+2	1.98401375E-5
6.32721000E+2	1.97520418E-5
6.33353000E+2	1.96824926E-5
6.33985000E+2	1.97659517E-5
6.34617000E+2	1.99236055E-5
6.35249000E+2	1.98447830E-5
6.35881000E+2	1.99189688E-5
6.36513000E+2	1.99375153E-5
6.37145000E+2	1.98262289E-5
6.37777000E+2	1.97844994E-5
6.38409000E+2	1.97891360E-5
6.39041000E+2	1.96546742E-5
6.39673000E+2	1.97890942E-5
6.40305000E+2	1.98679165E-5
6.40937000E+2	1.97659111E-5
6.41569000E+2	1.98030040E-5
6.42201000E+2	1.98771897E-5
6.42833000E+2	1.97659779E-5
6.43465000E+2	1.99978088E-5
6.44097000E+2	1.98587102E-5
6.44729000E+2	1.99699891E-5
6.45361000E+2	1.98587126E-5
6.45993000E+2	1.99050788E-5
6.46625000E+2	1.99421718E-5
6.47257000E+2	1.99468084E-5
6.47889000E+2	1.99931746E-5
6.48521000E+2	2.02667306E-5
6.49153000E+2	2.05495643E-5
6.49785000E+2	2.09946797E-5
6.50417000E+2	2.14583415E-5
6.51049000E+2	2.19591132E-5
6.51681000E+2	2.24876879E-5
6.52313000E+2	2.30208993E-5
6.52945000E+2	2.35262909E-5
6.53577000E+2	2.41105051E-5
6.54209000E+2	2.46019571E-5
6.54841000E+2	2.50146160E-5
6.55473000E+2	2.55060973E-5
6.56105000E+2	2.59094829E-5
6.56737000E+2	2.62896899E-5
6.57370000E+2	2.69480895E-5
6.58002000E+2	2.73932048E-5
6.58634000E+2	2.77873172E-5
6.59264000E+2	2.80608776E-5
6.59896000E+2	2.84317487E-5
6.60528000E+2	2.88444070E-5
6.61160000E+2	2.92014260E-5
6.61792000E+2	2.96465405E-5
6.62424000E+2	3.00267964E-5
6.63056000E+2	3.05646439E-5
6.63688000E+2	3.07315621E-5
6.64320000E+2	3.10839449E-5
6.64952000E+2	3.13760517E-5
6.65584000E+2	3.16172185E-5
6.66216000E+2	3.18536863E-5
6.66848000E+2	3.22988022E-5
6.67480000E+2	3.25955461E-5
6.68112000E+2	3.29478555E-5
6.68744000E+2	3.30266780E-5
6.69376000E+2	3.32724186E-5
6.70008000E+2	3.35135226E-5
6.70640000E+2	3.39400912E-5
6.71272000E+2	3.41301974E-5
6.71904000E+2	3.43156620E-5
6.72536000E+2	3.47005012E-5
6.73168000E+2	3.48906024E-5
6.73800000E+2	3.51363622E-5
6.74432000E+2	3.53821030E-5
6.75064000E+2	3.53821030E-5
6.75696000E+2	3.56092973E-5
6.76328000E+2	3.57020296E-5
6.76960000E+2	3.60543862E-5
6.77592000E+2	3.62305776E-5
6.78224000E+2	3.63696761E-5
6.78856000E+2	3.65690505E-5
6.79488000E+2	3.68379325E-5
6.80120000E+2	3.68611156E-5
6.80752000E+2	3.69955773E-5
6.81384000E+2	3.71346756E-5
6.82016000E+2	3.72645007E-5
6.82648000E+2	3.74777413E-5
6.83280000E+2	3.76632055E-5
6.83912000E+2	3.77976671E-5
6.84544000E+2	3.79831314E-5
6.85176000E+2	3.81918228E-5
6.85808000E+2	3.83401944E-5
6.86440000E+2	3.83958337E-5
6.87072000E+2	3.85210222E-5
6.87704000E+2	3.87482161E-5
6.88336000E+2	3.88084827E-5
6.88968000E+2	3.88455756E-5
6.89600000E+2	3.89522176E-5
6.90232000E+2	3.89568542E-5
6.90864000E+2	3.91746971E-5
6.91496000E+2	3.93369782E-5
6.92128000E+2	3.93833443E-5
6.92760000E+2	3.94111639E-5
6.93392000E+2	3.96755083E-5
6.94024000E+2	3.98377896E-5
6.94656000E+2	3.99073387E-5
6.95288000E+2	3.98146066E-5
6.95920000E+2	4.00278905E-5
6.96552000E+2	3.99677361E-5
6.97184000E+2	4.00697418E-5
6.97816000E+2	4.02412967E-5
6.98448000E+2	4.01949305E-5
6.99080000E+2	4.04035237E-5
6.99712000E+2	4.03293379E-5
7.00344000E+2	4.03247013E-5
7.00976000E+2	4.06399911E-5
7.01608000E+2	4.05148025E-5
7.02240000E+2	4.05611542E-5
7.02872000E+2	4.08208046E-5
7.03504000E+2	4.08439876E-5
7.04136000E+2	4.09923593E-5
7.04768000E+2	4.09228869E-5
7.05400000E+2	4.09460700E-5
7.06032000E+2	4.10898052E-5
7.06664000E+2	4.11593545E-5
7.07296000E+2	4.12567235E-5
7.07928000E+2	4.11825279E-5
7.08560000E+2	4.12984434E-5
7.09192000E+2	4.11918012E-5
7.09824000E+2	4.14189955E-5
7.10456000E+2	4.14653385E-5
7.11088000E+2	4.13679696E-5
7.11720000E+2	4.16786229E-5
7.12352000E+2	4.16600764E-5
7.12984000E+2	4.16508032E-5
7.13616000E+2	4.17806227E-5
7.14248000E+2	4.18548086E-5
7.14880000E+2	4.18223522E-5
7.15512000E+2	4.17991692E-5
7.16144000E+2	4.17945589E-5
7.16776000E+2	4.19429307E-5
7.17408000E+2	4.18965645E-5
7.18040000E+2	4.20356631E-5
7.18672000E+2	4.20263898E-5
7.19304000E+2	4.22164935E-5
7.19936000E+2	4.22582231E-5
7.20568000E+2	4.23092259E-5
7.21200000E+2	4.24205048E-5
7.21832000E+2	4.23741767E-5
7.22464000E+2	4.22211682E-5
7.23096000E+2	4.23139006E-5
7.23728000E+2	4.22350781E-5
7.24360000E+2	4.23556302E-5
7.24993000E+2	4.24390419E-5
7.25624000E+2	4.24622250E-5
7.26256000E+2	4.24344052E-5
7.26889000E+2	4.23787658E-5
7.27521000E+2	4.24065466E-5
7.28153000E+2	4.24529128E-5
7.28785000E+2	4.24297297E-5
7.29417000E+2	4.24204565E-5
7.30049000E+2	4.26012845E-5
7.30681000E+2	4.25364262E-5
7.31313000E+2	4.27497107E-5
7.31945000E+2	4.27914402E-5
7.32577000E+2	4.28470797E-5
7.33209000E+2	4.28470483E-5
7.33841000E+2	4.28841412E-5
7.34473000E+2	4.28192286E-5
7.35105000E+2	4.28285018E-5
7.35737000E+2	4.28795046E-5
7.36369000E+2	4.31021075E-5
7.37001000E+2	4.30418315E-5
7.37633000E+2	4.29351892E-5
7.38265000E+2	4.28656399E-5
7.38897000E+2	4.29769395E-5
7.39529000E+2	4.30093959E-5
7.40161000E+2	4.29120268E-5
7.40793000E+2	4.29259367E-5
7.41425000E+2	4.29908494E-5
7.42057000E+2	4.30418108E-5
7.42689000E+2	4.29583517E-5
7.43295000E+2	4.30325376E-5
7.43953000E+2	4.31901826E-5
7.44585000E+2	4.31346054E-5
7.45217000E+2	4.29955066E-5
7.45849000E+2	4.31577885E-5
7.46481000E+2	4.32551576E-5
7.47113000E+2	4.31392225E-5
7.47745000E+2	4.31948620E-5
7.48377000E+2	4.31484957E-5
7.49009000E+2	4.32505014E-5
7.49641000E+2	4.32597747E-5
7.50273000E+2	4.33060760E-5
7.50905000E+2	4.32875295E-5
7.51537000E+2	4.31808873E-5
7.52169000E+2	4.32133436E-5
7.52801000E+2	4.32411329E-5
7.53433000E+2	4.33663215E-5
7.54065000E+2	4.33338652E-5
7.54697000E+2	4.33199554E-5
7.55329000E+2	4.31901302E-5
7.55961000E+2	4.34034007E-5
7.56593000E+2	4.34914963E-5
7.57225000E+2	4.33755810E-5
7.57857000E+2	4.34358570E-5
7.58489000E+2	4.34081117E-5
7.59121000E+2	4.33292892E-5
7.59753000E+2	4.33246526E-5
7.60385000E+2	4.34081117E-5
7.61017000E+2	4.33988385E-5
7.61649000E+2	4.33571634E-5
7.62281000E+2	4.34823523E-5
7.62913000E+2	4.33896198E-5
7.63545000E+2	4.35750848E-5
7.64177000E+2	4.34313279E-5
7.64809000E+2	4.33988715E-5
7.65441000E+2	4.34498744E-5
7.66073000E+2	4.34591476E-5
7.66705000E+2	4.33942349E-5
7.67337000E+2	4.35750481E-5
7.67969000E+2	4.35750481E-5
7.68601000E+2	4.36306875E-5
7.69233000E+2	4.36399608E-5
7.69865000E+2	4.34266189E-5
7.70497000E+2	4.35610807E-5
7.71129000E+2	4.35935371E-5
7.71761000E+2	4.35425343E-5
7.72393000E+2	4.37187257E-5
7.73025000E+2	4.36398340E-5
7.73657000E+2	4.35285554E-5
7.74289000E+2	4.35795581E-5
7.74921000E+2	4.35888313E-5
7.75553000E+2	4.36398244E-5
7.76185000E+2	4.35841851E-5
7.76817000E+2	4.36676440E-5
7.77449000E+2	4.36444610E-5
7.78081000E+2	4.36908271E-5
7.78713000E+2	4.36259821E-5
7.79345000E+2	4.36213455E-5
7.79977000E+2	4.35425230E-5
7.80609000E+2	4.36769849E-5
7.81241000E+2	4.36445627E-5
7.81873000E+2	4.36028331E-5
7.82505000E+2	4.37465683E-5
7.83137000E+2	4.37187486E-5
7.83769000E+2	4.36538360E-5
7.84401000E+2	4.36213587E-5
7.85033000E+2	4.35749925E-5
7.85665000E+2	4.36213587E-5
7.86297000E+2	4.36352685E-5
7.86929000E+2	4.37419305E-5
7.87561000E+2	4.36723813E-5
7.88193000E+2	4.36491982E-5
7.88825000E+2	4.37419305E-5
7.89457000E+2	4.37094742E-5
7.90089000E+2	4.37140621E-5
7.90721000E+2	4.37047889E-5
7.91353000E+2	4.36352397E-5
7.91985000E+2	4.36862425E-5
7.92617000E+2	4.37001868E-5
7.93249000E+2	4.37465529E-5
7.93881000E+2	4.37187332E-5
7.94513000E+2	4.37836459E-5
7.95145000E+2	4.37790093E-5
7.95777000E+2	4.37280813E-5
7.96409000E+2	4.36399855E-5
7.97041000E+2	4.37976307E-5
7.97673000E+2	4.37883574E-5
7.98305000E+2	4.38949934E-5
7.98937000E+2	4.38393539E-5
7.99569000E+2	4.38486272E-5
8.00201000E+2	4.36817087E-5
8.00833000E+2	4.37373507E-5
8.01465000E+2	4.35982520E-5
8.02097000E+2	4.35750689E-5
8.02729000E+2	4.35565224E-5
8.03361000E+2	4.36770746E-5
8.03993000E+2	4.38438987E-5
8.04625000E+2	4.38392621E-5
8.05257000E+2	4.38670818E-5
8.05889000E+2	4.37558030E-5
8.06521000E+2	4.37882377E-5
8.07153000E+2	4.36769590E-5
8.07785000E+2	4.37186885E-5
8.08417000E+2	4.37418716E-5
8.09049000E+2	4.37418716E-5
8.09681000E+2	4.35889469E-5
8.10313000E+2	4.37234089E-5
8.10945000E+2	4.37187723E-5
8.11577000E+2	4.38161413E-5
8.12209000E+2	4.38856639E-5
8.12841000E+2	4.39273935E-5
8.13474000E+2	4.37929316E-5
8.14106000E+2	4.37141091E-5
8.14738000E+2	4.38346611E-5
8.15371000E+2	4.38300531E-5
8.16003000E+2	4.38161432E-5
8.16635000E+2	4.38671460E-5
8.17267000E+2	4.38810559E-5
8.17899000E+2	4.38764033E-5
8.18531000E+2	4.38995864E-5
8.19163000E+2	4.38671301E-5
8.19795000E+2	4.39042231E-5
8.20427000E+2	4.38439470E-5
8.21059000E+2	4.38671142E-5
8.21691000E+2	4.37511988E-5
8.22323000E+2	4.39227536E-5
8.22955000E+2	4.39273902E-5
8.23587000E+2	4.37234473E-5
8.24219000E+2	4.37373572E-5
8.24851000E+2	4.37466304E-5
8.25483000E+2	4.38439995E-5
8.26115000E+2	4.38069065E-5
8.26747000E+2	4.37697660E-5
8.27379000E+2	4.38624984E-5
8.28011000E+2	4.38346786E-5
8.28643000E+2	4.38532251E-5
8.29275000E+2	4.38810603E-5
8.29907000E+2	4.38161476E-5
8.30539000E+2	4.37929645E-5
8.31171000E+2	4.38903335E-5
8.31803000E+2	4.39088800E-5
8.32435000E+2	4.38347209E-5
8.33067000E+2	4.37976279E-5
8.33699000E+2	4.39413632E-5
8.34331000E+2	4.39645463E-5
8.34963000E+2	4.37466057E-5
8.35595000E+2	4.37048761E-5
8.36227000E+2	4.38207917E-5
8.36859000E+2	4.38115184E-5
8.37491000E+2	4.38161551E-5
8.38123000E+2	4.38393175E-5
8.38755000E+2	4.38114977E-5
8.39387000E+2	4.38114977E-5
8.40019000E+2	4.38161344E-5
8.40651000E+2	4.38810025E-5
8.41283000E+2	4.38392730E-5
8.41915000E+2	4.40061912E-5
8.42547000E+2	4.38253631E-5
8.43179000E+2	4.38856392E-5
8.43811000E+2	4.39505301E-5
8.44443000E+2	4.38809809E-5
8.45075000E+2	4.40061695E-5
8.45707000E+2	4.39041640E-5
8.46339000E+2	4.38624663E-5
8.46971000E+2	4.40386578E-5
8.47603000E+2	4.40154747E-5
8.48235000E+2	4.40386578E-5
8.48867000E+2	4.39366522E-5
8.49499000E+2	4.38996044E-5
8.50131000E+2	4.36955931E-5
8.50763000E+2	4.38486016E-5
8.51395000E+2	4.38346917E-5
8.52027000E+2	4.39506715E-5
8.52659000E+2	4.39460349E-5
8.53291000E+2	4.39135785E-5
8.53923000E+2	4.39367616E-5
8.54555000E+2	4.39969964E-5
8.55187000E+2	4.39830865E-5
8.55819000E+2	4.40758189E-5
8.56451000E+2	4.39181738E-5
8.57083000E+2	4.39042639E-5
8.57715000E+2	4.39042733E-5
8.58347000E+2	4.37559014E-5
8.58979000E+2	4.39135466E-5
8.59611000E+2	4.39181832E-5
8.60243000E+2	4.39135563E-5
8.60875000E+2	4.40062888E-5
8.61507000E+2	4.38625534E-5
8.62139000E+2	4.38718267E-5
8.62771000E+2	4.38300971E-5
8.63403000E+2	4.39228150E-5
8.64035000E+2	4.38996319E-5
8.64667000E+2	4.39042685E-5
8.65299000E+2	4.39228150E-5
8.65931000E+2	4.41036198E-5
8.66563000E+2	4.39598845E-5
8.67195000E+2	4.40108873E-5
8.67827000E+2	4.38578788E-5
8.68459000E+2	4.40016141E-5
8.69092000E+2	4.37789923E-5
8.69724000E+2	4.36862600E-5
8.70356000E+2	4.38114486E-5
8.70988000E+2	4.39227274E-5
8.71620000E+2	4.38949284E-5
8.72252000E+2	4.40525734E-5
8.72884000E+2	4.38856552E-5
8.73516000E+2	4.39412946E-5
8.74148000E+2	4.39273847E-5
8.74781000E+2	4.39505445E-5
8.75413000E+2	4.38809953E-5
8.76045000E+2	4.38439024E-5
8.76677000E+2	4.38485390E-5
8.77309000E+2	4.39505712E-5
8.77941000E+2	4.40618500E-5
8.78573000E+2	4.40433035E-5
8.79205000E+2	4.38856585E-5
8.79837000E+2	4.39042050E-5
8.80469000E+2	4.38763870E-5
8.81101000E+2	4.40386687E-5
8.81733000E+2	4.40479419E-5
8.82365000E+2	4.40293954E-5
8.82997000E+2	4.40015406E-5
8.83629000E+2	4.40061772E-5
8.84261000E+2	4.39366280E-5
8.84893000E+2	4.39412646E-5
8.85525000E+2	4.38763520E-5
8.86157000E+2	4.38532219E-5
8.86789000E+2	4.37929458E-5
8.87421000E+2	4.38624951E-5
8.88053000E+2	4.37929458E-5
8.88685000E+2	4.38393805E-5
8.89317000E+2	4.38996566E-5
8.89949000E+2	4.40341187E-5
8.90581000E+2	4.39923891E-5
8.91213000E+2	4.41546710E-5
8.91845000E+2	4.40433548E-5
8.92477000E+2	4.38903463E-5
8.93109000E+2	4.38254336E-5
8.93741000E+2	4.39135294E-5
8.94373000E+2	4.39784013E-5
8.95005000E+2	4.39366718E-5
8.95637000E+2	4.38717591E-5
8.96269000E+2	4.38393028E-5
8.96901000E+2	4.38439394E-5
8.97533000E+2	4.38810484E-5
8.98165000E+2	4.39969639E-5
8.98797000E+2	4.40294203E-5
8.99429000E+2	4.39969639E-5
9.00061000E+2	4.40109635E-5
9.00693000E+2	4.40434199E-5
9.01325000E+2	4.40805129E-5
9.01957000E+2	4.40016902E-5
9.02589000E+2	4.40109635E-5
9.03221000E+2	4.39182482E-5
9.03853000E+2	4.39738877E-5
9.04485000E+2	4.39738877E-5
9.05117000E+2	4.38301522E-5
9.05749000E+2	4.38717603E-5
9.06381000E+2	4.38578505E-5
9.07013000E+2	4.39552195E-5
9.07645000E+2	4.39552195E-5
9.08277000E+2	4.38763969E-5
9.08909000E+2	4.38346036E-5
9.09541000E+2	4.40896174E-5
9.10173000E+2	4.40293414E-5
9.10805000E+2	4.41035272E-5
9.11437000E+2	4.40524711E-5
9.12069000E+2	4.38438238E-5
9.12701000E+2	4.40107417E-5
9.13333000E+2	4.40385613E-5
9.13965000E+2	4.39690532E-5
9.14597000E+2	4.40386024E-5
9.15229000E+2	4.39273237E-5
9.15861000E+2	4.39736898E-5
9.16493000E+2	4.39922362E-5
9.17125000E+2	4.39088202E-5
9.17757000E+2	4.40757384E-5
9.18389000E+2	4.39505497E-5
9.19020000E+2	4.38299977E-5
9.19652000E+2	4.39551732E-5
9.20284000E+2	4.39366268E-5
9.20916000E+2	4.40339957E-5
9.21548000E+2	4.39319901E-5
9.22180000E+2	4.39969027E-5
9.22812000E+2	4.40155697E-5
9.23444000E+2	4.40712092E-5
9.24076000E+2	4.39367471E-5
9.24708000E+2	4.38950174E-5
9.25340000E+2	4.38949744E-5
9.25972000E+2	4.40479830E-5
9.26604000E+2	4.40665294E-5
9.27236000E+2	4.40804393E-5
9.27868000E+2	4.40201632E-5
9.28500000E+2	4.40572942E-5
9.29132000E+2	4.38764658E-5
9.29764000E+2	4.39738349E-5
9.30396000E+2	4.38069164E-5
9.31028000E+2	4.38533533E-5
9.31660000E+2	4.39878156E-5
9.32292000E+2	4.39970888E-5
9.32924000E+2	4.39646324E-5
9.33556000E+2	4.40573650E-5
9.34188000E+2	4.40942840E-5
9.34820000E+2	4.39088194E-5
9.35452000E+2	4.39134560E-5
9.36084000E+2	4.38856363E-5
9.36716000E+2	4.38578172E-5
9.37348000E+2	4.39227298E-5
9.37980000E+2	4.38995467E-5
9.38612000E+2	4.39041833E-5
9.39244000E+2	4.38531806E-5
9.39876000E+2	4.38857676E-5
9.40506000E+2	4.39228607E-5
9.41138000E+2	4.40851426E-5
9.41770000E+2	4.41639653E-5
9.42402000E+2	4.38997026E-5
9.43034000E+2	4.38718829E-5
9.43666000E+2	4.39043393E-5
9.44298000E+2	4.39738887E-5
9.44930000E+2	4.40202550E-5
9.45562000E+2	4.39644963E-5
9.46194000E+2	4.38856737E-5
9.46826000E+2	4.39181301E-5
9.47458000E+2	4.38810371E-5
9.48090000E+2	4.38902817E-5
9.48722000E+2	4.38949184E-5
9.49354000E+2	4.38392790E-5
9.49986000E+2	4.38346423E-5
9.50618000E+2	4.38810085E-5
9.51250000E+2	4.40248247E-5
9.51882000E+2	4.41685601E-5
9.52514000E+2	4.40804642E-5
9.53146000E+2	4.39552754E-5
9.53778000E+2	4.39969286E-5
9.54410000E+2	4.38253738E-5
9.55042000E+2	4.38485568E-5
9.55674000E+2	4.39320159E-5
9.56306000E+2	4.40942975E-5
9.56938000E+2	4.39227578E-5
9.57570000E+2	4.39644873E-5
9.58176000E+2	4.38671183E-5
9.58834000E+2	4.38253888E-5
9.59466000E+2	4.37652036E-5
9.60098000E+2	4.38625728E-5
9.60730000E+2	4.38903925E-5
9.61362000E+2	4.38579362E-5
9.61994000E+2	4.38672094E-5
9.62626000E+2	4.40989973E-5
9.63258000E+2	4.39552620E-5
9.63890000E+2	4.39645353E-5
9.64522000E+2	4.40016283E-5
9.65154000E+2	4.41407832E-5
9.65786000E+2	4.43818878E-5
9.66418000E+2	4.49058267E-5
9.67050000E+2	4.55966842E-5
9.67682000E+2	4.63014844E-5
9.68314000E+2	4.69042463E-5
9.68946000E+2	4.76785635E-5
9.69578000E+2	4.84157876E-5
9.70210000E+2	4.89582734E-5
9.70842000E+2	4.97139426E-5
9.71474000E+2	5.04743486E-5
9.72106000E+2	5.12903940E-5
9.72738000E+2	5.19534310E-5
9.73370000E+2	5.25654298E-5
9.74002000E+2	5.33072889E-5
9.74634000E+2	5.38683198E-5
9.75266000E+2	5.43876212E-5
9.75898000E+2	5.48141902E-5
9.76530000E+2	5.53474792E-5
9.77162000E+2	5.60754293E-5
9.77794000E+2	5.67338300E-5
9.78426000E+2	5.72994983E-5
9.79058000E+2	5.77260906E-5
9.79690000E+2	5.81851166E-5
9.80322000E+2	5.86116862E-5
9.80954000E+2	5.91866279E-5
9.81586000E+2	5.96317440E-5
9.82218000E+2	6.01649884E-5
9.82850000E+2	6.06008315E-5
9.83482000E+2	6.09671251E-5
9.84114000E+2	6.14354246E-5
9.84746000E+2	6.18713038E-5
9.85378000E+2	6.21309552E-5
9.86010000E+2	6.23720600E-5
9.86642000E+2	6.28542696E-5
9.87274000E+2	6.32252001E-5
9.87906000E+2	6.36841138E-5
9.88538000E+2	6.39484014E-5
9.89170000E+2	6.42868749E-5
9.89802000E+2	6.46948978E-5
9.90434000E+2	6.49730724E-5
9.91066000E+2	6.52559063E-5
9.91699000E+2	6.56453826E-5
9.92331000E+2	6.59931293E-5
9.92963000E+2	6.60534054E-5
9.93595000E+2	6.63779839E-5
9.94227000E+2	6.67303673E-5
9.94859000E+2	6.69343787E-5
9.95491000E+2	6.72264860E-5
9.96123000E+2	6.74490185E-5
9.96755000E+2	6.75927538E-5
9.97387000E+2	6.78245849E-5
9.98020000E+2	6.80981456E-5
9.98651000E+2	6.82928837E-5
9.99283000E+2	6.85107161E-5
9.99915000E+2	6.88723722E-5
1.00054700E+3	6.91552058E-5
1.00117900E+3	6.92664846E-5
1.00181100E+3	6.94010335E-5
1.00244300E+3	6.95308589E-5
1.00307500E+3	6.96606843E-5
1.00370700E+3	6.99574281E-5
1.00433900E+3	7.00687070E-5
1.00497100E+3	7.03005654E-5
1.00560300E+3	7.05138501E-5
1.00623500E+3	7.04489374E-5
1.00686700E+3	7.07549545E-5
1.00749900E+3	7.09912668E-5
1.00813100E+3	7.11535483E-5
1.00876300E+3	7.13065565E-5
1.00939500E+3	7.13946522E-5
1.01002700E+3	7.15662069E-5
1.01065900E+3	7.15477492E-5
1.01129100E+3	7.17981267E-5
1.01192300E+3	7.17563971E-5
1.01255500E+3	7.18862224E-5
1.01318700E+3	7.19418506E-5
1.01381900E+3	7.21829548E-5
1.01445100E+3	7.23359632E-5
1.01508300E+3	7.24657886E-5
1.01571500E+3	7.24333322E-5
1.01634700E+3	7.26187521E-5
1.01697900E+3	7.27532139E-5
1.01761100E+3	7.26094788E-5
1.01824300E+3	7.28227632E-5
1.01887500E+3	7.28505854E-5
1.01950700E+3	7.29943205E-5
1.02013900E+3	7.32168781E-5
1.02077100E+3	7.33235202E-5
1.02140300E+3	7.31797851E-5
1.02203500E+3	7.34392982E-5
1.02266700E+3	7.35552134E-5
1.02329900E+3	7.37267679E-5
1.02393100E+3	7.37731340E-5
1.02456300E+3	7.36990148E-5
1.02519500E+3	7.37732006E-5
1.02582700E+3	7.38427498E-5
1.02645900E+3	7.40189411E-5
1.02709100E+3	7.39957580E-5
1.02772300E+3	7.40376375E-5
1.02835500E+3	7.41535530E-5
1.02898700E+3	7.40840037E-5
1.02961900E+3	7.42416488E-5
1.03025100E+3	7.43436545E-5
1.03088300E+3	7.43760659E-5
1.03151500E+3	7.44548884E-5
1.03214700E+3	7.44502518E-5
1.03277900E+3	7.44641616E-5
1.03341100E+3	7.45661764E-5
1.03404300E+3	7.45893594E-5
1.03467500E+3	7.46171792E-5
1.03530700E+3	7.47609143E-5
1.03593900E+3	7.48026439E-5
1.03657100E+3	7.48074449E-5
1.03720300E+3	7.49697269E-5
1.03783500E+3	7.49233606E-5
1.03846700E+3	7.50346397E-5
1.03909900E+3	7.50440180E-5
1.03973100E+3	7.50347447E-5
1.04036300E+3	7.52341199E-5
1.04099500E+3	7.52294833E-5
1.04162700E+3	7.51599338E-5
1.04225900E+3	7.50949083E-5
1.04289100E+3	7.52015507E-5
1.04352300E+3	7.52803734E-5
1.04415500E+3	7.54287455E-5
1.04478700E+3	7.52523712E-5
1.04541900E+3	7.52848275E-5
1.04605100E+3	7.54239260E-5
1.04668300E+3	7.54934753E-5
1.04731500E+3	7.55676611E-5
1.04794700E+3	7.55166287E-5
1.04857900E+3	7.55398118E-5
1.04921100E+3	7.55259019E-5
1.04984300E+3	7.55676315E-5
1.05047500E+3	7.54472266E-5
1.05110700E+3	7.54564999E-5
1.05173900E+3	7.55863253E-5
1.05237100E+3	7.56048718E-5
1.05300300E+3	7.58784326E-5
1.05363500E+3	7.57533002E-5
1.05426700E+3	7.56744776E-5
1.05489900E+3	7.58135764E-5
1.05553100E+3	7.58692159E-5
1.05616100E+3	7.58458913E-5
1.05679300E+3	7.59386237E-5
1.05742500E+3	7.57717054E-5
1.05805700E+3	7.60452659E-5
1.05868900E+3	7.59803533E-5
1.05932100E+3	7.60173866E-5
1.05995300E+3	7.60081134E-5
1.06058500E+3	7.60730260E-5
1.06121700E+3	7.59432007E-5
1.06184900E+3	7.60405822E-5
1.06248100E+3	7.61101314E-5
1.06311300E+3	7.61008582E-5
1.06374500E+3	7.60452188E-5
1.06437800E+3	7.62121370E-5
1.06501000E+3	7.60590797E-5
1.06564200E+3	7.60544431E-5
1.06627400E+3	7.61379021E-5
1.06690600E+3	7.59988037E-5
1.06753800E+3	7.61658605E-5
1.06817000E+3	7.62214999E-5
1.06880200E+3	7.61936802E-5
1.06943400E+3	7.62632295E-5
1.07006700E+3	7.61890436E-5
1.07069800E+3	7.62169289E-5
1.07133000E+3	7.63235712E-5
1.07196200E+3	7.64302136E-5
1.07259400E+3	7.62911149E-5
1.07322600E+3	7.63929274E-5
1.07385800E+3	7.62677388E-5
1.07449000E+3	7.63743809E-5
1.07512200E+3	7.62074628E-5
1.07575400E+3	7.62399191E-5
1.07638600E+3	7.63093960E-5
1.07701800E+3	7.64067648E-5
1.07765000E+3	7.64345845E-5
1.07828200E+3	7.63464889E-5
1.07891400E+3	7.64997739E-5
1.07954600E+3	7.64626809E-5
1.08017800E+3	7.63606751E-5
1.08081000E+3	7.63606751E-5
1.08144200E+3	7.65229570E-5
1.08207400E+3	7.64629326E-5
1.08270600E+3	7.64443861E-5
1.08333800E+3	7.64165663E-5
1.08397000E+3	7.65046624E-5
1.08460200E+3	7.65741956E-5
1.08523400E+3	7.64443698E-5
1.08586600E+3	7.65231926E-5
1.08649800E+3	7.66159254E-5
1.08713000E+3	7.66530185E-5
1.08776200E+3	7.64395971E-5
1.08839400E+3	7.64071407E-5
1.08902600E+3	7.64766901E-5
1.08965800E+3	7.66343356E-5
1.09029000E+3	7.64996145E-5
1.09092200E+3	7.65877102E-5
1.09155400E+3	7.64857046E-5
1.09218600E+3	7.64486117E-5
1.09281800E+3	7.64764314E-5
1.09345000E+3	7.65227281E-5
1.09408200E+3	7.65969139E-5
1.09471500E+3	7.65551844E-5
1.09534700E+3	7.65041816E-5
1.09597900E+3	7.64115823E-5
1.09661100E+3	7.63883992E-5
1.09724300E+3	7.64301288E-5
1.09787500E+3	7.65553176E-5
1.09850700E+3	7.67639655E-5
1.09914000E+3	7.66945870E-5
1.09977200E+3	7.66714039E-5
1.10040500E+3	7.66064911E-5
1.10103700E+3	7.65693981E-5
1.10166900E+3	7.64442388E-5
1.10230100E+3	7.64488754E-5
1.10293300E+3	7.66436139E-5
1.10356500E+3	7.65833377E-5
1.10419700E+3	7.66946169E-5
1.10482900E+3	7.67130629E-5
1.10546100E+3	7.66898798E-5
1.10609300E+3	7.65878740E-5
1.10672500E+3	7.66342403E-5
1.10735700E+3	7.67593489E-5
1.10798900E+3	7.65924305E-5
1.10862100E+3	7.66480700E-5
1.10925300E+3	7.67732588E-5
1.10988500E+3	7.67500756E-5
1.11051700E+3	7.67036601E-5
1.11114900E+3	7.67453897E-5
1.11178100E+3	7.66155643E-5
1.11241300E+3	7.65831080E-5
1.11304500E+3	7.67778460E-5
1.11367700E+3	7.66805618E-5
1.11430900E+3	7.67593844E-5
1.11494100E+3	7.67501111E-5
1.11557300E+3	7.67362013E-5
1.11620500E+3	7.67268522E-5
1.11683700E+3	7.67871283E-5
1.11746900E+3	7.67917649E-5
1.11810100E+3	7.69262268E-5
1.11873300E+3	7.68056747E-5
1.11936500E+3	7.68148317E-5
1.11999800E+3	7.67545557E-5
1.12063000E+3	7.68194683E-5
1.12126200E+3	7.69307470E-5
1.12189400E+3	7.69679343E-5
1.12252600E+3	7.68937484E-5
1.12315800E+3	7.67407400E-5
1.12379000E+3	7.66155513E-5
1.12442200E+3	7.68195625E-5
1.12505400E+3	7.67501746E-5
1.12568600E+3	7.68382705E-5
1.12631800E+3	7.67594479E-5
1.12695000E+3	7.68289973E-5
1.12758200E+3	7.68290776E-5
1.12821400E+3	7.67966212E-5
1.12884600E+3	7.67317084E-5
1.12947800E+3	7.68012579E-5
1.13011000E+3	7.67224351E-5
1.13074300E+3	7.69124247E-5
1.13137500E+3	7.66574103E-5
1.13200700E+3	7.68475120E-5
1.13263900E+3	7.67547794E-5
1.13327100E+3	7.68799337E-5
1.13390300E+3	7.68845703E-5
1.13453500E+3	7.68011111E-5
1.13516700E+3	7.68011111E-5
1.13579900E+3	7.69077534E-5
1.13643100E+3	7.68892417E-5
1.13706300E+3	7.68753318E-5
1.13769500E+3	7.68475121E-5
1.13832700E+3	7.67918726E-5
1.13895900E+3	7.67316097E-5
1.13959100E+3	7.67918858E-5
1.14022300E+3	7.67779759E-5
1.14085500E+3	7.67733393E-5
1.14148700E+3	7.70051706E-5
1.14211900E+3	7.68891986E-5
1.14275100E+3	7.68428324E-5
1.14338300E+3	7.68196493E-5
1.14401500E+3	7.68567423E-5
1.14464700E+3	7.69588319E-5
1.14527900E+3	7.68104598E-5
1.14591100E+3	7.68290063E-5
1.14654300E+3	7.69356488E-5
1.14717500E+3	7.68521895E-5
1.14780700E+3	7.68892417E-5
1.14843900E+3	7.68706952E-5
1.14907100E+3	7.68104190E-5
1.14970300E+3	7.68567853E-5
1.15033500E+3	7.67871388E-5
1.15096800E+3	7.68937811E-5
1.15160000E+3	7.69401473E-5
1.15223200E+3	7.68984177E-5
1.15286400E+3	7.68891445E-5
1.15349600E+3	7.68103570E-5
1.15412800E+3	7.68196303E-5
1.15476000E+3	7.67825373E-5
1.15539200E+3	7.68659965E-5
1.15602400E+3	7.66852090E-5
1.15665600E+3	7.68428542E-5
1.15728800E+3	7.68335809E-5
1.15792000E+3	7.68150344E-5
1.15855200E+3	7.67825781E-5
1.15918400E+3	7.69960242E-5
1.15981600E+3	7.68661985E-5
1.16044800E+3	7.67827391E-5
1.16107900E+3	7.67920123E-5
1.16171100E+3	7.69033570E-5
1.16234300E+3	7.69126302E-5
1.16297500E+3	7.69126302E-5
1.16360700E+3	7.69219035E-5
1.16423900E+3	7.68709005E-5
1.16487100E+3	7.69356717E-5
1.16550300E+3	7.69866746E-5
1.16613500E+3	7.68614856E-5
1.16676700E+3	7.68753955E-5
1.16739900E+3	7.69077064E-5
1.16803100E+3	7.68613402E-5
1.16866300E+3	7.69262529E-5
1.16929500E+3	7.67825176E-5
1.16992700E+3	7.68845233E-5
1.17055900E+3	7.69356683E-5
1.17119100E+3	7.68104793E-5
1.17182100E+3	7.68429357E-5
1.17245300E+3	7.68800287E-5
1.17308500E+3	7.68059394E-5
1.17371700E+3	7.69635850E-5
1.17434900E+3	7.69543117E-5
1.17498100E+3	7.69033087E-5
1.17561300E+3	7.68893988E-5
1.17624500E+3	7.68615960E-5
1.17687700E+3	7.68198663E-5
1.17750900E+3	7.68662326E-5
1.17814100E+3	7.68198663E-5
1.17877300E+3	7.68986058E-5
1.17940500E+3	7.68846959E-5
1.18003700E+3	7.68615127E-5
1.18066900E+3	7.69264256E-5
1.18130100E+3	7.68800593E-5
1.18193300E+3	7.69588940E-5
1.18256500E+3	7.68800713E-5
1.18319700E+3	7.69588940E-5
1.18382900E+3	7.69032545E-5
1.18446100E+3	7.68661736E-5
1.18509300E+3	7.69032666E-5
1.18572500E+3	7.69403597E-5
1.18635700E+3	7.69867260E-5
1.18698900E+3	7.69218131E-5
1.18762100E+3	7.69031993E-5
1.18825300E+3	7.68243767E-5
1.18888500E+3	7.69217458E-5
1.18951700E+3	7.70330249E-5
1.19014900E+3	7.70840574E-5
1.19078100E+3	7.70516010E-5
1.19141300E+3	7.69681416E-5
1.19204500E+3	7.68800457E-5
1.19267700E+3	7.70562376E-5
1.19330900E+3	7.69958554E-5
1.19394100E+3	7.68706665E-5
1.19457300E+3	7.68428468E-5
1.19520500E+3	7.69077595E-5
1.19583700E+3	7.69216568E-5
1.19646900E+3	7.68103779E-5
1.19710200E+3	7.70143893E-5
1.19773400E+3	7.69170202E-5
1.19836600E+3	7.70051160E-5
1.19899800E+3	7.69959388E-5
1.19963000E+3	7.69263894E-5
1.20026200E+3	7.70052120E-5
1.20089400E+3	7.69124795E-5
1.20152600E+3	7.69496115E-5
1.20215800E+3	7.70237976E-5
1.20279000E+3	7.68151492E-5
1.20342200E+3	7.69588848E-5
1.20405400E+3	7.69542481E-5
1.20468700E+3	7.69310231E-5
1.20531800E+3	7.67780144E-5
1.20595000E+3	7.69542062E-5
1.20658200E+3	7.68661103E-5
1.20721400E+3	7.70191421E-5
1.20784600E+3	7.69449560E-5
1.20847800E+3	7.69078630E-5
1.20911000E+3	7.69959589E-5
1.20974200E+3	7.68475868E-5
1.21037400E+3	7.69311436E-5
1.21100600E+3	7.68523208E-5
1.21163800E+3	7.69960565E-5
1.21227000E+3	7.70470595E-5
1.21290200E+3	7.70979283E-5
1.21353400E+3	7.71211114E-5
1.21416600E+3	7.70144690E-5
1.21479800E+3	7.70051957E-5
1.21543000E+3	7.69681027E-5
1.21606200E+3	7.69402405E-5
1.21669400E+3	7.68706911E-5
1.21732600E+3	7.68985109E-5
1.21795800E+3	7.68567813E-5
1.21859000E+3	7.69216940E-5
1.21922200E+3	7.68196593E-5
1.21985400E+3	7.68799354E-5
1.22048600E+3	7.69077552E-5
1.22111800E+3	7.68521157E-5
1.22175000E+3	7.69170945E-5
1.22235600E+3	7.69124579E-5
1.22301400E+3	7.68939114E-5
1.22364700E+3	7.70283736E-5
1.22427900E+3	7.70098271E-5
1.22491100E+3	7.69265092E-5
1.22554300E+3	7.69125993E-5
1.22617500E+3	7.68986894E-5
1.22680700E+3	7.69218726E-5
1.22743900E+3	7.69727255E-5
1.22807100E+3	7.69031761E-5
1.22870300E+3	7.68336267E-5
1.22933500E+3	7.69309959E-5
1.22996700E+3	7.69727255E-5
1.23059900E+3	7.70698928E-5
1.23123100E+3	7.69864337E-5
1.23186300E+3	7.70420731E-5
1.23249500E+3	7.71997180E-5
1.23312700E+3	7.70327951E-5
1.23375900E+3	7.70049754E-5
1.23439100E+3	7.68426939E-5
1.23502300E+3	7.69215164E-5
1.23565500E+3	7.69817924E-5
1.23628700E+3	7.70793548E-5
1.23691900E+3	7.69495292E-5
1.23755100E+3	7.70515350E-5
1.23818300E+3	7.70051688E-5
1.23881500E+3	7.70470103E-5
1.23944700E+3	7.70470103E-5
1.24007900E+3	7.68940015E-5
1.24071100E+3	7.68244520E-5
1.24134300E+3	7.69403678E-5
1.24197500E+3	7.69079018E-5
1.24260700E+3	7.68383523E-5
1.24323900E+3	7.67873494E-5
1.24387100E+3	7.67456197E-5
1.24450300E+3	7.70516852E-5
1.24513500E+3	7.70563218E-5
1.24576700E+3	7.70006822E-5
1.24639900E+3	7.68662198E-5
1.24703100E+3	7.70006822E-5
1.24766300E+3	7.71073350E-5
1.24829500E+3	7.70331488E-5
1.24892700E+3	7.69357795E-5
1.24955900E+3	7.68569567E-5
1.25019100E+3	7.69541990E-5
1.25082300E+3	7.69402891E-5
1.25145500E+3	7.69031961E-5
1.25208700E+3	7.69959287E-5
1.25271900E+3	7.68707397E-5
1.25335100E+3	7.70237494E-5
1.25398300E+3	7.70005663E-5
1.25461500E+3	7.70654790E-5
1.25524700E+3	7.71118453E-5
1.25587900E+3	7.69264421E-5
1.25651100E+3	7.69218054E-5
1.25714300E+3	7.68708025E-5
1.25777500E+3	7.67687966E-5
1.25840700E+3	7.68337094E-5
1.25903900E+3	7.70237656E-5
1.25967100E+3	7.71304081E-5
1.26030300E+3	7.69449429E-5
1.26093500E+3	7.70608587E-5
1.26156700E+3	7.69124790E-5
1.26219900E+3	7.69124790E-5
1.26283100E+3	7.69634819E-5
1.26346300E+3	7.69773918E-5
1.26409500E+3	7.70283947E-5
1.26472700E+3	7.70468779E-5
1.26535900E+3	7.71257005E-5
1.26599100E+3	7.70515145E-5
1.26662300E+3	7.69309623E-5
1.26725500E+3	7.70282901E-5
1.26788700E+3	7.69819239E-5
1.26851900E+3	7.69031013E-5
1.26915100E+3	7.69170112E-5
1.26978300E+3	7.69309210E-5
1.27041500E+3	7.70190781E-5
1.27104700E+3	7.70283513E-5
1.27167900E+3	7.70376246E-5
1.27231100E+3	7.69031624E-5
1.27294300E+3	7.68706949E-5
1.27357500E+3	7.68567850E-5
1.27420700E+3	7.69495175E-5
1.27483900E+3	7.69031513E-5
1.27547100E+3	7.68521484E-5
1.27610300E+3	7.68336153E-5
1.27673500E+3	7.69402577E-5
1.27736700E+3	7.68660717E-5
1.27799900E+3	7.70144438E-5
1.27863100E+3	7.68707146E-5
1.27926300E+3	7.68150750E-5
1.27989500E+3	7.67594355E-5
1.28052700E+3	7.68289849E-5
1.28115900E+3	7.68150750E-5
1.28179100E+3	7.69821438E-5
1.28242300E+3	7.69404141E-5
1.28305500E+3	7.70053269E-5
1.28368700E+3	7.70377834E-5
1.28431900E+3	7.68708147E-5
1.28495100E+3	7.71026463E-5
1.28558300E+3	7.70748265E-5
1.28621500E+3	7.70562800E-5
1.28684700E+3	7.70006404E-5
1.28747700E+3	7.68891571E-5
1.28810900E+3	7.70468022E-5
1.28874100E+3	7.69447965E-5
1.28937300E+3	7.70050726E-5
1.29000500E+3	7.70654416E-5
1.29063700E+3	7.70005289E-5
1.29126900E+3	7.68104272E-5
1.29190100E+3	7.69680725E-5
1.29253300E+3	7.69634359E-5
1.29316500E+3	7.70191880E-5
1.29379700E+3	7.69450019E-5
1.29442900E+3	7.69774584E-5
1.29506100E+3	7.68569059E-5
1.29569300E+3	7.69078952E-5
1.29632500E+3	7.69542615E-5
1.29695700E+3	7.69588981E-5
1.29758900E+3	7.67919794E-5
1.29822100E+3	7.68800754E-5
1.29885300E+3	7.68800168E-5
1.29948500E+3	7.68846535E-5
1.30011700E+3	7.70098424E-5
1.30074900E+3	7.70701186E-5
1.30138100E+3	7.70561611E-5
1.30201300E+3	7.69634286E-5
1.30264500E+3	7.70654343E-5
1.30327700E+3	7.71025273E-5
1.30390900E+3	7.70283413E-5
1.30454100E+3	7.68290854E-5
1.30517300E+3	7.69310913E-5
1.30580500E+3	7.69681843E-5
1.30643700E+3	7.70701902E-5
1.30706900E+3	7.71166457E-5
1.30770100E+3	7.69497268E-5
1.30833400E+3	7.67132583E-5
1.30896600E+3	7.69404535E-5
1.30959800E+3	7.69126337E-5
1.31023000E+3	7.68986858E-5
1.31086200E+3	7.69218689E-5
1.31149400E+3	7.69172323E-5
1.31212600E+3	7.70099650E-5
1.31275800E+3	7.69496887E-5
1.31339000E+3	7.69404345E-5
1.31402200E+3	7.70099840E-5
1.31465400E+3	7.70146207E-5
1.31528600E+3	7.69775276E-5
1.31591800E+3	7.70424590E-5
1.31655100E+3	7.69497263E-5
1.31718300E+3	7.70378224E-5
1.31781500E+3	7.71120086E-5
1.31844700E+3	7.70053660E-5
1.31907900E+3	7.69080192E-5
1.31971100E+3	7.68755627E-5
1.32034300E+3	7.70378450E-5
1.32097500E+3	7.69172924E-5
1.32160700E+3	7.68707333E-5
1.32223900E+3	7.69541926E-5
1.32287100E+3	7.68429136E-5
1.32350300E+3	7.70237420E-5
1.32413500E+3	7.69820124E-5
1.32476700E+3	7.68891327E-5
1.32539900E+3	7.68195834E-5
1.32603100E+3	7.69772285E-5
1.32666300E+3	7.68705862E-5
1.32729500E+3	7.69680774E-5
1.32792700E+3	7.69958972E-5
1.32855900E+3	7.69263478E-5
1.32919100E+3	7.70515367E-5
1.32982300E+3	7.70747198E-5
1.33045500E+3	7.70006510E-5
1.33108700E+3	7.70655639E-5
1.33171900E+3	7.70609272E-5
1.33235100E+3	7.69311015E-5
1.33298300E+3	7.68104485E-5
1.33361500E+3	7.69449107E-5
1.33424700E+3	7.70005502E-5
1.33487900E+3	7.69263642E-5
1.33551100E+3	7.69356374E-5
1.33614300E+3	7.69078247E-5
1.33677500E+3	7.68243654E-5
1.33740700E+3	7.70422869E-5
1.33803900E+3	7.70191038E-5
1.33867100E+3	7.69589663E-5
1.33930300E+3	7.70099693E-5
1.33993500E+3	7.68337772E-5
1.34056700E+3	7.69682396E-5
1.34119900E+3	7.69033267E-5
1.34183100E+3	7.69218033E-5
1.34246300E+3	7.71211784E-5
1.34309500E+3	7.69681696E-5
1.34372700E+3	7.68708004E-5
1.34435900E+3	7.68521211E-5
1.34499100E+3	7.69865832E-5
1.34562300E+3	7.69634000E-5
1.34625500E+3	7.70004930E-5
1.34688700E+3	7.70839523E-5
1.34751900E+3	7.69726613E-5
1.34815100E+3	7.67547400E-5
1.34878300E+3	7.69680246E-5
1.34941500E+3	7.70514839E-5
1.35004700E+3	7.71860992E-5
1.35067900E+3	7.70655468E-5
1.35131100E+3	7.69079013E-5
1.35194300E+3	7.68244420E-5
1.35257500E+3	7.68522618E-5
1.35320700E+3	7.68754660E-5
1.35383900E+3	7.69171957E-5
1.35447100E+3	7.71351174E-5
1.35510400E+3	7.74596817E-5
1.35573600E+3	7.79836220E-5
1.35636800E+3	7.86049307E-5
1.35700000E+3	7.92865157E-5
1.35763200E+3	8.03158481E-5
1.35826400E+3	8.12246280E-5
1.35889600E+3	8.22724856E-5
1.35952800E+3	8.30885327E-5
1.36016000E+3	8.39926758E-5
1.36079200E+3	8.48736358E-5
1.36142400E+3	8.59168458E-5
1.36205600E+3	8.68256252E-5
1.36268800E+3	8.75257563E-5
1.36332000E+3	8.83788962E-5
1.36395200E+3	8.92830390E-5
1.36458400E+3	9.00851488E-5
1.36521600E+3	9.06693640E-5
1.36584800E+3	9.14390443E-5
1.36648000E+3	9.23524601E-5
1.36711200E+3	9.30988726E-5
1.36774400E+3	9.37850930E-5
1.36837600E+3	9.43971275E-5
1.36900800E+3	9.49210661E-5
1.36964000E+3	9.56675626E-5
1.37027200E+3	9.63445818E-5
1.37090400E+3	9.69287969E-5
1.37153600E+3	9.75454684E-5
1.37216800E+3	9.79998580E-5
1.37280000E+3	9.85561848E-5
1.37343200E+3	9.91589460E-5
1.37406400E+3	9.96457916E-5
1.37469600E+3	1.00123364E-4
1.37532800E+3	1.00730762E-4
1.37596000E+3	1.01208197E-4
1.37659200E+3	1.01560580E-4
1.37722400E+3	1.02033515E-4
1.37785600E+3	1.02617729E-4
1.37848800E+3	1.03039650E-4
1.37912000E+3	1.03410579E-4
1.37975200E+3	1.03767599E-4
1.38038400E+3	1.04286900E-4
1.38101600E+3	1.04931390E-4
1.38164800E+3	1.05158692E-4
1.38228000E+3	1.05487892E-4
1.38291200E+3	1.05858822E-4
1.38354400E+3	1.06262208E-4
1.38417600E+3	1.06466299E-4
1.38480800E+3	1.06725950E-4
1.38544000E+3	1.07194250E-4
1.38607200E+3	1.07412171E-4
1.38670400E+3	1.07713552E-4
1.38733600E+3	1.08107757E-4
1.38796800E+3	1.08283949E-4
1.38860000E+3	1.08576056E-4
1.38923200E+3	1.08650243E-4
1.38986400E+3	1.09062970E-4
1.39049600E+3	1.09299439E-4
1.39112800E+3	1.09610093E-4
1.39176000E+3	1.09832651E-4
1.39239200E+3	1.10263858E-4
1.39302400E+3	1.10518829E-4
1.39365600E+3	1.10695021E-4
1.39428800E+3	1.10908306E-4
1.39492000E+3	1.11028858E-4
1.39555200E+3	1.11242107E-4
1.39618400E+3	1.11515668E-4
1.39681600E+3	1.11775320E-4
1.39744800E+3	1.11844869E-4
1.39808000E+3	1.12048881E-4
1.39871200E+3	1.12174117E-4
1.39934400E+3	1.12276123E-4
1.39997600E+3	1.12600687E-4
1.40060800E+3	1.12674873E-4
1.40124000E+3	1.13008677E-4
1.40187200E+3	1.13129229E-4
1.40250400E+3	1.13319331E-4
1.40313600E+3	1.13393517E-4
1.40376800E+3	1.13402790E-4
1.40440000E+3	1.13551045E-4
1.40503200E+3	1.13736510E-4
1.40566400E+3	1.13986887E-4
1.40629600E+3	1.14172352E-4
1.40692800E+3	1.14176991E-4
1.40756000E+3	1.14348546E-4
1.40819200E+3	1.14580377E-4
1.40882400E+3	1.14589650E-4
1.40945600E+3	1.14673110E-4
1.41008800E+3	1.14802932E-4
1.41072000E+3	1.14928121E-4
1.41135200E+3	1.14881755E-4
1.41198400E+3	1.14979124E-4
1.41261600E+3	1.15262145E-4
1.41324800E+3	1.15248236E-4
1.41388000E+3	1.15433701E-4
1.41451200E+3	1.15470794E-4
1.41514400E+3	1.15605256E-4
1.41577600E+3	1.15739755E-4
1.41640800E+3	1.15823214E-4
1.41704000E+3	1.15688752E-4
1.41767200E+3	1.15920584E-4
1.41830400E+3	1.16003953E-4
1.41893600E+3	1.15985406E-4
1.41956800E+3	1.16087412E-4
1.42020000E+3	1.16226511E-4
1.42083200E+3	1.16291424E-4
1.42146400E+3	1.16439918E-4
1.42209600E+3	1.16541924E-4
1.42272800E+3	1.16439918E-4
1.42336000E+3	1.16514104E-4
1.42399200E+3	1.16648628E-4
1.42462400E+3	1.16704268E-4
1.42525600E+3	1.16852640E-4
1.42588800E+3	1.16718178E-4
1.42652000E+3	1.16861842E-4
1.42715200E+3	1.16783019E-4
1.42778400E+3	1.16843295E-4
1.42841600E+3	1.16894298E-4
1.42904800E+3	1.17000941E-4
1.42968000E+3	1.17154019E-4
1.43031200E+3	1.17214295E-4
1.43094400E+3	1.17242115E-4
1.43157600E+3	1.17339485E-4
1.43220800E+3	1.17422921E-4
1.43284000E+3	1.17297732E-4
1.43347200E+3	1.17353371E-4
1.43410400E+3	1.17395101E-4
1.43473600E+3	1.17432194E-4
1.43536800E+3	1.17585197E-4
1.43600000E+3	1.17543468E-4
1.43663200E+3	1.17636200E-4
1.43726400E+3	1.17673293E-4
1.43789600E+3	1.17738221E-4
1.43852800E+3	1.17803134E-4
1.43916000E+3	1.17844864E-4
1.43979200E+3	1.17719674E-4
1.44042400E+3	1.17738221E-4
1.44105600E+3	1.17867774E-4
1.44168800E+3	1.17867774E-4
1.44232000E+3	1.17955870E-4
1.44295200E+3	1.17974416E-4
1.44358400E+3	1.17946545E-4
1.44421600E+3	1.18016095E-4
1.44484800E+3	1.18025368E-4
1.44548000E+3	1.18085644E-4
1.44611200E+3	1.18090281E-4
1.44674400E+3	1.18141401E-4
1.44737600E+3	1.18266590E-4
1.44800800E+3	1.18266590E-4
1.44864000E+3	1.18331503E-4
1.44927200E+3	1.18368516E-4
1.44990400E+3	1.18414882E-4
1.45053600E+3	1.18359243E-4
1.45116800E+3	1.18266510E-4
1.45180000E+3	1.18298967E-4
1.45243200E+3	1.18414972E-4
1.45306400E+3	1.18340786E-4
1.45369600E+3	1.18303693E-4
1.45432800E+3	1.18428882E-4
1.45496000E+3	1.18387213E-4
1.45559200E+3	1.18415033E-4
1.45622400E+3	1.18614408E-4
1.45685600E+3	1.18442853E-4
1.45748800E+3	1.18605135E-4
1.45812000E+3	1.18581778E-4
1.45875200E+3	1.18507592E-4
1.45938400E+3	1.18604961E-4
1.46001600E+3	1.18674511E-4
1.46064800E+3	1.18642162E-4
1.46128000E+3	1.18660708E-4
1.46191200E+3	1.18549429E-4
1.46254400E+3	1.18651435E-4
1.46317600E+3	1.18632889E-4
1.46380800E+3	1.18832312E-4
1.46444000E+3	1.18818402E-4
1.46507200E+3	1.18860131E-4
1.46570400E+3	1.18790582E-4
1.46633600E+3	1.18776539E-4
1.46696800E+3	1.18762629E-4
1.46760000E+3	1.18688443E-4
1.46823200E+3	1.18799722E-4
1.46886400E+3	1.18771902E-4
1.46949600E+3	1.18753397E-4
1.47012800E+3	1.18822947E-4
1.47076000E+3	1.18818310E-4
1.47139200E+3	1.18906406E-4
1.47202400E+3	1.18790519E-4
1.47265600E+3	1.18962074E-4
1.47328800E+3	1.18915708E-4
1.47392000E+3	1.18855431E-4
1.47455200E+3	1.18915708E-4
1.47518400E+3	1.18906484E-4
1.47581600E+3	1.18901848E-4
1.47644800E+3	1.18860118E-4
1.47708000E+3	1.18929668E-4
1.47771200E+3	1.19003761E-4
1.47834400E+3	1.18943485E-4
1.47897600E+3	1.18887846E-4
1.47960800E+3	1.18846116E-4
1.48024000E+3	1.19031568E-4
1.48087200E+3	1.19022294E-4
1.48150400E+3	1.18841466E-4
1.48213600E+3	1.19031568E-4
1.48276800E+3	1.18892469E-4
1.48340000E+3	1.18962080E-4
1.48403200E+3	1.18962080E-4
1.48466400E+3	1.19073359E-4
1.48529600E+3	1.19045539E-4
1.48592800E+3	1.19105789E-4
1.48656000E+3	1.19179975E-4
1.48719200E+3	1.19073332E-4
1.48782400E+3	1.19077969E-4
1.48845600E+3	1.19064059E-4
1.48908800E+3	1.18878604E-4
1.48972000E+3	1.19026976E-4
1.49035200E+3	1.19073342E-4
1.49098400E+3	1.19193894E-4
1.49161600E+3	1.19082497E-4
1.49224800E+3	1.19175230E-4
1.49288100E+3	1.19036131E-4
1.49351300E+3	1.19156683E-4
1.49414500E+3	1.19156683E-4
1.49477700E+3	1.19110323E-4
1.49540900E+3	1.19124233E-4
1.49604100E+3	1.19147416E-4
1.49667300E+3	1.19221602E-4
1.49730500E+3	1.19235595E-4
1.49793700E+3	1.19203138E-4
1.49856900E+3	1.19249505E-4
1.49920100E+3	1.19244868E-4
1.49983300E+3	1.19184592E-4
1.50046500E+3	1.19217007E-4
1.50109700E+3	1.19230917E-4
1.50172900E+3	1.19147457E-4
1.50236100E+3	1.19305103E-4
1.50299300E+3	1.19217071E-4
1.50362500E+3	1.19286621E-4
1.50425700E+3	1.19138249E-4
1.50488900E+3	1.19254164E-4
1.50552100E+3	1.19184615E-4
1.50615300E+3	1.19184628E-4
1.50678500E+3	1.19184628E-4
1.50741700E+3	1.19244905E-4
1.50804900E+3	1.19152172E-4
1.50868100E+3	1.19305073E-4
1.50931300E+3	1.19337530E-4
1.50994500E+3	1.19096425E-4
1.51057700E+3	1.19128881E-4
1.51120900E+3	1.19138155E-4
1.51184100E+3	1.19152335E-4
1.51247300E+3	1.19031782E-4
1.51310500E+3	1.19305344E-4
1.51373700E+3	1.19268251E-4
1.51436900E+3	1.19393630E-4
1.51500100E+3	1.19444633E-4
1.51563300E+3	1.19412176E-4
1.51626500E+3	1.19300897E-4
1.51689700E+3	1.19184981E-4
1.51752900E+3	1.19254431E-4
1.51815900E+3	1.19231248E-4
1.51879100E+3	1.19365710E-4
1.51942300E+3	1.19291524E-4
1.52005500E+3	1.19203254E-4
1.52068700E+3	1.19249620E-4
1.52131900E+3	1.19184708E-4
1.52195100E+3	1.19295987E-4
1.52258300E+3	1.19411903E-4
1.52321500E+3	1.19346876E-4
1.52384700E+3	1.19402516E-4
1.52447900E+3	1.19263417E-4
1.52511100E+3	1.19258780E-4
1.52574300E+3	1.19435174E-4
1.52637500E+3	1.19328532E-4
1.52700700E+3	1.19268256E-4
1.52763900E+3	1.19337805E-4
1.52827100E+3	1.19226526E-4
1.52890300E+3	1.19138594E-4
1.52953500E+3	1.19263783E-4
1.53016700E+3	1.19416792E-4
1.53079900E+3	1.19286966E-4
1.53143100E+3	1.19393506E-4
1.53206300E+3	1.19444509E-4
1.53269500E+3	1.19565062E-4
1.53332700E+3	1.19490876E-4
1.53395900E+3	1.19486177E-4
1.53459100E+3	1.19504724E-4
1.53522300E+3	1.19532544E-4
1.53585500E+3	1.19476904E-4
1.53648700E+3	1.19347078E-4
1.53711900E+3	1.19374867E-4
1.53775100E+3	1.19286771E-4
1.53838300E+3	1.19305317E-4
1.53901500E+3	1.19309954E-4
1.53964700E+3	1.19263510E-4
1.54027900E+3	1.19356243E-4
1.54091100E+3	1.19360879E-4
1.54154300E+3	1.19453612E-4
1.54217500E+3	1.19421155E-4
1.54280700E+3	1.19458323E-4
1.54343900E+3	1.19467596E-4
1.54407100E+3	1.19425866E-4
1.54470300E+3	1.19523235E-4
1.54533500E+3	1.19407131E-4
1.54596700E+3	1.19360764E-4
1.54659900E+3	1.19323671E-4
1.54723100E+3	1.19319035E-4
1.54786300E+3	1.19448860E-4
1.54849500E+3	1.19430179E-4
1.54912700E+3	1.19457998E-4
1.54975900E+3	1.19490455E-4
1.55039100E+3	1.19425542E-4
1.55102300E+3	1.19444201E-4
1.55165500E+3	1.19379288E-4
1.55228700E+3	1.19370015E-4
1.55291900E+3	1.19319012E-4
1.55355100E+3	1.19430291E-4
1.55418300E+3	1.19416491E-4
1.55481500E+3	1.19365488E-4
1.55544700E+3	1.19425764E-4
1.55607900E+3	1.19425764E-4
1.55671100E+3	1.19295936E-4
1.55734300E+3	1.19430398E-4
1.55797500E+3	1.19351576E-4
1.55860700E+3	1.19277390E-4
1.55923900E+3	1.19147564E-4
1.55987100E+3	1.19212256E-4
1.56050300E+3	1.19267895E-4
1.56113500E+3	1.19323535E-4
1.56176700E+3	1.19379174E-4
1.56239900E+3	1.19462649E-4
1.56303100E+3	1.19425556E-4
1.56366300E+3	1.19453375E-4
1.56429500E+3	1.19388463E-4
1.56492700E+3	1.19356006E-4
1.56555900E+3	1.19416509E-4
1.56619100E+3	1.19453602E-4
1.56682300E+3	1.19486059E-4
1.56745500E+3	1.19388689E-4
1.56808700E+3	1.19370396E-4
1.56871900E+3	1.19402852E-4
1.56935100E+3	1.19458492E-4
1.56998300E+3	1.19528042E-4
1.57061500E+3	1.19426036E-4
1.57124700E+3	1.19462960E-4
1.57187900E+3	1.19402683E-4
1.57251100E+3	1.19296041E-4
1.57314300E+3	1.19235765E-4
1.57377500E+3	1.19263534E-4
1.57440700E+3	1.19472182E-4
1.57503900E+3	1.19388723E-4
1.57567100E+3	1.19333083E-4
1.57630300E+3	1.19430453E-4
1.57693500E+3	1.19467711E-4
1.57756700E+3	1.19458438E-4
1.57819900E+3	1.19379615E-4
1.57883100E+3	1.19328612E-4
1.57946300E+3	1.19268390E-4
1.58009500E+3	1.19333303E-4
1.58072700E+3	1.19333303E-4
1.58135900E+3	1.19333303E-4
1.58199100E+3	1.19291573E-4
1.58262300E+3	1.19356411E-4
1.58325500E+3	1.19402778E-4
1.58388700E+3	1.19342501E-4
1.58451900E+3	1.19458417E-4
1.58515100E+3	1.19472165E-4
1.58578300E+3	1.19393343E-4
1.58641500E+3	1.19402616E-4
1.58704700E+3	1.19323793E-4
1.58767900E+3	1.19333105E-4
1.58831100E+3	1.19398018E-4
1.58894300E+3	1.19342378E-4
1.58957500E+3	1.19481477E-4
1.59020700E+3	1.19416564E-4
1.59083900E+3	1.19462863E-4
1.59147100E+3	1.19453590E-4
1.59210300E+3	1.19453590E-4
1.59273500E+3	1.19495319E-4
1.59336700E+3	1.19476925E-4
1.59399900E+3	1.19402738E-4
1.59463100E+3	1.19388829E-4
1.59526300E+3	1.19514018E-4
1.59589500E+3	1.19342462E-4
1.59652700E+3	1.19407468E-4
1.59715900E+3	1.19347192E-4
1.59779100E+3	1.19342556E-4
1.59842300E+3	1.19477018E-4
1.59905500E+3	1.19421178E-4
1.59968700E+3	1.19518547E-4
1.60032000E+3	1.19537093E-4
1.60095200E+3	1.19448997E-4
1.60158400E+3	1.19532457E-4
1.60221600E+3	1.19583634E-4
1.60284800E+3	1.19495538E-4
1.60348000E+3	1.19430625E-4
1.60411200E+3	1.19430625E-4
1.60474400E+3	1.19514090E-4
1.60537600E+3	1.19305441E-4
1.60600800E+3	1.19235892E-4
1.60664000E+3	1.19435267E-4
1.60727200E+3	1.19374991E-4
1.60790400E+3	1.19485857E-4
1.60853600E+3	1.19420944E-4
1.60916800E+3	1.19388488E-4
1.60980000E+3	1.19476584E-4
1.61043200E+3	1.19513797E-4
1.61106400E+3	1.19541617E-4
1.61169600E+3	1.19439611E-4
1.61232800E+3	1.19485977E-4
1.61296000E+3	1.19536980E-4
1.61359200E+3	1.19579035E-4
1.61422500E+3	1.19509485E-4
1.61485700E+3	1.19546578E-4
1.61548900E+3	1.19467756E-4
1.61612100E+3	1.19402704E-4
1.61675300E+3	1.19379521E-4
1.61738500E+3	1.19342428E-4
1.61801700E+3	1.19337791E-4
1.61864900E+3	1.19374884E-4
1.61928100E+3	1.19360752E-4
1.61991300E+3	1.19439574E-4
1.62054500E+3	1.19504487E-4
1.62117700E+3	1.19481304E-4
1.62180900E+3	1.19467370E-4
1.62244100E+3	1.19532282E-4
1.62307300E+3	1.19615742E-4
1.62370500E+3	1.19523009E-4
1.62433700E+3	1.19550829E-4
1.62496900E+3	1.19536855E-4
1.62560100E+3	1.19485852E-4
1.62623300E+3	1.19369936E-4
1.62686500E+3	1.19485852E-4
1.62749700E+3	1.19467201E-4
1.62812900E+3	1.19499657E-4
1.62876100E+3	1.19304919E-4
1.62939300E+3	1.19337376E-4
1.63002500E+3	1.19323466E-4
1.63065700E+3	1.19337551E-4
1.63128900E+3	1.19448830E-4
1.63192100E+3	1.19370007E-4
1.63255300E+3	1.19374644E-4
1.63318500E+3	1.19337789E-4
1.63381500E+3	1.19374882E-4
1.63444700E+3	1.19518618E-4
1.63507900E+3	1.19435159E-4
1.63571100E+3	1.19615987E-4
1.63634300E+3	1.19449000E-4
1.63697500E+3	1.19472183E-4
1.63760700E+3	1.19393360E-4
1.63824000E+3	1.19379450E-4
1.63887200E+3	1.19356223E-4
1.63950400E+3	1.19379406E-4
1.64013600E+3	1.19388679E-4
1.64076800E+3	1.19435046E-4
1.64140000E+3	1.19458229E-4
1.64203200E+3	1.19384257E-4
1.64266400E+3	1.19333254E-4
1.64329600E+3	1.19374984E-4
1.64392800E+3	1.19416714E-4
1.64456000E+3	1.19259082E-4
1.64519200E+3	1.19374998E-4
1.64582400E+3	1.19430637E-4
1.64645600E+3	1.19435274E-4
1.64708800E+3	1.19518722E-4
1.64772000E+3	1.19449172E-4
1.64835200E+3	1.19504812E-4
1.64898400E+3	1.19453809E-4
1.64961600E+3	1.19453809E-4
1.65024800E+3	1.19449155E-4
1.65088000E+3	1.19467701E-4
1.65151200E+3	1.19467701E-4
1.65214400E+3	1.19291509E-4
1.65277600E+3	1.19347071E-4
1.65340800E+3	1.19319252E-4
1.65404000E+3	1.19323888E-4
1.65467200E+3	1.19439804E-4
1.65530400E+3	1.19476897E-4
1.65593600E+3	1.19449017E-4
1.65656800E+3	1.19476837E-4
1.65720000E+3	1.19472200E-4
1.65783200E+3	1.19513930E-4
1.65846400E+3	1.19360873E-4
1.65909600E+3	1.19384056E-4
1.65972800E+3	1.19379419E-4
1.66036000E+3	1.19527791E-4
1.66099200E+3	1.19486062E-4
1.66162400E+3	1.19588085E-4
1.66225600E+3	1.19453623E-4
1.66288800E+3	1.19462896E-4
1.66352000E+3	1.19448986E-4
1.66415200E+3	1.19393370E-4
1.66478400E+3	1.19509286E-4
1.66541600E+3	1.19435100E-4
1.66604800E+3	1.19504649E-4
1.66668000E+3	1.19551015E-4
1.66731200E+3	1.19629863E-4
1.66794400E+3	1.19578860E-4
1.66857600E+3	1.19537131E-4
1.66920800E+3	1.19532494E-4
1.66984000E+3	1.19495475E-4
1.67047200E+3	1.19551115E-4
1.67110400E+3	1.19476928E-4
1.67173600E+3	1.19541841E-4
1.67236800E+3	1.19592844E-4
1.67300000E+3	1.19541793E-4
1.67363200E+3	1.19360964E-4
1.67426400E+3	1.19518610E-4
1.67489600E+3	1.19486154E-4
1.67552800E+3	1.19513601E-4
1.67616000E+3	1.19550694E-4
1.67679200E+3	1.19638789E-4
1.67742400E+3	1.19508964E-4
1.67805600E+3	1.19453325E-4
1.67868800E+3	1.19545958E-4
1.67932000E+3	1.19555231E-4
1.67995200E+3	1.19596960E-4
1.68058400E+3	1.19615507E-4
1.68121600E+3	1.19527488E-4
1.68184800E+3	1.19499668E-4
1.68248000E+3	1.19527488E-4
1.68311200E+3	1.19471849E-4
1.68374400E+3	1.19434756E-4
1.68437600E+3	1.19444133E-4
1.68500800E+3	1.19471953E-4
1.68564000E+3	1.19481226E-4
1.68627200E+3	1.19536866E-4
1.68690400E+3	1.19513897E-4
1.68753600E+3	1.19472167E-4
1.68816800E+3	1.19615903E-4
1.68880000E+3	1.19560263E-4
1.68943200E+3	1.19615903E-4
1.69006400E+3	1.19667099E-4
1.69069600E+3	1.19546547E-4
1.69132800E+3	1.19597550E-4
1.69196000E+3	1.19490907E-4
1.69259200E+3	1.19310205E-4
1.69322400E+3	1.19495671E-4
1.69385600E+3	1.19579130E-4
1.69448800E+3	1.19416848E-4
1.69512000E+3	1.19532764E-4
1.69575200E+3	1.19477055E-4
1.69638400E+3	1.19463145E-4
1.69701600E+3	1.19495602E-4
1.69764800E+3	1.19592971E-4
1.69828000E+3	1.19564990E-4
1.69891200E+3	1.19597447E-4
1.69954400E+3	1.19476894E-4
1.70017600E+3	1.19537170E-4
1.70080800E+3	1.19462984E-4
1.70144000E+3	1.19509140E-4
1.70207200E+3	1.19481320E-4
1.70270400E+3	1.19560143E-4
1.70333600E+3	1.19564779E-4
1.70396800E+3	1.19458241E-4
1.70460000E+3	1.19578793E-4
1.70523200E+3	1.19574157E-4
1.70586400E+3	1.19564883E-4
1.70649600E+3	1.19504773E-4
1.70712800E+3	1.19463043E-4
1.70776000E+3	1.19523319E-4
1.70839200E+3	1.19444496E-4
1.70902400E+3	1.19523319E-4
1.70965600E+3	1.19513894E-4
1.71028800E+3	1.19481438E-4
1.71092000E+3	1.19578807E-4
1.71155200E+3	1.19588080E-4
1.71218400E+3	1.19680797E-4
1.71281600E+3	1.19745710E-4
1.71344800E+3	1.19555608E-4
1.71408000E+3	1.19527789E-4
1.71471200E+3	1.19430419E-4
1.71534400E+3	1.19449088E-4
1.71597600E+3	1.19486181E-4
1.71660800E+3	1.19616007E-4
1.71724000E+3	1.19500091E-4
1.71787300E+3	1.19388829E-4
1.71850500E+3	1.19393466E-4
1.71913700E+3	1.19565021E-4
1.71976900E+3	1.19629934E-4
1.72040100E+3	1.19500108E-4
1.72103300E+3	1.19745852E-4
1.72166500E+3	1.19546476E-4
1.72229700E+3	1.19578933E-4
1.72292900E+3	1.19592843E-4
1.72356100E+3	1.19759924E-4
1.72419300E+3	1.19699647E-4
1.72482500E+3	1.19579095E-4
1.72545700E+3	1.19537365E-4
1.72608900E+3	1.19616188E-4
1.72672100E+3	1.19402736E-4
1.72735300E+3	1.19342460E-4
1.72798500E+3	1.19439829E-4
1.72861700E+3	1.19467649E-4
1.72924900E+3	1.19407174E-4
1.72988100E+3	1.19499907E-4
1.73051400E+3	1.19597276E-4
1.73114600E+3	1.19495270E-4
1.73177800E+3	1.19625096E-4
1.73241000E+3	1.19703924E-4
1.73304200E+3	1.19588009E-4
1.73367400E+3	1.19597282E-4
1.73430600E+3	1.19620465E-4
1.73493800E+3	1.19490810E-4
1.73557000E+3	1.19467627E-4
1.73620200E+3	1.19444444E-4
1.73683400E+3	1.19476900E-4
1.73746600E+3	1.19578906E-4
1.73809800E+3	1.19467830E-4
1.73873000E+3	1.19477103E-4
1.73936200E+3	1.19481740E-4
1.73999400E+3	1.19477103E-4
1.74062600E+3	1.19388862E-4
1.74125800E+3	1.19583601E-4
1.74189000E+3	1.19551144E-4
1.74252200E+3	1.19546508E-4
1.74315400E+3	1.19602147E-4
1.74378600E+3	1.19555723E-4
1.74441900E+3	1.19643819E-4
1.74505100E+3	1.19583543E-4
1.74568300E+3	1.19625273E-4
1.74631500E+3	1.19625343E-4
1.74694700E+3	1.19588250E-4
1.74757900E+3	1.19467698E-4
1.74821100E+3	1.19597523E-4
1.74884300E+3	1.19602160E-4
1.74947300E+3	1.19583694E-4
1.75010500E+3	1.19565147E-4
1.75073700E+3	1.19537327E-4
1.75136900E+3	1.19546601E-4
1.75200100E+3	1.19449216E-4
1.75263300E+3	1.19481672E-4
1.75326500E+3	1.19435306E-4
1.75389700E+3	1.19435306E-4
1.75452900E+3	1.19500219E-4
1.75516100E+3	1.19421438E-4
1.75579300E+3	1.19504898E-4
1.75642500E+3	1.19606904E-4
1.75705700E+3	1.19560537E-4
1.75768900E+3	1.19560168E-4
1.75832100E+3	1.19467435E-4
1.75895300E+3	1.19578714E-4
1.75958500E+3	1.19509165E-4
1.76021700E+3	1.19444085E-4
1.76084900E+3	1.19578547E-4
1.76147900E+3	1.19624913E-4
1.76211100E+3	1.19541454E-4
1.76274300E+3	1.19439448E-4
1.76337500E+3	1.19458190E-4
1.76400700E+3	1.19499920E-4
1.76463900E+3	1.19513829E-4
1.76527100E+3	1.19467463E-4
1.76590300E+3	1.19383887E-4
1.76653500E+3	1.19560079E-4
1.76716700E+3	1.19513713E-4
1.76779900E+3	1.19532259E-4
1.76843100E+3	1.19648175E-4
1.76906300E+3	1.19699272E-4
1.76969500E+3	1.19778095E-4
1.77032700E+3	1.19611176E-4
1.77095900E+3	1.19513807E-4
1.77159100E+3	1.19574058E-4
1.77222300E+3	1.19611151E-4
1.77285500E+3	1.19703883E-4
1.77348700E+3	1.19532328E-4
1.77411900E+3	1.19592604E-4
1.77475100E+3	1.19490704E-4
1.77538300E+3	1.19550980E-4
1.77601500E+3	1.19397972E-4
1.77664700E+3	1.19486068E-4
1.77727900E+3	1.19384248E-4
1.77791100E+3	1.19333245E-4
1.77854300E+3	1.19439887E-4
1.77917600E+3	1.19444524E-4
1.77980800E+3	1.19476980E-4
1.78044000E+3	1.19485993E-4
1.78107200E+3	1.19513813E-4
1.78170400E+3	1.19374714E-4
1.78233600E+3	1.19583363E-4
1.78296800E+3	1.19467531E-4
1.78360000E+3	1.19430438E-4
1.78423200E+3	1.19499988E-4
1.78486400E+3	1.19592720E-4
1.78549600E+3	1.19583447E-4
1.78612800E+3	1.19486253E-4
1.78676000E+3	1.19546529E-4
1.78739200E+3	1.19565076E-4
1.78802400E+3	1.19648535E-4
1.78865600E+3	1.19583530E-4
1.78928800E+3	1.19500071E-4
1.78992000E+3	1.19486161E-4
1.79055200E+3	1.19560347E-4
1.79118400E+3	1.19560347E-4
1.79181600E+3	1.19569705E-4
1.79244800E+3	1.19500156E-4
1.79308000E+3	1.19347147E-4
1.79371200E+3	1.19356420E-4
1.79434400E+3	1.19273001E-4
1.79497600E+3	1.19365734E-4
1.79560800E+3	1.19430647E-4
1.79624000E+3	1.19458467E-4
1.79687200E+3	1.19472376E-4
1.79750400E+3	1.19351770E-4
1.79813600E+3	1.19333224E-4
