# Mess-Beginn: 27.05.2019 15:30:01
# DTM-151	DTM-151
-4.06744995E+3	9.78651224E-4
-4.06744995E+3	9.15477285E-4
-4.06743994E+3	9.96460789E-4
-4.06742993E+3	1.02179148E-3
-4.06357007E+3	9.72608221E-4
-4.05743994E+3	9.83502832E-4
-4.05287988E+3	9.56678006E-4
-4.04695996E+3	9.43376217E-4
-4.04314990E+3	9.29328671E-4
-4.03735010E+3	9.17927711E-4
-4.03125000E+3	9.04446526E-4
-4.02535010E+3	8.95358156E-4
-4.01856006E+3	8.88811192E-4
-4.01286011E+3	8.85373272E-4
-4.00701001E+3	8.78081250E-4
-4.00177002E+3	8.79884290E-4
-3.99615991E+3	8.79010477E-4
-3.99056006E+3	8.78439110E-4
-3.98486011E+3	8.72044067E-4
-3.97897998E+3	8.74738209E-4
-3.97325000E+3	8.80119216E-4
-3.96689990E+3	8.85696965E-4
-3.96003003E+3	8.91449046E-4
-3.95435010E+3	8.90576106E-4
-3.94823999E+3	8.93954479E-4
-3.94352002E+3	8.93556105E-4
-3.93737012E+3	8.94247380E-4
-3.93145996E+3	8.95209960E-4
-3.92575000E+3	9.01018502E-4
-3.91895996E+3	9.03854088E-4
-3.91312988E+3	9.06138506E-4
-3.90831006E+3	9.07358539E-4
-3.90211011E+3	9.03641980E-4
-3.89539990E+3	9.01565189E-4
-3.89064990E+3	9.01498250E-4
-3.88488989E+3	9.00436018E-4
-3.87892993E+3	9.07261041E-4
-3.87282007E+3	9.06833389E-4
-3.86787012E+3	9.06990550E-4
-3.85995996E+3	9.02757049E-4
-3.85412012E+3	8.99039558E-4
-3.84820996E+3	8.94556637E-4
-3.84339990E+3	8.92867683E-4
-3.83713989E+3	9.00124782E-4
-3.83122998E+3	9.03498963E-4
-3.82623999E+3	9.04630055E-4
-3.81932007E+3	8.99850798E-4
-3.81469995E+3	9.01164953E-4
-3.80833008E+3	8.94826313E-4
-3.80153003E+3	8.97198159E-4
-3.79553003E+3	8.97543214E-4
-3.78968994E+3	8.98777158E-4
-3.78490991E+3	8.97442573E-4
-3.77907007E+3	8.89397343E-4
-3.77264990E+3	8.85943649E-4
-3.76695996E+3	8.83538742E-4
-3.76102002E+3	8.87815375E-4
-3.75429004E+3	8.85463378E-4
-3.74841992E+3	8.92328273E-4
-3.74347998E+3	8.94144468E-4
-3.73738989E+3	8.92871467E-4
-3.73157007E+3	8.94210709E-4
-3.72547998E+3	8.97490769E-4
-3.71891992E+3	9.09560884E-4
-3.71416992E+3	9.12003510E-4
-3.70800000E+3	9.18649952E-4
-3.70112988E+3	9.17553378E-4
-3.69508008E+3	9.18468751E-4
-3.68987012E+3	9.19769576E-4
-3.68437988E+3	9.16021469E-4
-3.67845996E+3	9.31502203E-4
-3.67254004E+3	9.37230594E-4
-3.66767993E+3	9.35250893E-4
-3.66188989E+3	9.34767013E-4
-3.65437988E+3	9.34759679E-4
-3.64833008E+3	9.36092460E-4
-3.64256006E+3	9.40692553E-4
-3.63670996E+3	9.43405728E-4
-3.63053003E+3	9.49806708E-4
-3.62576001E+3	9.62545804E-4
-3.61970996E+3	9.54973744E-4
-3.61340991E+3	9.48081259E-4
-3.60747998E+3	9.58551303E-4
-3.60161011E+3	9.60911741E-4
-3.59679004E+3	9.60380363E-4
-3.58997998E+3	9.58787161E-4
-3.58359009E+3	9.53468960E-4
-3.57779004E+3	9.60311503E-4
-3.57215991E+3	9.54702904E-4
-3.56638989E+3	9.51412658E-4
-3.56037988E+3	9.56473465E-4
-3.55442993E+3	9.61446029E-4
-3.54860010E+3	9.59464640E-4
-3.54273999E+3	9.57537268E-4
-3.53685010E+3	9.62237362E-4
-3.53091992E+3	9.65879182E-4
-3.52471997E+3	9.69207438E-4
-3.51876001E+3	9.61829268E-4
-3.51269995E+3	9.61191778E-4
-3.50804004E+3	9.60368547E-4
-3.50115991E+3	9.57859447E-4
-3.49537988E+3	9.58945311E-4
-3.48955005E+3	9.55265190E-4
-3.48483008E+3	9.51996946E-4
-3.47843994E+3	9.45019769E-4
-3.47143994E+3	9.46429616E-4
-3.46553003E+3	9.44758067E-4
-3.45968994E+3	9.45502659E-4
-3.45358008E+3	9.43229534E-4
-3.44875000E+3	9.42090293E-4
-3.44243994E+3	9.42200306E-4
-3.43650000E+3	9.39284393E-4
-3.43068994E+3	9.42693907E-4
-3.42478003E+3	9.46455752E-4
-3.41842993E+3	9.44642292E-4
-3.41257007E+3	9.31581715E-4
-3.40686011E+3	9.29658010E-4
-3.40105005E+3	9.25797969E-4
-3.39508008E+3	9.30459355E-4
-3.38921997E+3	9.28026449E-4
-3.38353003E+3	9.22440726E-4
-3.37715991E+3	9.21394909E-4
-3.37116992E+3	9.16754245E-4
-3.36522998E+3	9.08235612E-4
-3.35936011E+3	9.14832868E-4
-3.35341992E+3	9.23839572E-4
-3.34838989E+3	9.27232031E-4
-3.34213989E+3	9.30698006E-4
-3.33622998E+3	9.26875160E-4
-3.33012988E+3	9.31350514E-4
-3.32434009E+3	9.26559966E-4
-3.31961011E+3	9.25182772E-4
-3.31218994E+3	9.29014932E-4
-3.30604004E+3	9.34249314E-4
-3.30033008E+3	9.34973999E-4
-3.29465991E+3	9.34794720E-4
-3.28978003E+3	9.35933611E-4
-3.28340991E+3	9.40040511E-4
-3.27762012E+3	9.44644038E-4
-3.27057007E+3	9.39555874E-4
-3.26475000E+3	9.46443877E-4
-3.25885010E+3	9.48642672E-4
-3.25384009E+3	9.41209204E-4
-3.24797998E+3	9.41883714E-4
-3.24222998E+3	9.39284626E-4
-3.23520996E+3	9.37793113E-4
-3.23015991E+3	9.31621064E-4
-3.22440991E+3	9.30398703E-4
-3.21736011E+3	9.30521230E-4
-3.21259009E+3	9.38654062E-4
-3.20561011E+3	9.42893501E-4
-3.19982007E+3	9.44706204E-4
-3.19402002E+3	9.54507792E-4
-3.18804004E+3	9.51303402E-4
-3.18218994E+3	9.57025564E-4
-3.17740991E+3	9.58411198E-4
-3.17117993E+3	9.61446378E-4
-3.16530005E+3	9.64612584E-4
-3.16050000E+3	9.66357766E-4
-3.15385010E+3	9.61323560E-4
-3.14666992E+3	9.61347367E-4
-3.14077002E+3	9.60301724E-4
-3.13590991E+3	9.56468575E-4
-3.12893994E+3	9.59550845E-4
-3.12417993E+3	9.53625131E-4
-3.11835010E+3	9.57255310E-4
-3.11212012E+3	9.57130163E-4
-3.10490991E+3	9.52028844E-4
-3.10031006E+3	9.48812289E-4
-3.09423999E+3	9.49772657E-4
-3.08783008E+3	9.48270201E-4
-3.08163989E+3	9.57194774E-4
-3.07532007E+3	9.55597265E-4
-3.07048999E+3	9.59654630E-4
-3.06506006E+3	9.63945931E-4
-3.05887988E+3	9.56939999E-4
-3.05312012E+3	9.56076838E-4
-3.04604004E+3	9.64321662E-4
-3.04000000E+3	9.69741552E-4
-3.03370996E+3	9.71794012E-4
-3.02882007E+3	9.71814792E-4
-3.02307007E+3	9.63975384E-4
-3.01726001E+3	9.68672219E-4
-3.01125000E+3	9.64427949E-4
-3.00531006E+3	9.66354739E-4
-2.99955005E+3	9.71315370E-4
-2.99465991E+3	9.72187554E-4
-2.98711011E+3	9.65291110E-4
-2.98110010E+3	9.57501004E-4
-2.97580005E+3	9.56762815E-4
-2.96967993E+3	9.54097195E-4
-2.96394995E+3	9.57223994E-4
-2.95801001E+3	9.54456918E-4
-2.95290991E+3	9.60896490E-4
-2.94666992E+3	9.57118231E-4
-2.93937012E+3	9.56774864E-4
-2.93525000E+3	9.58601071E-4
-2.92934009E+3	9.65214218E-4
-2.92234009E+3	9.69874440E-4
-2.91734009E+3	9.67391534E-4
-2.91040991E+3	9.70921305E-4
-2.90554004E+3	9.69073211E-4
-2.89904004E+3	9.66835360E-4
-2.89256006E+3	9.64112405E-4
-2.88707007E+3	9.67253407E-4
-2.88089990E+3	9.67369415E-4
-2.87487988E+3	9.65878426E-4
-2.86901001E+3	9.63666127E-4
-2.86314990E+3	9.62770078E-4
-2.85710010E+3	9.66656196E-4
-2.85238989E+3	9.65062703E-4
-2.84597998E+3	9.62287013E-4
-2.84009009E+3	9.68465756E-4
-2.83298999E+3	9.64385748E-4
-2.82727002E+3	9.65453859E-4
-2.82147998E+3	9.61120415E-4
-2.81554004E+3	9.64255130E-4
-2.81058008E+3	9.60476289E-4
-2.80451001E+3	9.60995036E-4
-2.79843994E+3	9.59065917E-4
-2.79257007E+3	9.56663862E-4
-2.78687012E+3	9.57137207E-4
-2.78080005E+3	9.52159113E-4
-2.77387988E+3	9.53177456E-4
-2.76922998E+3	9.43662133E-4
-2.76319995E+3	9.45270993E-4
-2.75733008E+3	9.43489722E-4
-2.75087012E+3	9.42474289E-4
-2.74471997E+3	9.44959524E-4
-2.73981006E+3	9.48705478E-4
-2.73337988E+3	9.55538650E-4
-2.72637988E+3	9.61699348E-4
-2.72044995E+3	9.71807807E-4
-2.71562988E+3	9.77760297E-4
-2.70957007E+3	9.87397041E-4
-2.70338989E+3	9.94084636E-4
-2.69741992E+3	9.97073133E-4
-2.69136011E+3	1.00071286E-3
-2.68554004E+3	1.00045907E-3
-2.68076001E+3	9.97130061E-4
-2.67339990E+3	9.95447510E-4
-2.66755005E+3	9.94118047E-4
-2.66112988E+3	9.85207385E-4
-2.65519995E+3	9.78664379E-4
-2.65002002E+3	9.74847411E-4
-2.64413989E+3	9.72226670E-4
-2.63812988E+3	9.71295231E-4
-2.63222998E+3	9.74985596E-4
-2.62630005E+3	9.75010742E-4
-2.62129004E+3	9.72381502E-4
-2.61328003E+3	9.72383365E-4
-2.60735010E+3	9.72739246E-4
-2.60252002E+3	9.70104535E-4
-2.59559009E+3	9.74452938E-4
-2.58991992E+3	9.76725365E-4
-2.58401001E+3	9.74448165E-4
-2.57845996E+3	9.74128605E-4
-2.57230005E+3	9.68044216E-4
-2.56520996E+3	9.66851891E-4
-2.56031006E+3	9.71074100E-4
-2.55341992E+3	9.67372092E-4
-2.54656006E+3	9.63767292E-4
-2.54167993E+3	9.63110593E-4
-2.53480005E+3	9.55799595E-4
-2.53003003E+3	9.52188508E-4
-2.52282007E+3	9.50500544E-4
-2.51690991E+3	9.49159323E-4
-2.51087988E+3	9.50461312E-4
-2.50360010E+3	9.47938825E-4
-2.49763989E+3	9.49005538E-4
-2.49172998E+3	9.49776499E-4
-2.48712988E+3	9.52596194E-4
-2.48023999E+3	9.58703749E-4
-2.47453003E+3	9.65211715E-4
-2.46845996E+3	9.66676918E-4
-2.46230005E+3	9.64425504E-4
-2.45668994E+3	9.65192216E-4
-2.44960010E+3	9.67831409E-4
-2.44239990E+3	9.66793101E-4
-2.43723999E+3	9.58645134E-4
-2.43039990E+3	9.57597920E-4
-2.42468994E+3	9.57446406E-4
-2.41863989E+3	9.56469506E-4
-2.41267993E+3	9.49723937E-4
-2.40687012E+3	9.47387540E-4
-2.39968994E+3	9.46543354E-4
-2.39472998E+3	9.47285269E-4
-2.38753003E+3	9.47300869E-4
-2.38130005E+3	9.51529481E-4
-2.37531006E+3	9.58056247E-4
-2.36918994E+3	9.57015844E-4
-2.36358008E+3	9.54866759E-4
-2.35756006E+3	9.52948700E-4
-2.35145996E+3	9.58215620E-4
-2.34605005E+3	9.60008299E-4
-2.33903003E+3	9.60718840E-4
-2.33180005E+3	9.57430515E-4
-2.32601001E+3	9.50278481E-4
-2.32004004E+3	9.46157263E-4
-2.31410010E+3	9.40704194E-4
-2.30808008E+3	9.43752530E-4
-2.30140991E+3	9.38502199E-4
-2.29559009E+3	9.37576522E-4
-2.28946997E+3	9.33158793E-4
-2.28357007E+3	9.32703202E-4
-2.27769995E+3	9.35910328E-4
-2.27062012E+3	9.39302787E-4
-2.26475000E+3	9.42910265E-4
-2.25855005E+3	9.46723332E-4
-2.25264990E+3	9.50303511E-4
-2.24676001E+3	9.48582951E-4
-2.24076001E+3	9.57113865E-4
-2.23460010E+3	9.60834732E-4
-2.22787988E+3	9.63600469E-4
-2.22092993E+3	9.59969766E-4
-2.21497998E+3	9.63509665E-4
-2.20892993E+3	9.61229904E-4
-2.20308008E+3	9.58110555E-4
-2.19712988E+3	9.57918004E-4
-2.19119995E+3	9.58317891E-4
-2.18514990E+3	9.62839054E-4
-2.17905005E+3	9.65786632E-4
-2.17225000E+3	9.63994942E-4
-2.16616992E+3	9.62757564E-4
-2.16011011E+3	9.65216255E-4
-2.15345996E+3	9.67860746E-4
-2.14766992E+3	9.74210154E-4
-2.14168994E+3	9.76447598E-4
-2.13576001E+3	9.73716669E-4
-2.13020996E+3	9.71521658E-4
-2.12306006E+3	9.66977561E-4
-2.11712988E+3	9.55769327E-4
-2.11027002E+3	9.54911811E-4
-2.10432007E+3	9.61806858E-4
-2.09797998E+3	9.66533145E-4
-2.09196997E+3	9.61749116E-4
-2.08602002E+3	9.56323929E-4
-2.08006006E+3	9.54283052E-4
-2.07426001E+3	9.56318050E-4
-2.06831006E+3	9.56068689E-4
-2.06121997E+3	9.57952114E-4
-2.05648999E+3	9.61596495E-4
-2.04958008E+3	9.58988443E-4
-2.04252002E+3	9.52302129E-4
-2.03667004E+3	9.48158442E-4
-2.03134998E+3	9.46292188E-4
-2.02880005E+3	9.43524181E-4
-2.02876001E+3	9.45020583E-4
-2.02872998E+3	9.43225692E-4
-2.02870996E+3	9.44682106E-4
-2.02868994E+3	9.45105043E-4
-2.02868005E+3	9.45271051E-4
-2.02868005E+3	9.47144057E-4
-2.02868005E+3	9.53467388E-4
-2.02867004E+3	9.54614196E-4
-2.02868005E+3	9.53655166E-4
-2.02868005E+3	9.55672644E-4
-2.02868005E+3	9.59550787E-4
-2.02868005E+3	9.60103178E-4
-2.02868005E+3	9.61499754E-4
-2.02868005E+3	9.60798410E-4
-2.02868005E+3	9.58019635E-4
-2.02867004E+3	9.55312978E-4
-2.02867004E+3	9.50780697E-4
-2.02868005E+3	9.46889166E-4
-2.02868005E+3	9.48936678E-4
-2.02868005E+3	9.54200746E-4
-2.02868005E+3	9.54431773E-4
-2.02868005E+3	9.55170253E-4
-2.02868005E+3	9.58075805E-4
-2.02868005E+3	9.61290381E-4
-2.02868005E+3	9.65104962E-4
-2.02868994E+3	9.71321540E-4
-2.02868994E+3	9.72506590E-4
-2.02868005E+3	9.79452278E-4
-2.02868005E+3	9.76150623E-4
-2.02868005E+3	9.70538822E-4
-2.02868005E+3	9.64761886E-4
-2.02868005E+3	9.64736391E-4
-2.02868005E+3	9.64841049E-4
-2.02868005E+3	9.60082340E-4
-2.02868005E+3	9.63753264E-4
-2.02868994E+3	9.62906517E-4
-2.02868005E+3	9.64929117E-4
-2.02867004E+3	9.63049475E-4
-2.02867004E+3	9.67513770E-4
-2.02867004E+3	9.62512800E-4
-2.02867004E+3	9.69858142E-4
-2.02866003E+3	9.65485873E-4
-2.02866003E+3	9.64903622E-4
-2.02866003E+3	9.67142056E-4
-2.02866003E+3	9.61327925E-4
-2.02865002E+3	9.59052530E-4
-2.02865002E+3	9.55575262E-4
-2.02865002E+3	9.50330927E-4
-2.02865002E+3	9.48869041E-4
-2.02865002E+3	9.56149248E-4
-2.02865002E+3	9.51653288E-4
-2.02865002E+3	9.54971940E-4
-2.02864001E+3	9.49786685E-4
-2.02864001E+3	9.52550676E-4
-2.02864001E+3	9.52655624E-4
-2.02864001E+3	9.56294069E-4
-2.02865002E+3	9.55595402E-4
-2.02864001E+3	9.61600803E-4
-2.02864001E+3	9.65074345E-4
-2.02864001E+3	9.64901061E-4
-2.02863000E+3	9.63049184E-4
-2.02863000E+3	9.64622130E-4
-2.02862000E+3	9.66704567E-4
-2.02862000E+3	9.61955811E-4
-2.02862000E+3	9.65865911E-4
-2.02860999E+3	9.65297397E-4
-2.02862000E+3	9.68279492E-4
-2.02862000E+3	9.63700644E-4
-2.02862000E+3	9.59202880E-4
-2.02862000E+3	9.59345663E-4
-2.02862000E+3	9.58140881E-4
-2.02862000E+3	9.55764146E-4
-2.02862000E+3	9.53035138E-4
-2.02862000E+3	9.53423558E-4
-2.02863000E+3	9.54653777E-4
-2.02863000E+3	9.53412731E-4
-2.02863000E+3	9.53939394E-4
-2.02863000E+3	9.57031792E-4
-2.02863000E+3	9.59572208E-4
-2.02863000E+3	9.57236043E-4
-2.02863000E+3	9.60364763E-4
-2.02863000E+3	9.57410724E-4
-2.02863000E+3	9.56165604E-4
-2.02862000E+3	9.53539566E-4
-2.02862000E+3	9.50713002E-4
-2.02860999E+3	9.49568872E-4
-2.02862000E+3	9.46480955E-4
-2.02860999E+3	9.42977611E-4
-2.02860999E+3	9.38941434E-4
-2.02859998E+3	9.38430836E-4
-2.02859998E+3	9.37208300E-4
-2.02858997E+3	9.37334378E-4
