# Mess-Beginn: 27.05.2019 15:36:13
# DTM-151	DTM-151
-4.06759009E+3	9.32889176E-4
-4.06758008E+3	9.34933429E-4
-4.06756006E+3	9.32568626E-4
-4.06755005E+3	9.28720925E-4
-4.06258008E+3	9.28655150E-4
-4.05796997E+3	9.36739263E-4
-4.05219995E+3	9.34239943E-4
-4.04630005E+3	9.39281541E-4
-4.04151001E+3	9.37136414E-4
-4.03671997E+3	9.33710078E-4
-4.03037012E+3	9.32911236E-4
-4.02556006E+3	9.37443634E-4
-4.01972998E+3	9.34380689E-4
-4.01403003E+3	9.39173624E-4
-4.00923999E+3	9.37474018E-4
-4.00303003E+3	9.34488897E-4
-3.99632007E+3	9.35059332E-4
-3.99108008E+3	9.35579883E-4
-3.98521997E+3	9.33869800E-4
-3.97955005E+3	9.37305507E-4
-3.97478003E+3	9.39697493E-4
-3.96798999E+3	9.38142883E-4
-3.96088989E+3	9.34274809E-4
-3.95605005E+3	9.34850366E-4
-3.94951001E+3	9.39115533E-4
-3.94362988E+3	9.39522055E-4
-3.93845996E+3	9.41204024E-4
-3.93264990E+3	9.37521865E-4
-3.92781006E+3	9.39621532E-4
-3.92086011E+3	9.38153418E-4
-3.91494995E+3	9.40586615E-4
-3.90808008E+3	9.45619307E-4
-3.90335010E+3	9.52281698E-4
-3.89750000E+3	9.50573187E-4
-3.89076001E+3	9.51259804E-4
-3.88510010E+3	9.52629023E-4
-3.87923999E+3	9.47833119E-4
-3.87353003E+3	9.46775253E-4
-3.86759009E+3	9.45186301E-4
-3.86257007E+3	9.44289670E-4
-3.85579004E+3	9.38939862E-4
-3.85011011E+3	9.31705057E-4
-3.84556006E+3	9.27214336E-4
-3.83937988E+3	9.24368913E-4
-3.83264990E+3	9.17705474E-4
-3.82688989E+3	9.13339667E-4
-3.82125000E+3	9.17029334E-4
-3.81612012E+3	9.19446291E-4
-3.80939990E+3	9.18177248E-4
-3.80340991E+3	9.19516722E-4
-3.79768994E+3	9.21598461E-4
-3.79164990E+3	9.27368470E-4
-3.78482007E+3	9.31554532E-4
-3.77912988E+3	9.34276090E-4
-3.77437012E+3	9.34975455E-4
-3.76787988E+3	9.39030433E-4
-3.76170996E+3	9.35213291E-4
-3.75700000E+3	9.38252255E-4
-3.75101001E+3	9.36727738E-4
-3.74428003E+3	9.42025450E-4
-3.73955005E+3	9.42271261E-4
-3.73333008E+3	9.41379054E-4
-3.72743994E+3	9.40611237E-4
-3.72041992E+3	9.36962024E-4
-3.71464990E+3	9.37139324E-4
-3.70886011E+3	9.34332085E-4
-3.70309009E+3	9.43269231E-4
-3.69721997E+3	9.35948221E-4
-3.69135010E+3	9.40340338E-4
-3.68546997E+3	9.38862620E-4
-3.67887012E+3	9.36759810E-4
-3.67365991E+3	9.35036165E-4
-3.66755005E+3	9.35545308E-4
-3.66186011E+3	9.36036929E-4
-3.65587988E+3	9.38946439E-4
-3.65018994E+3	9.39183403E-4
-3.64431006E+3	9.36855969E-4
-3.63727002E+3	9.40573285E-4
-3.63217993E+3	9.36282449E-4
-3.62631006E+3	9.28205147E-4
-3.62014990E+3	9.27993562E-4
-3.61419995E+3	9.31398652E-4
-3.60841992E+3	9.26196342E-4
-3.60289990E+3	9.21658881E-4
-3.59802002E+3	9.19624406E-4
-3.59100000E+3	9.17942903E-4
-3.58470996E+3	9.07891139E-4
-3.57867993E+3	8.98851664E-4
-3.57283008E+3	8.98659171E-4
-3.56696997E+3	9.06488334E-4
-3.56107007E+3	9.06147470E-4
-3.55520996E+3	9.01777938E-4
-3.55032007E+3	9.04352870E-4
-3.54388989E+3	9.10517585E-4
-3.53815991E+3	9.13451309E-4
-3.53230005E+3	9.18206177E-4
-3.52553003E+3	9.23479383E-4
-3.51978003E+3	9.32706345E-4
-3.51416992E+3	9.35991644E-4
-3.50829004E+3	9.34164622E-4
-3.50251001E+3	9.37751494E-4
-3.49662988E+3	9.40722763E-4
-3.49089990E+3	9.40811879E-4
-3.48488989E+3	9.40647849E-4
-3.47931006E+3	9.36542405E-4
-3.47330005E+3	9.39335441E-4
-3.46648999E+3	9.45003994E-4
-3.46086011E+3	9.46215994E-4
-3.45503003E+3	9.47535853E-4
-3.44916992E+3	9.49711597E-4
-3.44331006E+3	9.46680608E-4
-3.43741992E+3	9.44733794E-4
-3.43170996E+3	9.52592003E-4
-3.42597998E+3	9.56764037E-4
-3.42017993E+3	9.63413040E-4
-3.41331006E+3	9.64544364E-4
-3.40758008E+3	9.65236570E-4
-3.40173999E+3	9.63426137E-4
-3.39589990E+3	9.66948341E-4
-3.39001001E+3	9.64556064E-4
-3.38513989E+3	9.70254943E-4
-3.37900000E+3	9.74185008E-4
-3.37300000E+3	9.68743407E-4
-3.36695996E+3	9.68462438E-4
-3.36025000E+3	9.67975357E-4
-3.35457007E+3	9.62482125E-4
-3.34860010E+3	9.60788282E-4
-3.34286011E+3	9.62235674E-4
-3.33688989E+3	9.55697149E-4
-3.33181006E+3	9.55654832E-4
-3.32582007E+3	9.49473470E-4
-3.31977002E+3	9.51318478E-4
-3.31387988E+3	9.55129974E-4
-3.30815991E+3	9.53966228E-4
-3.30130005E+3	9.47481021E-4
-3.29570996E+3	9.47093824E-4
-3.28984009E+3	9.44833679E-4
-3.28388989E+3	9.45626816E-4
-3.27794995E+3	9.48153378E-4
-3.27318994E+3	9.47736320E-4
-3.26744995E+3	9.50133312E-4
-3.26112012E+3	9.42927145E-4
-3.25400000E+3	9.38411104E-4
-3.24902002E+3	9.33874457E-4
-3.24205005E+3	9.37549688E-4
-3.23694995E+3	9.40114900E-4
-3.23102002E+3	9.43776569E-4
-3.22519995E+3	9.38782527E-4
-3.21940991E+3	9.35441174E-4
-3.21353003E+3	9.37904057E-4
-3.20790991E+3	9.38481127E-4
-3.20098999E+3	9.37924022E-4
-3.19603003E+3	9.38050507E-4
-3.18892993E+3	9.38180368E-4
-3.18380005E+3	9.38353245E-4
-3.17789990E+3	9.37649223E-4
-3.17202002E+3	9.32277471E-4
-3.16627002E+3	9.41412291E-4
-3.16023999E+3	9.45002364E-4
-3.15429004E+3	9.39562509E-4
-3.14812988E+3	9.39827121E-4
-3.14222998E+3	9.43914289E-4
-3.13635010E+3	9.47686320E-4
-3.13089990E+3	9.47266177E-4
-3.12471997E+3	9.50068061E-4
-3.11881006E+3	9.52592818E-4
-3.11283008E+3	9.57771263E-4
-3.10680005E+3	9.55767347E-4
-3.10206006E+3	9.60388628E-4
-3.09567993E+3	9.67522094E-4
-3.08877002E+3	9.70030727E-4
-3.08284009E+3	9.65253101E-4
-3.07713989E+3	9.67288506E-4
-3.07100000E+3	9.71373811E-4
-3.06576001E+3	9.69132408E-4
-3.05980005E+3	9.65431391E-4
-3.05416992E+3	9.61677055E-4
-3.04820996E+3	9.58564517E-4
-3.04122998E+3	9.60082863E-4
-3.03546997E+3	9.54744406E-4
-3.02982007E+3	9.56458622E-4
-3.02398999E+3	9.59100144E-4
-3.01808008E+3	9.57157754E-4
-3.01272998E+3	9.52478091E-4
-3.00677002E+3	9.49929410E-4
-3.00075000E+3	9.50068235E-4
-2.99491992E+3	9.56770382E-4
-2.98895996E+3	9.53160517E-4
-2.98321997E+3	9.50529880E-4
-2.97837988E+3	9.51223541E-4
-2.97109009E+3	9.50196234E-4
-2.96508008E+3	9.52481292E-4
-2.96018994E+3	9.45236068E-4
-2.95327002E+3	9.48213681E-4
-2.94745996E+3	9.51730413E-4
-2.94251001E+3	9.56375559E-4
-2.93537988E+3	9.48331784E-4
-2.93061011E+3	9.50959336E-4
-2.92334009E+3	9.47529799E-4
-2.91762988E+3	9.50024812E-4
-2.91171997E+3	9.43783903E-4
-2.90582007E+3	9.41789243E-4
-2.90038989E+3	9.45476757E-4
-2.89435010E+3	9.44745494E-4
-2.88945996E+3	9.42335464E-4
-2.88243994E+3	9.38326411E-4
-2.87763989E+3	9.42156592E-4
-2.86962988E+3	9.42768063E-4
-2.86504004E+3	9.44113126E-4
-2.85898999E+3	9.42499202E-4
-2.85254004E+3	9.47357505E-4
-2.84678003E+3	9.47416644E-4
-2.84131006E+3	9.43934312E-4
-2.83537012E+3	9.45748296E-4
-2.82935010E+3	9.48303728E-4
-2.82253003E+3	9.52509232E-4
-2.81684009E+3	9.49864101E-4
-2.81102002E+3	9.50520625E-4
-2.80528003E+3	9.49161185E-4
-2.79928003E+3	9.51037975E-4
-2.79369995E+3	9.51667142E-4
-2.78748999E+3	9.53912036E-4
-2.78268994E+3	9.55298601E-4
-2.77615991E+3	9.50906600E-4
-2.76900000E+3	9.47510300E-4
-2.76320996E+3	9.35877557E-4
-2.75837988E+3	9.35565913E-4
-2.75205005E+3	9.33697680E-4
-2.74600000E+3	9.34107054E-4
-2.74133008E+3	9.32215771E-4
-2.73426001E+3	9.35613643E-4
-2.72828003E+3	9.33837553E-4
-2.72302002E+3	9.37039556E-4
-2.71602002E+3	9.43419640E-4
-2.71089990E+3	9.41969687E-4
-2.70508008E+3	9.48592031E-4
-2.69910010E+3	9.45737760E-4
-2.69285010E+3	9.46140615E-4
-2.68680005E+3	9.40878526E-4
-2.68190991E+3	9.35084943E-4
-2.67476001E+3	9.26373526E-4
-2.67015991E+3	9.21976054E-4
-2.66266992E+3	9.15791199E-4
-2.65673999E+3	9.09622293E-4
-2.65070996E+3	9.10536852E-4
-2.64470996E+3	9.09438997E-4
-2.63880005E+3	9.13056661E-4
-2.63297998E+3	9.09337017E-4
-2.62719995E+3	9.11020383E-4
-2.62229004E+3	9.14776640E-4
-2.61637988E+3	9.12936579E-4
-2.60930005E+3	9.20756487E-4
-2.60281006E+3	9.24764259E-4
-2.59657007E+3	9.28334717E-4
-2.59068994E+3	9.32397204E-4
-2.58560010E+3	9.36876633E-4
-2.57931006E+3	9.35451768E-4
-2.57312012E+3	9.39478108E-4
-2.56718994E+3	9.44344967E-4
-2.56137988E+3	9.43433668E-4
-2.55421997E+3	9.47535562E-4
-2.54838989E+3	9.44742584E-4
-2.54237988E+3	9.43673949E-4
-2.53648999E+3	9.40947153E-4
-2.52993994E+3	9.37437988E-4
-2.52392993E+3	9.35891003E-4
-2.51793994E+3	9.37658304E-4
-2.51315991E+3	9.34229756E-4
-2.50736011E+3	9.31108429E-4
-2.50043994E+3	9.31632763E-4
-2.49430005E+3	9.32422467E-4
-2.48726001E+3	9.31245217E-4
-2.48132007E+3	9.35282675E-4
-2.47533008E+3	9.37335484E-4
-2.46875000E+3	9.36701661E-4
-2.46339990E+3	9.32357914E-4
-2.45662012E+3	9.31023736E-4
-2.45072998E+3	9.32789349E-4
-2.44379004E+3	9.35892109E-4
-2.43787988E+3	9.36992001E-4
-2.43195996E+3	9.34043725E-4
-2.42591992E+3	9.34360432E-4
-2.41989990E+3	9.30421054E-4
-2.41395996E+3	9.26052395E-4
-2.40770996E+3	9.24429216E-4
-2.40183008E+3	9.25747096E-4
-2.39586011E+3	9.24370659E-4
-2.38979004E+3	9.27950547E-4
-2.38268994E+3	9.21671686E-4
-2.37705005E+3	9.21180705E-4
-2.37067993E+3	9.22773033E-4
-2.36393994E+3	9.15626471E-4
-2.35907007E+3	9.12138959E-4
-2.35212988E+3	9.15468205E-4
-2.34617993E+3	9.13243333E-4
-2.34113989E+3	9.11178999E-4
-2.33421997E+3	9.10947623E-4
-2.32845996E+3	9.08089511E-4
-2.32165991E+3	9.07511974E-4
-2.31533008E+3	9.06788162E-4
-2.30938989E+3	9.05431458E-4
-2.30363989E+3	9.11330106E-4
-2.29740991E+3	9.17755766E-4
-2.29115991E+3	9.17310652E-4
-2.28438989E+3	9.21159051E-4
-2.27841992E+3	9.21080005E-4
-2.27144995E+3	9.21815285E-4
-2.26660010E+3	9.20640072E-4
-2.25965991E+3	9.24268679E-4
-2.25353003E+3	9.22205334E-4
-2.24753003E+3	9.25131375E-4
-2.24172998E+3	9.27015033E-4
-2.23573999E+3	9.23721702E-4
-2.22962988E+3	9.21219005E-4
-2.22409009E+3	9.22822510E-4
-2.21761011E+3	9.24362103E-4
-2.21141992E+3	9.21288505E-4
-2.20426001E+3	9.21900442E-4
-2.19852002E+3	9.17138474E-4
-2.19268994E+3	9.17806174E-4
-2.18622998E+3	9.16943187E-4
-2.18123999E+3	9.15900455E-4
-2.17410010E+3	9.14390897E-4
-2.16810010E+3	9.17995756E-4
-2.16153003E+3	9.17637954E-4
-2.15664990E+3	9.20559687E-4
-2.14962012E+3	9.23541782E-4
-2.14245996E+3	9.27814050E-4
-2.13635010E+3	9.29608825E-4
-2.13173999E+3	9.32192605E-4
-2.12464990E+3	9.30967217E-4
-2.11869995E+3	9.24573629E-4
-2.11266992E+3	9.24312102E-4
-2.10668994E+3	9.22722917E-4
-2.09962988E+3	9.22180072E-4
-2.09297998E+3	9.20581457E-4
-2.08802002E+3	9.28145659E-4
-2.08214990E+3	9.29300382E-4
-2.07537012E+3	9.33106174E-4
-2.06936011E+3	9.31831542E-4
-2.06362988E+3	9.29633679E-4
-2.05760010E+3	9.35383665E-4
-2.05132007E+3	9.37562261E-4
-2.04470996E+3	9.44197702E-4
-2.03904004E+3	9.40457918E-4
-2.03164001E+3	9.41908685E-4
-2.02918994E+3	9.29101603E-4
-2.02910999E+3	9.21226630E-4
-2.02902002E+3	9.23175015E-4
-2.02895996E+3	9.25238128E-4
-2.02891003E+3	9.22928040E-4
-2.02888000E+3	9.24623921E-4
-2.02884998E+3	9.24634049E-4
-2.02881995E+3	9.20326158E-4
-2.02879004E+3	9.24385618E-4
-2.02878003E+3	9.21056722E-4
-2.02876001E+3	9.28559632E-4
-2.02873999E+3	9.32503957E-4
-2.02872998E+3	9.23057436E-4
-2.02871997E+3	9.21692175E-4
-2.02870996E+3	9.25838947E-4
-2.02870996E+3	9.23520594E-4
-2.02869995E+3	9.22382111E-4
-2.02869995E+3	9.25910019E-4
-2.02868994E+3	9.23301326E-4
-2.02868994E+3	9.29807196E-4
-2.02868994E+3	9.28006659E-4
-2.02868005E+3	9.25019151E-4
-2.02868005E+3	9.34572890E-4
-2.02868005E+3	9.37251491E-4
-2.02868005E+3	9.37907607E-4
-2.02868005E+3	9.38079320E-4
-2.02868005E+3	9.40013560E-4
-2.02868005E+3	9.36357013E-4
-2.02867004E+3	9.37901728E-4
-2.02867004E+3	9.34013049E-4
-2.02867004E+3	9.34272073E-4
-2.02867004E+3	9.41819453E-4
-2.02867004E+3	9.40689002E-4
-2.02867004E+3	9.43695428E-4
-2.02867004E+3	9.40577767E-4
-2.02867004E+3	9.40197555E-4
-2.02867004E+3	9.45779087E-4
-2.02867004E+3	9.39022866E-4
-2.02867004E+3	9.37102595E-4
-2.02867004E+3	9.39153484E-4
-2.02867004E+3	9.38869372E-4
-2.02867004E+3	9.33716947E-4
-2.02867004E+3	9.35519405E-4
-2.02867004E+3	9.33559437E-4
-2.02867004E+3	9.34112410E-4
-2.02867004E+3	9.36034019E-4
-2.02866003E+3	9.32866998E-4
-2.02867004E+3	9.42403509E-4
-2.02867004E+3	9.50668065E-4
