# Mess-Beginn: 27.05.2019 16:19:00
# DTM-151	DTM-151
-4.06777002E+3	9.14504752E-4
-4.06773999E+3	9.16064833E-4
-4.06771997E+3	9.22976236E-4
-4.06610010E+3	9.28543333E-4
-4.06021997E+3	9.29322792E-4
-4.05545996E+3	9.30117210E-4
-4.04956006E+3	9.30169073E-4
-4.04373999E+3	9.35455260E-4
-4.03910010E+3	9.34696232E-4
-4.03339990E+3	9.33207746E-4
-4.02894995E+3	9.33287782E-4
-4.02208008E+3	9.32448893E-4
-4.01744995E+3	9.31796269E-4
-4.01160010E+3	9.26887325E-4
-4.00686011E+3	9.29177972E-4
-4.00112988E+3	9.26355482E-4
-3.99411011E+3	9.25143773E-4
-3.98848999E+3	9.18834645E-4
-3.98372998E+3	9.18328355E-4
-3.97683008E+3	9.18983889E-4
-3.97179004E+3	9.21316911E-4
-3.96583008E+3	9.27325687E-4
-3.95977002E+3	9.21786879E-4
-3.95384009E+3	9.24288761E-4
-3.94859009E+3	9.16745339E-4
-3.94175000E+3	9.15402605E-4
-3.93556006E+3	9.17434343E-4
-3.93029004E+3	9.18324513E-4
-3.92456006E+3	9.22924315E-4
-3.91903003E+3	9.25478933E-4
-3.91296997E+3	9.30358830E-4
-3.90723999E+3	9.28618188E-4
-3.90069995E+3	9.31853196E-4
-3.89621997E+3	9.24514956E-4
-3.88936011E+3	9.26565670E-4
-3.88316992E+3	9.30377981E-4
-3.87743994E+3	9.33577830E-4
-3.87152002E+3	9.37132630E-4
-3.86563989E+3	9.30050970E-4
-3.85997998E+3	9.25586384E-4
-3.85520996E+3	9.24181542E-4
-3.84833008E+3	9.27055138E-4
-3.84248999E+3	9.25064669E-4
-3.83554004E+3	9.32299532E-4
-3.82987988E+3	9.39485850E-4
-3.82398999E+3	9.34292970E-4
-3.81812988E+3	9.24294407E-4
-3.81246997E+3	9.25896107E-4
-3.80658008E+3	9.31687711E-4
-3.80166992E+3	9.35521908E-4
-3.79551001E+3	9.34521959E-4
-3.78993994E+3	9.28847876E-4
-3.78262988E+3	9.31554474E-4
-3.77795996E+3	9.30724549E-4
-3.77213989E+3	9.30648239E-4
-3.76520996E+3	9.36937984E-4
-3.75937012E+3	9.46178799E-4
-3.75440991E+3	9.44387459E-4
-3.74806006E+3	9.44263476E-4
-3.74207007E+3	9.46206448E-4
-3.73619995E+3	9.51764116E-4
-3.73036011E+3	9.55860887E-4
-3.72403003E+3	9.52331524E-4
-3.71829004E+3	9.50430171E-4
-3.71234009E+3	9.48121829E-4
-3.70758008E+3	9.45957028E-4
-3.70052002E+3	9.43785009E-4
-3.69444995E+3	9.41876555E-4
-3.68946997E+3	9.38826415E-4
-3.68371997E+3	9.34195705E-4
-3.67787012E+3	9.28088732E-4
-3.67086011E+3	9.24984284E-4
-3.66592993E+3	9.24559659E-4
-3.65897998E+3	9.28551250E-4
-3.65303003E+3	9.27455199E-4
-3.64697998E+3	9.28540714E-4
-3.64235010E+3	9.29966336E-4
-3.63647998E+3	9.31761810E-4
-3.63055005E+3	9.32065479E-4
-3.62455005E+3	9.34177311E-4
-3.61843994E+3	9.33426723E-4
-3.61226001E+3	9.35892225E-4
-3.60622998E+3	9.36971453E-4
-3.60040991E+3	9.30480775E-4
-3.59462988E+3	9.31933115E-4
-3.58883008E+3	9.34016367E-4
-3.58280005E+3	9.33741452E-4
-3.57719995E+3	9.29709815E-4
-3.57127002E+3	9.26805718E-4
-3.56538989E+3	9.25023691E-4
-3.55860010E+3	9.26040520E-4
-3.55273999E+3	9.25363216E-4
-3.54760010E+3	9.29395086E-4
-3.54182007E+3	9.34066484E-4
-3.53587012E+3	9.35387739E-4
-3.52987988E+3	9.34244541E-4
-3.52501001E+3	9.31060640E-4
-3.51903003E+3	9.33768752E-4
-3.51118994E+3	9.34030046E-4
-3.50645996E+3	9.31994815E-4
-3.50184009E+3	9.25320317E-4
-3.49428003E+3	9.26411885E-4
-3.48832007E+3	9.25312634E-4
-3.48341992E+3	9.25759377E-4
-3.47713989E+3	9.17300466E-4
-3.47052002E+3	9.11202747E-4
-3.46600000E+3	9.11234820E-4
-3.45857007E+3	9.12326039E-4
-3.45279004E+3	9.11844778E-4
-3.44687012E+3	9.11255775E-4
-3.44086011E+3	9.18384234E-4
-3.43606006E+3	9.19704908E-4
-3.42915991E+3	9.20235703E-4
-3.42441992E+3	9.24633234E-4
-3.41817993E+3	9.25864791E-4
-3.41263989E+3	9.31727642E-4
-3.40656006E+3	9.36053693E-4
-3.40071997E+3	9.29964124E-4
-3.39358008E+3	9.34070151E-4
-3.38825000E+3	9.36479715E-4
-3.38251001E+3	9.37761390E-4
-3.37652002E+3	9.36198747E-4
-3.37065991E+3	9.36087803E-4
-3.36590991E+3	9.35094780E-4
-3.35905005E+3	9.40884696E-4
-3.35232007E+3	9.39037767E-4
-3.34639990E+3	9.40268917E-4
-3.34070996E+3	9.44509462E-4
-3.33480005E+3	9.45619890E-4
-3.32892993E+3	9.51276219E-4
-3.32287988E+3	9.50308633E-4
-3.31698999E+3	9.50097863E-4
-3.31290991E+3	9.51074937E-4
-3.30576001E+3	9.45389329E-4
-3.29987012E+3	9.42590646E-4
-3.29394995E+3	9.43242630E-4
-3.28766992E+3	9.39444231E-4
-3.28183008E+3	9.44516098E-4
-3.27603003E+3	9.43424704E-4
-3.27011011E+3	9.45221633E-4
-3.26516992E+3	9.42264101E-4
-3.25811011E+3	9.47350287E-4
-3.25328003E+3	9.44943982E-4
-3.24747998E+3	9.47257853E-4
-3.24111011E+3	9.51541471E-4
-3.23441992E+3	9.51637921E-4
-3.22857007E+3	9.52070346E-4
-3.22262012E+3	9.46345390E-4
-3.21687988E+3	9.49468696E-4
-3.21089990E+3	9.44525644E-4
-3.20500000E+3	9.44519881E-4
-3.19919995E+3	9.35477903E-4
-3.19438989E+3	9.37348173E-4
-3.18778003E+3	9.44287982E-4
-3.18192993E+3	9.41203092E-4
-3.17498999E+3	9.45028034E-4
-3.16963989E+3	9.43644263E-4
-3.16377002E+3	9.41607927E-4
-3.15779004E+3	9.37795616E-4
-3.15195996E+3	9.37651726E-4
-3.14587988E+3	9.46468848E-4
-3.14082007E+3	9.56727250E-4
-3.13340991E+3	9.57339013E-4
-3.12750000E+3	9.53270297E-4
-3.12231006E+3	9.52017435E-4
-3.11673999E+3	9.47720720E-4
-3.11158008E+3	9.47392487E-4
-3.10469995E+3	9.54082469E-4
-3.09868994E+3	9.55564436E-4
-3.09430005E+3	9.52874951E-4
-3.08775000E+3	9.40483180E-4
-3.08015991E+3	9.33540869E-4
-3.07646997E+3	9.33760894E-4
-3.06966992E+3	9.32361756E-4
-3.06279004E+3	9.35331569E-4
-3.05757007E+3	9.36188619E-4
-3.05173999E+3	9.34951939E-4
-3.04626001E+3	9.33079165E-4
-3.03994995E+3	9.31870542E-4
-3.03404004E+3	9.35297925E-4
-3.02800000E+3	9.41370439E-4
-3.02315991E+3	9.40396392E-4
-3.01731006E+3	9.38133802E-4
-3.01055005E+3	9.33816831E-4
-3.00443994E+3	9.30400158E-4
-2.99858008E+3	9.31693532E-4
-2.99277002E+3	9.34646523E-4
-2.98664990E+3	9.31807561E-4
-2.98087012E+3	9.31186252E-4
-2.97497998E+3	9.28450841E-4
-2.96853003E+3	9.34273237E-4
-2.96251001E+3	9.33082367E-4
-2.95650000E+3	9.30370064E-4
-2.95164990E+3	9.34773765E-4
-2.94584009E+3	9.40837956E-4
-2.93944995E+3	9.38413374E-4
-2.93347998E+3	9.37630073E-4
-2.92763989E+3	9.35039599E-4
-2.92152002E+3	9.31395101E-4
-2.91567993E+3	9.34338314E-4
-2.90951001E+3	9.19275917E-4
-2.90366992E+3	9.15356795E-4
-2.89783008E+3	9.12805786E-4
-2.89168994E+3	9.06922272E-4
-2.88633008E+3	8.97929480E-4
-2.88036011E+3	8.95021833E-4
-2.87444995E+3	8.94646859E-4
-2.86853003E+3	8.95208272E-4
-2.86260010E+3	8.95972538E-4
-2.85571997E+3	8.94537137E-4
-2.85103003E+3	8.97521910E-4
-2.84406006E+3	9.03718348E-4
-2.83922998E+3	9.13771917E-4
-2.83318994E+3	9.20111837E-4
-2.82707007E+3	9.24281892E-4
-2.82121997E+3	9.27904504E-4
-2.81533008E+3	9.25571600E-4
-2.80945996E+3	9.34891053E-4
-2.80328003E+3	9.38763784E-4
-2.79710010E+3	9.42455896E-4
-2.79134009E+3	9.48648143E-4
-2.78545996E+3	9.51808935E-4
-2.77940991E+3	9.50643385E-4
-2.77371997E+3	9.51658702E-4
-2.76785010E+3	9.52636183E-4
-2.76197998E+3	9.60712030E-4
-2.75587012E+3	9.66707245E-4
-2.75068994E+3	9.62852559E-4
-2.74473999E+3	9.64028761E-4
-2.73842993E+3	9.70521010E-4
-2.73219995E+3	9.73106828E-4
-2.72637988E+3	9.70435329E-4
-2.72151001E+3	9.66763939E-4
-2.71461011E+3	9.67425411E-4
-2.70872998E+3	9.70197667E-4
-2.70172998E+3	9.66394262E-4
-2.69564990E+3	9.63421073E-4
-2.69033008E+3	9.67818720E-4
-2.68430005E+3	9.65992105E-4
-2.67821997E+3	9.52617731E-4
-2.67301001E+3	9.54390271E-4
-2.66748999E+3	9.57468292E-4
-2.66159009E+3	9.53415991E-4
-2.65600000E+3	9.49331559E-4
-2.64821997E+3	9.48012690E-4
-2.64213989E+3	9.41506063E-4
-2.63737988E+3	9.45042062E-4
-2.63094995E+3	9.43239371E-4
-2.62504004E+3	9.46743996E-4
-2.61897998E+3	9.49114328E-4
-2.61320996E+3	9.44739557E-4
-2.60733008E+3	9.43579187E-4
-2.60129004E+3	9.51415277E-4
-2.59626001E+3	9.55224095E-4
-2.58927002E+3	9.54298826E-4
-2.58237012E+3	9.63583239E-4
-2.57668994E+3	9.61818325E-4
-2.57053003E+3	9.63233528E-4
-2.56562012E+3	9.61099518E-4
-2.55865991E+3	9.63233761E-4
-2.55269995E+3	9.67211032E-4
-2.54682007E+3	9.63544357E-4
-2.54112988E+3	9.58104443E-4
-2.53435010E+3	9.60680598E-4
-2.52841992E+3	9.59567318E-4
-2.52154004E+3	9.56559204E-4
-2.51562988E+3	9.52205737E-4
-2.50968994E+3	9.48058965E-4
-2.50364990E+3	9.48372995E-4
-2.49782007E+3	9.51212016E-4
-2.49160010E+3	9.46942950E-4
-2.48561011E+3	9.52699222E-4
-2.47962012E+3	9.59026336E-4
-2.47370996E+3	9.54972114E-4
-2.46669995E+3	9.56866832E-4
-2.46064990E+3	9.55615251E-4
-2.45451001E+3	9.60439269E-4
-2.44860010E+3	9.60779143E-4
-2.44250000E+3	9.60977341E-4
-2.43626001E+3	9.61349229E-4
-2.43018994E+3	9.65047337E-4
-2.42437988E+3	9.62939579E-4
-2.41836011E+3	9.62410530E-4
-2.41143994E+3	9.63768340E-4
-2.40597998E+3	9.63069091E-4
-2.39900000E+3	9.63258848E-4
-2.39317993E+3	9.62187129E-4
-2.38721997E+3	9.62106104E-4
-2.38121997E+3	9.58725810E-4
-2.37400000E+3	9.59283963E-4
-2.37021997E+3	9.56715143E-4
-2.36197998E+3	9.51756840E-4
-2.35587988E+3	9.50791058E-4
-2.35032007E+3	9.46565357E-4
-2.34325000E+3	9.42507177E-4
-2.33794995E+3	9.44049505E-4
-2.33189990E+3	9.44367959E-4
-2.32632007E+3	9.39777528E-4
-2.31927002E+3	9.41559323E-4
-2.31339990E+3	9.39098420E-4
-2.30763989E+3	9.42396116E-4
-2.30063989E+3	9.44015686E-4
-2.29465991E+3	9.42833489E-4
-2.28796997E+3	9.48937261E-4
-2.28196997E+3	9.53405281E-4
-2.27608008E+3	9.51540191E-4
-2.27003003E+3	9.51931928E-4
-2.26371997E+3	9.61959478E-4
-2.25780005E+3	9.65803221E-4
-2.25185010E+3	9.65918414E-4
-2.24587988E+3	9.62763792E-4
-2.23885010E+3	9.59648634E-4
-2.23292993E+3	9.57044424E-4
-2.22692993E+3	9.54410934E-4
-2.22057007E+3	9.54061165E-4
-2.21459009E+3	9.53357085E-4
-2.20854004E+3	9.53468087E-4
-2.20133008E+3	9.47054476E-4
-2.19636011E+3	9.45331936E-4
-2.18942993E+3	9.44188156E-4
-2.18347998E+3	9.45445150E-4
-2.17729004E+3	9.58486809E-4
-2.17141992E+3	9.64167295E-4
-2.16552002E+3	9.67381755E-4
-2.15964990E+3	9.73897113E-4
-2.15296997E+3	9.80795128E-4
-2.14693994E+3	9.79392906E-4
-2.13983008E+3	9.80384531E-4
-2.13411011E+3	9.77530843E-4
-2.12792993E+3	9.79211298E-4
-2.12214990E+3	9.76348296E-4
-2.11602002E+3	9.65808053E-4
-2.10993994E+3	9.62648133E-4
-2.10409009E+3	9.62278864E-4
-2.09854004E+3	9.60457313E-4
-2.09039990E+3	9.55692085E-4
-2.08544995E+3	9.54721530E-4
-2.07857007E+3	9.56013275E-4
-2.07261011E+3	9.64124163E-4
-2.06637012E+3	9.65292042E-4
-2.06158008E+3	9.68015054E-4
-2.05496997E+3	9.71117639E-4
-2.04909009E+3	9.71550471E-4
-2.04326001E+3	9.70665889E-4
-2.03698999E+3	9.70763096E-4
-2.02957996E+3	9.69258545E-4
-2.02951001E+3	9.74377326E-4
-2.02940002E+3	9.73571383E-4
-2.02928003E+3	9.63258906E-4
-2.02921997E+3	9.58421966E-4
-2.02915002E+3	9.59957892E-4
-2.02908997E+3	9.62020655E-4
-2.02905005E+3	9.63372760E-4
-2.02902002E+3	9.64136387E-4
-2.02900000E+3	9.65985993E-4
-2.02897998E+3	9.72379406E-4
-2.02894995E+3	9.71150061E-4
-2.02893005E+3	9.71768168E-4
-2.02892004E+3	9.74800845E-4
-2.02890002E+3	9.73226619E-4
-2.02889001E+3	9.67373606E-4
-2.02887000E+3	9.63792903E-4
-2.02887000E+3	9.63027589E-4
-2.02887000E+3	9.60835139E-4
-2.02885999E+3	9.54201445E-4
-2.02887000E+3	9.46603657E-4
-2.02885999E+3	9.43944906E-4
-2.02885999E+3	9.43238731E-4
-2.02885999E+3	9.42314859E-4
-2.02885999E+3	9.43396648E-4
-2.02884998E+3	9.51981463E-4
-2.02883997E+3	9.52321687E-4
-2.02884998E+3	9.51424008E-4
-2.02883997E+3	9.48818924E-4
-2.02883997E+3	9.51114518E-4
-2.02883997E+3	9.55950120E-4
-2.02883997E+3	9.61335667E-4
-2.02883997E+3	9.64876672E-4
-2.02883997E+3	9.64804320E-4
-2.02883997E+3	9.75660805E-4
-2.02883997E+3	9.70246969E-4
-2.02882996E+3	9.68414126E-4
-2.02882996E+3	9.63816710E-4
-2.02881995E+3	9.65601823E-4
-2.02881995E+3	9.62940394E-4
-2.02881006E+3	9.54897434E-4
-2.02880005E+3	9.51840193E-4
-2.02880005E+3	9.49549547E-4
-2.02880005E+3	9.49621841E-4
-2.02880005E+3	9.40102793E-4
-2.02880005E+3	9.43007704E-4
-2.02879004E+3	9.46705113E-4
-2.02879004E+3	9.52737057E-4
-2.02879004E+3	9.58602235E-4
-2.02879004E+3	9.63336439E-4
-2.02879004E+3	9.67048400E-4
-2.02880005E+3	9.67509288E-4
-2.02880005E+3	9.66735417E-4
-2.02880005E+3	9.67849337E-4
-2.02880005E+3	9.68543522E-4
-2.02880005E+3	9.63432190E-4
-2.02881006E+3	9.62063903E-4
