# Mess-Beginn: 27.05.2019 16:23:31
# DTM-151	DTM-151
-4.06732007E+3	9.35618707E-4
-4.06735010E+3	9.31287708E-4
-4.06737988E+3	9.29347065E-4
-4.06740991E+3	9.28192749E-4
-4.06515991E+3	9.20236635E-4
-4.05906006E+3	9.23209358E-4
-4.05537988E+3	9.21502709E-4
-4.04850000E+3	9.11091687E-4
-4.04331006E+3	9.05628491E-4
-4.03737988E+3	9.07760754E-4
-4.03257007E+3	9.08657908E-4
-4.02694995E+3	9.05486173E-4
-4.02208008E+3	9.07252659E-4
-4.01610010E+3	9.11346229E-4
-4.01095996E+3	9.12920106E-4
-4.00388989E+3	9.10335104E-4
-3.99798999E+3	9.12554096E-4
-3.99206006E+3	9.14018543E-4
-3.98731006E+3	9.09390219E-4
-3.98104004E+3	9.09914554E-4
-3.97529004E+3	9.09864786E-4
-3.96919995E+3	9.08174785E-4
-3.96330005E+3	9.08586546E-4
-3.95763989E+3	9.04840883E-4
-3.95064990E+3	9.04538610E-4
-3.94594995E+3	9.05409397E-4
-3.93980005E+3	9.03319858E-4
-3.93396997E+3	9.01866588E-4
-3.92803003E+3	9.08253482E-4
-3.92212988E+3	9.10883420E-4
-3.91643994E+3	9.11809155E-4
-3.91042993E+3	9.16673162E-4
-3.90462988E+3	9.17295518E-4
-3.89838989E+3	9.15925018E-4
-3.89227002E+3	9.17702680E-4
-3.88629004E+3	9.18762584E-4
-3.88161011E+3	9.22836829E-4
-3.87533008E+3	9.21774015E-4
-3.87028003E+3	9.21870931E-4
-3.86367993E+3	9.19247337E-4
-3.85785010E+3	9.17295809E-4
-3.85110010E+3	9.14517906E-4
-3.84568994E+3	9.15702607E-4
-3.83953003E+3	9.15222219E-4
-3.83361011E+3	9.16082470E-4
-3.82787988E+3	9.14689561E-4
-3.82223999E+3	9.15304408E-4
-3.81647998E+3	9.20952589E-4
-3.81033008E+3	9.20749619E-4
-3.80448999E+3	9.20066435E-4
-3.79862988E+3	9.22237465E-4
-3.79265991E+3	9.17020778E-4
-3.78601001E+3	9.13778320E-4
-3.78101001E+3	9.12257936E-4
-3.77472998E+3	9.13621683E-4
-3.76884009E+3	9.08925547E-4
-3.76361011E+3	9.10788192E-4
-3.75804004E+3	9.00821469E-4
-3.75203003E+3	8.96390004E-4
-3.74502002E+3	8.87018803E-4
-3.73879004E+3	8.77405342E-4
-3.73370996E+3	8.79600993E-4
-3.72768994E+3	8.81095650E-4
-3.72286011E+3	8.81328364E-4
-3.71603003E+3	8.77510931E-4
-3.71014990E+3	8.80275562E-4
-3.70428003E+3	8.70848016E-4
-3.69863989E+3	8.73683894E-4
-3.69291992E+3	8.76342121E-4
-3.68597998E+3	8.80458276E-4
-3.68085010E+3	8.86277761E-4
-3.67533008E+3	8.85900634E-4
-3.66903003E+3	8.83288507E-4
-3.66303003E+3	8.81434593E-4
-3.65710010E+3	8.73875164E-4
-3.65128003E+3	8.70894233E-4
-3.64634009E+3	8.76392238E-4
-3.63912012E+3	8.85373272E-4
-3.63327002E+3	8.88448849E-4
-3.62739990E+3	8.88286508E-4
-3.62214990E+3	8.96411657E-4
-3.61541992E+3	8.95667414E-4
-3.61065991E+3	8.98918021E-4
-3.60508008E+3	9.02491098E-4
-3.59922998E+3	9.13224649E-4
-3.59294995E+3	9.22691601E-4
-3.58583008E+3	9.26827022E-4
-3.57989990E+3	9.27404501E-4
-3.57450000E+3	9.25878005E-4
-3.56850000E+3	9.27875750E-4
-3.56259009E+3	9.21891187E-4
-3.55677002E+3	9.26935230E-4
-3.55104004E+3	9.30099690E-4
-3.54511011E+3	9.32851341E-4
-3.53922998E+3	9.28617781E-4
-3.53339990E+3	9.25468456E-4
-3.52717993E+3	9.23369778E-4
-3.52130005E+3	9.18829406E-4
-3.51541992E+3	9.15443292E-4
-3.50951001E+3	9.17125144E-4
-3.50358008E+3	9.19852057E-4
-3.49769995E+3	9.19357582E-4
-3.49289990E+3	9.18777252E-4
-3.48662012E+3	9.16786259E-4
-3.48120996E+3	9.20313760E-4
-3.47387988E+3	9.22747073E-4
-3.46812012E+3	9.21885250E-4
-3.46215991E+3	9.23359592E-4
-3.45726001E+3	9.30035603E-4
-3.45034009E+3	9.35733202E-4
-3.44557007E+3	9.36737226E-4
-3.43880005E+3	9.39226069E-4
-3.43301001E+3	9.36335593E-4
-3.42832007E+3	9.37908539E-4
-3.42152002E+3	9.35056538E-4
-3.41564990E+3	9.33982781E-4
-3.41000000E+3	9.31762683E-4
-3.40412012E+3	9.30891663E-4
-3.39719995E+3	9.27953108E-4
-3.39242993E+3	9.28275345E-4
-3.38659009E+3	9.26159730E-4
-3.38035010E+3	9.23204760E-4
-3.37461011E+3	9.24214255E-4
-3.36769995E+3	9.25251341E-4
-3.36229004E+3	9.27238434E-4
-3.35614990E+3	9.25858680E-4
-3.35017993E+3	9.34491167E-4
-3.34429004E+3	9.34201817E-4
-3.33917993E+3	9.35422257E-4
-3.33343994E+3	9.33517469E-4
-3.32755005E+3	9.34398617E-4
-3.32156006E+3	9.36076161E-4
-3.31496997E+3	9.35989781E-4
-3.30979004E+3	9.32463096E-4
-3.30370996E+3	9.35797463E-4
-3.29768994E+3	9.38094978E-4
-3.29200000E+3	9.27144138E-4
-3.28592993E+3	9.26052395E-4
-3.27981006E+3	9.25769040E-4
-3.27384009E+3	9.18273581E-4
-3.26889990E+3	9.14276694E-4
-3.26193994E+3	9.11718875E-4
-3.25565991E+3	9.05862486E-4
-3.24973999E+3	9.02386615E-4
-3.24402002E+3	9.01548949E-4
-3.23793994E+3	9.02393193E-4
-3.23267993E+3	9.07859067E-4
-3.22650000E+3	9.09691153E-4
-3.22062988E+3	9.13507247E-4
-3.21450000E+3	9.18115780E-4
-3.20881006E+3	9.20624123E-4
-3.20294995E+3	9.16850171E-4
-3.19675000E+3	9.23090323E-4
-3.19092993E+3	9.26671200E-4
-3.18522998E+3	9.27163870E-4
-3.17916992E+3	9.25722066E-4
-3.17432007E+3	9.22013714E-4
-3.16734009E+3	9.20660619E-4
-3.16148999E+3	9.14346660E-4
-3.15670996E+3	9.13830067E-4
-3.15130005E+3	9.13743628E-4
-3.14316992E+3	9.12381278E-4
-3.13727002E+3	9.06555331E-4
-3.13143994E+3	9.04472079E-4
-3.12579004E+3	9.01757623E-4
-3.12071997E+3	8.94776371E-4
-3.11434009E+3	8.96453741E-4
-3.10836011E+3	8.93965946E-4
-3.10260010E+3	8.94981727E-4
-3.09669995E+3	8.97591002E-4
-3.09077002E+3	8.97960330E-4
-3.08384009E+3	9.04572080E-4
-3.07869995E+3	9.08780843E-4
-3.07293994E+3	9.16464371E-4
-3.06726001E+3	9.20909981E-4
-3.06122998E+3	9.26558918E-4
-3.05525000E+3	9.28438152E-4
-3.05005005E+3	9.35228250E-4
-3.04296997E+3	9.40095633E-4
-3.03708008E+3	9.33557632E-4
-3.03102002E+3	9.34228592E-4
-3.02625000E+3	9.31708550E-4
-3.01987012E+3	9.32977884E-4
-3.01436011E+3	9.27165558E-4
-3.00855005E+3	9.24221531E-4
-3.00203003E+3	9.24668740E-4
-2.99621997E+3	9.23725485E-4
-2.98982007E+3	9.21382802E-4
-2.98378003E+3	9.18940699E-4
-2.97787012E+3	9.26329871E-4
-2.97211011E+3	9.29990376E-4
-2.96625000E+3	9.33832082E-4
-2.96156006E+3	9.32246156E-4
-2.95435010E+3	9.33470961E-4
-2.94962988E+3	9.31471994E-4
-2.94334009E+3	9.30939161E-4
-2.93607007E+3	9.33304196E-4
-2.93005005E+3	9.36854049E-4
-2.92489990E+3	9.34463693E-4
-2.91909009E+3	9.27832501E-4
-2.91319995E+3	9.21437051E-4
-2.90728003E+3	9.19273705E-4
-2.90236011E+3	9.21367027E-4
-2.89544995E+3	9.18813515E-4
-2.88953003E+3	9.19085229E-4
-2.88490991E+3	9.19800077E-4
-2.87815991E+3	9.13566095E-4
-2.87123999E+3	9.08253831E-4
-2.86634009E+3	9.11132898E-4
-2.85951001E+3	9.12784599E-4
-2.85420996E+3	9.12946241E-4
-2.84806006E+3	9.14988224E-4
-2.84226001E+3	9.10438248E-4
-2.83621997E+3	9.14619595E-4
-2.82935010E+3	9.12924821E-4
-2.82455005E+3	9.12014919E-4
-2.81867993E+3	9.15267039E-4
-2.81356006E+3	9.17486090E-4
-2.80596997E+3	9.15720477E-4
-2.80137988E+3	9.13841708E-4
-2.79505005E+3	9.13599040E-4
-2.78931006E+3	9.09968629E-4
-2.78426001E+3	9.15426703E-4
-2.77743994E+3	9.17536498E-4
-2.77142993E+3	9.20905150E-4
-2.76538989E+3	9.25258326E-4
-2.75926001E+3	9.28876630E-4
-2.75312988E+3	9.28488967E-4
-2.74700000E+3	9.30769776E-4
-2.74105005E+3	9.32663039E-4
-2.73639990E+3	9.37112723E-4
-2.73010010E+3	9.41766833E-4
-2.72398999E+3	9.35985707E-4
-2.71795996E+3	9.32515482E-4
-2.71206006E+3	9.29237111E-4
-2.70532007E+3	9.26604145E-4
-2.69941992E+3	9.23798245E-4
-2.69454004E+3	9.23136191E-4
-2.68865991E+3	9.18634702E-4
-2.68245996E+3	9.20825987E-4
-2.67642993E+3	9.13261145E-4
-2.67060010E+3	9.10663512E-4
-2.66348999E+3	9.14698525E-4
-2.65768994E+3	9.15492827E-4
-2.65286011E+3	9.17373749E-4
-2.64583008E+3	9.16467980E-4
-2.64105005E+3	9.15638579E-4
-2.63496997E+3	9.19854094E-4
-2.62882007E+3	9.28938505E-4
-2.62281006E+3	9.27485176E-4
-2.61697998E+3	9.32759431E-4
-2.60996997E+3	9.24915716E-4
-2.60404004E+3	9.27985588E-4
-2.59794995E+3	9.25778586E-4
-2.59202002E+3	9.23636544E-4
-2.58711011E+3	9.24520195E-4
-2.58008008E+3	9.28126217E-4
-2.57512012E+3	9.22307081E-4
-2.56864990E+3	9.12530173E-4
-2.56268994E+3	9.10724455E-4
-2.55723999E+3	9.10777249E-4
-2.55130005E+3	9.19069978E-4
-2.54370996E+3	9.17526893E-4
-2.53771997E+3	9.16447840E-4
-2.53168994E+3	9.20620922E-4
-2.52569995E+3	9.20772436E-4
-2.51979004E+3	9.19252285E-4
-2.51378003E+3	9.19812999E-4
-2.50773999E+3	9.19428887E-4
-2.50062012E+3	9.20568069E-4
-2.49462988E+3	9.19546117E-4
-2.48869995E+3	9.20454855E-4
-2.48267993E+3	9.16565070E-4
-2.47608008E+3	9.18354373E-4
-2.47018994E+3	9.16466583E-4
-2.46412988E+3	9.12041636E-4
-2.45808008E+3	9.14706674E-4
-2.45304004E+3	9.11845884E-4
-2.44689990E+3	9.17770551E-4
-2.43871997E+3	9.15051030E-4
-2.43316992E+3	9.17218626E-4
-2.42728003E+3	9.09596158E-4
-2.42115991E+3	9.08387592E-4
-2.41537988E+3	9.08291840E-4
-2.40873999E+3	9.09083290E-4
-2.40398999E+3	9.06891422E-4
-2.39684009E+3	9.04918183E-4
-2.39107007E+3	9.06521571E-4
-2.38415991E+3	9.07889334E-4
-2.37852002E+3	9.13007301E-4
-2.37146997E+3	9.13501892E-4
-2.36561011E+3	9.20659339E-4
-2.35951001E+3	9.28161084E-4
-2.35357007E+3	9.27786750E-4
-2.34741992E+3	9.26887675E-4
-2.34144995E+3	9.31262795E-4
-2.33465991E+3	9.26267414E-4
-2.33017993E+3	9.28412832E-4
-2.32212988E+3	9.22290259E-4
-2.31622998E+3	9.20551072E-4
-2.31038989E+3	9.17217345E-4
-2.30437012E+3	9.16493940E-4
-2.29853003E+3	9.16015590E-4
-2.29207007E+3	9.12889664E-4
-2.28604004E+3	9.07233858E-4
-2.27918994E+3	9.02626081E-4
-2.27335010E+3	9.07060341E-4
-2.26756006E+3	9.10319795E-4
-2.26044995E+3	9.14566161E-4
-2.25447998E+3	9.17716883E-4
-2.24870996E+3	9.17484751E-4
-2.24367993E+3	9.19091748E-4
-2.23707007E+3	9.17019148E-4
-2.23045996E+3	9.21050436E-4
-2.22439990E+3	9.26262117E-4
-2.21850000E+3	9.28776572E-4
-2.21147998E+3	9.24487424E-4
-2.20544995E+3	9.17007390E-4
-2.20058008E+3	9.16302844E-4
-2.19350000E+3	9.19064390E-4
-2.18780005E+3	9.23775951E-4
-2.18154004E+3	9.21526807E-4
-2.17552002E+3	9.22306790E-4
-2.16987012E+3	9.24267690E-4
-2.16184009E+3	9.28751426E-4
-2.15598999E+3	9.34107287E-4
-2.15006006E+3	9.33741801E-4
-2.14403003E+3	9.35037504E-4
-2.13785010E+3	9.36886820E-4
-2.13208008E+3	9.30359005E-4
-2.12605005E+3	9.28889203E-4
-2.12007007E+3	9.31923569E-4
-2.11436011E+3	9.28875350E-4
-2.10705005E+3	9.27955029E-4
-2.10137988E+3	9.22825304E-4
-2.09542993E+3	9.17735044E-4
-2.08846997E+3	9.21614992E-4
-2.08340991E+3	9.26269859E-4
-2.07759009E+3	9.21744679E-4
-2.07106006E+3	9.20680643E-4
-2.06505005E+3	9.24812746E-4
-2.05798999E+3	9.24573455E-4
-2.05311011E+3	9.27993970E-4
-2.04605005E+3	9.29429894E-4
-2.03891003E+3	9.32974101E-4
-2.03280005E+3	9.40333412E-4
-2.02931995E+3	9.36653407E-4
-2.02925000E+3	9.32874449E-4
-2.02916003E+3	9.36555618E-4
-2.02910999E+3	9.41161357E-4
-2.02906006E+3	9.37470410E-4
-2.02902002E+3	9.34027601E-4
-2.02900000E+3	9.32090974E-4
-2.02896997E+3	9.28150839E-4
-2.02894995E+3	9.26147448E-4
-2.02893994E+3	9.21733037E-4
-2.02893005E+3	9.23760526E-4
-2.02893005E+3	9.25230561E-4
-2.02892004E+3	9.27261310E-4
-2.02891003E+3	9.24877066E-4
-2.02891003E+3	9.21474129E-4
-2.02890002E+3	9.22330597E-4
-2.02890002E+3	9.20484657E-4
-2.02889001E+3	9.23530082E-4
-2.02888000E+3	9.26569686E-4
-2.02888000E+3	9.28338442E-4
-2.02887000E+3	9.31568735E-4
-2.02887000E+3	9.32812167E-4
-2.02887000E+3	9.34930576E-4
-2.02885999E+3	9.36138036E-4
-2.02884998E+3	9.39706573E-4
-2.02884998E+3	9.39630030E-4
-2.02882996E+3	9.44888103E-4
-2.02881995E+3	9.41611710E-4
-2.02882996E+3	9.39422112E-4
-2.02881995E+3	9.42036510E-4
-2.02881006E+3	9.40242491E-4
-2.02881995E+3	9.41025210E-4
-2.02881995E+3	9.37435252E-4
-2.02881995E+3	9.37680365E-4
-2.02881006E+3	9.38448065E-4
-2.02881006E+3	9.40331200E-4
-2.02881995E+3	9.37341014E-4
-2.02881995E+3	9.41748847E-4
-2.02881995E+3	9.43160907E-4
-2.02882996E+3	9.39263671E-4
-2.02882996E+3	9.47163790E-4
-2.02882996E+3	9.46429034E-4
-2.02882996E+3	9.48908972E-4
-2.02882996E+3	9.50030517E-4
-2.02882996E+3	9.49548150E-4
-2.02882996E+3	9.49519046E-4
-2.02881995E+3	9.51454742E-4
-2.02881995E+3	9.51277034E-4
-2.02881995E+3	9.50264628E-4
-2.02881006E+3	9.54345043E-4
-2.02881006E+3	9.46060230E-4
-2.02881006E+3	9.51860042E-4
-2.02881995E+3	9.48537781E-4
-2.02881006E+3	9.54695221E-4
-2.02881006E+3	9.51982453E-4
-2.02881006E+3	9.47404769E-4
-2.02881006E+3	9.45839682E-4
-2.02881006E+3	9.43949388E-4
-2.02881006E+3	9.47043067E-4
-2.02881006E+3	9.45653650E-4
-2.02881006E+3	9.44889092E-4
-2.02881006E+3	9.43984080E-4
-2.02881006E+3	9.44547530E-4
-2.02881006E+3	9.40679398E-4
-2.02881006E+3	9.41098493E-4
-2.02881006E+3	9.50901071E-4
-2.02881006E+3	9.56785982E-4
-2.02881006E+3	9.63425147E-4
-2.02881006E+3	9.54450981E-4
-2.02881006E+3	9.51101712E-4
-2.02880005E+3	9.55099938E-4
-2.02881006E+3	9.55575611E-4
-2.02881006E+3	9.53424489E-4
-2.02881006E+3	9.54891206E-4
-2.02881006E+3	9.54720832E-4
-2.02881995E+3	9.51130700E-4
-2.02881006E+3	9.42408922E-4
-2.02881006E+3	9.34085518E-4
-2.02881006E+3	9.43161722E-4
-2.02881006E+3	9.43126739E-4
-2.02881006E+3	9.40123573E-4
-2.02881006E+3	9.37603007E-4
-2.02881006E+3	9.40588478E-4
-2.02881006E+3	9.39934806E-4
-2.02880005E+3	9.42310435E-4
-2.02881006E+3	9.42967250E-4
-2.02881006E+3	9.44759755E-4
-2.02881006E+3	9.47303546E-4
-2.02881006E+3	9.45445907E-4
-2.02881995E+3	9.49626206E-4
-2.02881995E+3	9.52491653E-4
-2.02881995E+3	9.51027439E-4
-2.02881006E+3	9.49237728E-4
-2.02881006E+3	9.50066198E-4
-2.02881006E+3	9.46793996E-4
-2.02881006E+3	9.43576917E-4
-2.02880005E+3	9.45325301E-4
-2.02881006E+3	9.41951934E-4
-2.02880005E+3	9.42984771E-4
-2.02880005E+3	9.38976649E-4
-2.02879004E+3	9.33549367E-4
-2.02879004E+3	9.34068870E-4
-2.02878003E+3	9.35397402E-4
-2.02879004E+3	9.34909622E-4
