# Mess-Beginn: 27.05.2019 16:28:34
# DTM-151	DTM-151
-4.06780005E+3	9.30732582E-4
-4.06778003E+3	9.30175011E-4
-4.06776001E+3	9.30429669E-4
-4.06627002E+3	9.33537551E-4
-4.06044995E+3	9.20108869E-4
-4.05464990E+3	9.12257179E-4
-4.05126001E+3	9.12463060E-4
-4.04413989E+3	9.07651091E-4
-4.03942993E+3	9.01257969E-4
-4.03418994E+3	8.99794395E-4
-4.02939990E+3	9.00253188E-4
-4.02364990E+3	8.93751625E-4
-4.01778003E+3	8.97220045E-4
-4.01169995E+3	8.90788971E-4
-4.00703003E+3	9.00404237E-4
-4.00085010E+3	9.08524962E-4
-3.99404004E+3	9.10076895E-4
-3.98829004E+3	9.10095870E-4
-3.98233008E+3	9.08561808E-4
-3.97721997E+3	9.13832162E-4
-3.97069995E+3	9.09569149E-4
-3.96496997E+3	9.09537775E-4
-3.95904004E+3	9.04844783E-4
-3.95326001E+3	9.10234405E-4
-3.94756006E+3	9.05780063E-4
-3.94197998E+3	8.98663537E-4
-3.93637988E+3	8.96131154E-4
-3.93046997E+3	8.96824000E-4
-3.92357007E+3	9.02002212E-4
-3.91887012E+3	8.94204481E-4
-3.91256006E+3	8.94257857E-4
-3.90667993E+3	8.97776627E-4
-3.90066992E+3	9.01270483E-4
-3.89484009E+3	9.00659768E-4
-3.88912988E+3	9.01340274E-4
-3.88339990E+3	9.04790475E-4
-3.87660010E+3	9.08393529E-4
-3.87086011E+3	9.07850044E-4
-3.86514990E+3	9.07049223E-4
-3.86005005E+3	9.05726105E-4
-3.85381006E+3	9.02373693E-4
-3.84775000E+3	9.01942141E-4
-3.84193994E+3	9.00125073E-4
-3.83594995E+3	8.92810756E-4
-3.83014990E+3	8.90991185E-4
-3.82391992E+3	8.86877475E-4
-3.81803003E+3	8.84543057E-4
-3.81226001E+3	8.84905399E-4
-3.80630005E+3	8.86123278E-4
-3.80151001E+3	8.93581309E-4
-3.79564990E+3	8.96729820E-4
-3.78858008E+3	8.99368315E-4
-3.78357007E+3	8.98239959E-4
-3.77772998E+3	9.03130160E-4
-3.77089990E+3	9.06286412E-4
-3.76495996E+3	9.11343901E-4
-3.75888989E+3	9.09829629E-4
-3.75372998E+3	9.13502532E-4
-3.74784009E+3	9.08080023E-4
-3.74202002E+3	9.01954307E-4
-3.73616992E+3	9.01302672E-4
-3.73036011E+3	8.99416802E-4
-3.72318994E+3	9.01324209E-4
-3.71772998E+3	9.04150540E-4
-3.71169995E+3	9.03194596E-4
-3.70578003E+3	9.02930333E-4
-3.70007007E+3	9.05637280E-4
-3.69483008E+3	9.06186760E-4
-3.68908008E+3	9.14351491E-4
-3.68331006E+3	9.22711042E-4
-3.67686011E+3	9.30667738E-4
-3.67175000E+3	9.37045552E-4
-3.66625000E+3	9.40145226E-4
-3.66039990E+3	9.39160236E-4
-3.65295996E+3	9.40668862E-4
-3.64720996E+3	9.40294296E-4
-3.64128003E+3	9.38043289E-4
-3.63610010E+3	9.36499971E-4
-3.63057007E+3	9.32163384E-4
-3.62376001E+3	9.30354174E-4
-3.61753003E+3	9.29455156E-4
-3.61183008E+3	9.21776809E-4
-3.60611011E+3	9.17611585E-4
-3.60017993E+3	9.21026571E-4
-3.59430005E+3	9.21363942E-4
-3.58835010E+3	9.23014362E-4
-3.58238989E+3	9.27727728E-4
-3.57739990E+3	9.25459841E-4
-3.57109009E+3	9.24214604E-4
-3.56416992E+3	9.19048733E-4
-3.55841992E+3	9.07503301E-4
-3.55243994E+3	9.15533223E-4
-3.54670996E+3	9.17605881E-4
-3.54087988E+3	9.12241521E-4
-3.53508008E+3	9.13420750E-4
-3.53028003E+3	9.07666341E-4
-3.52397998E+3	9.06683505E-4
-3.51798999E+3	9.09192720E-4
-3.51104004E+3	9.12904157E-4
-3.50497998E+3	9.18211066E-4
-3.50029004E+3	9.31022863E-4
-3.49447998E+3	9.31966875E-4
-3.48869995E+3	9.32546274E-4
-3.48246997E+3	9.35734482E-4
-3.47658008E+3	9.30957962E-4
-3.47066992E+3	9.35127260E-4
-3.46481006E+3	9.36630531E-4
-3.45781006E+3	9.36235534E-4
-3.45202002E+3	9.33474104E-4
-3.44601001E+3	9.35607764E-4
-3.44044995E+3	9.29556612E-4
-3.43445996E+3	9.24924621E-4
-3.42943994E+3	9.22267209E-4
-3.42296997E+3	9.20608174E-4
-3.41708008E+3	9.20698454E-4
-3.41252002E+3	9.20295948E-4
-3.40457007E+3	9.23805987E-4
-3.39878003E+3	9.26190871E-4
-3.39409009E+3	9.30570881E-4
-3.38722998E+3	9.34777083E-4
-3.38152002E+3	9.40808328E-4
-3.37632007E+3	9.40241443E-4
-3.37021997E+3	9.41527949E-4
-3.36431006E+3	9.43279942E-4
-3.35823999E+3	9.51118825E-4
-3.35365991E+3	9.51023248E-4
-3.34610010E+3	9.44097294E-4
-3.34014990E+3	9.44483501E-4
-3.33417993E+3	9.42911487E-4
-3.32897998E+3	9.37855628E-4
-3.32292993E+3	9.33594187E-4
-3.31698999E+3	9.38316109E-4
-3.31125000E+3	9.39920370E-4
-3.30530005E+3	9.43738443E-4
-3.29936011E+3	9.39716818E-4
-3.29312988E+3	9.38859943E-4
-3.28720996E+3	9.40556638E-4
-3.28134009E+3	9.40564321E-4
-3.27550000E+3	9.40352562E-4
-3.26946997E+3	9.44085710E-4
-3.26473999E+3	9.46367509E-4
-3.25884009E+3	9.42859740E-4
-3.25262012E+3	9.38688638E-4
-3.24697998E+3	9.32944007E-4
-3.23972998E+3	9.35128483E-4
-3.23362988E+3	9.36710101E-4
-3.22786011E+3	9.39791149E-4
-3.22201001E+3	9.38718673E-4
-3.21719995E+3	9.36060562E-4
-3.21103003E+3	9.26840177E-4
-3.20503003E+3	9.22347826E-4
-3.19955005E+3	9.17862577E-4
-3.19328003E+3	9.20395483E-4
-3.18739990E+3	9.20248625E-4
-3.18104004E+3	9.21806030E-4
-3.17450000E+3	9.20195598E-4
-3.16946997E+3	9.13328025E-4
-3.16379004E+3	9.08999762E-4
-3.15781006E+3	9.06679023E-4
-3.15211011E+3	9.05740249E-4
-3.14595996E+3	9.08467802E-4
-3.13987012E+3	9.10879637E-4
-3.13391992E+3	9.09340277E-4
-3.12772998E+3	9.10722243E-4
-3.12141992E+3	9.09800816E-4
-3.11661011E+3	9.15388810E-4
-3.11069995E+3	9.21148749E-4
-3.10500000E+3	9.24640510E-4
-3.09905005E+3	9.27817659E-4
-3.09230005E+3	9.32125258E-4
-3.08780005E+3	9.28260444E-4
-3.08131006E+3	9.29958594E-4
-3.07537012E+3	9.29781178E-4
-3.06837012E+3	9.30164417E-4
-3.06268994E+3	9.33194766E-4
-3.05678003E+3	9.31985618E-4
-3.05094995E+3	9.27740068E-4
-3.04535010E+3	9.26155248E-4
-3.04027002E+3	9.26413923E-4
-3.03390991E+3	9.27380752E-4
-3.02808008E+3	9.30310169E-4
-3.02102002E+3	9.22968320E-4
-3.01529004E+3	9.21819650E-4
-3.01032007E+3	9.14154982E-4
-3.00403003E+3	9.05611669E-4
-2.99795996E+3	9.03592911E-4
-2.99203003E+3	9.06098750E-4
-2.98598999E+3	9.06533445E-4
-2.98028003E+3	9.06340720E-4
-2.97551001E+3	9.02417174E-4
-2.96964990E+3	9.01138934E-4
-2.96212988E+3	9.07563546E-4
-2.95629004E+3	9.08480783E-4
-2.95042993E+3	9.16541554E-4
-2.94446997E+3	9.23546380E-4
-2.93850000E+3	9.25097207E-4
-2.93337988E+3	9.22208361E-4
-2.92740991E+3	9.23520711E-4
-2.92262988E+3	9.23853833E-4
-2.91453003E+3	9.29219124E-4
-2.90862012E+3	9.28128662E-4
-2.90338989E+3	9.29166796E-4
-2.89735010E+3	9.31723509E-4
-2.89156006E+3	9.29190428E-4
-2.88563989E+3	9.22584499E-4
-2.87992993E+3	9.18268925E-4
-2.87378003E+3	9.19985701E-4
-2.86819995E+3	9.15947079E-4
-2.86119995E+3	9.16694757E-4
-2.85591992E+3	9.09850816E-4
-2.84982007E+3	9.12723946E-4
-2.84383008E+3	9.15403012E-4
-2.83787988E+3	9.14269476E-4
-2.83216992E+3	9.16953024E-4
-2.82642993E+3	9.19301587E-4
-2.82165991E+3	9.21891246E-4
-2.81493994E+3	9.29293165E-4
-2.80881006E+3	9.31084447E-4
-2.80298999E+3	9.28954920E-4
-2.79692993E+3	9.34330514E-4
-2.79020996E+3	9.35251010E-4
-2.78505005E+3	9.37239325E-4
-2.77920996E+3	9.39155172E-4
-2.77315991E+3	9.42575803E-4
-2.76720996E+3	9.42617247E-4
-2.76225000E+3	9.41012288E-4
-2.75552002E+3	9.38366866E-4
-2.74910010E+3	9.41165665E-4
-2.74322998E+3	9.44411615E-4
-2.73745996E+3	9.43508174E-4
-2.73147998E+3	9.44315863E-4
-2.72661011E+3	9.38799698E-4
-2.71967993E+3	9.41839768E-4
-2.71362988E+3	9.35364340E-4
-2.70798999E+3	9.38321871E-4
-2.70160010E+3	9.43480874E-4
-2.69712988E+3	9.45032807E-4
-2.68971997E+3	9.45297070E-4
-2.68477002E+3	9.44852713E-4
-2.67784009E+3	9.45999927E-4
-2.67301001E+3	9.41973762E-4
-2.66717993E+3	9.44048224E-4
-2.66036011E+3	9.40573169E-4
-2.65451001E+3	9.41326085E-4
-2.64825000E+3	9.41767939E-4
-2.64141992E+3	9.40313621E-4
-2.63693994E+3	9.36759112E-4
-2.63047998E+3	9.34023119E-4
-2.62461011E+3	9.34704789E-4
-2.61967993E+3	9.30120063E-4
-2.61282007E+3	9.28630587E-4
-2.60688989E+3	9.28106077E-4
-2.60181006E+3	9.22039791E-4
-2.59500000E+3	9.19758051E-4
-2.58809009E+3	9.14058299E-4
-2.58220996E+3	9.11166600E-4
-2.57600000E+3	9.11101699E-4
-2.57032007E+3	9.18595819E-4
-2.56431006E+3	9.14290373E-4
-2.55945996E+3	9.17686499E-4
-2.55282007E+3	9.25734697E-4
-2.54673999E+3	9.23899468E-4
-2.53990991E+3	9.35912773E-4
-2.53279004E+3	9.37046367E-4
-2.52701001E+3	9.40940809E-4
-2.52119995E+3	9.43605555E-4
-2.51539990E+3	9.43448045E-4
-2.50984009E+3	9.39398364E-4
-2.50306006E+3	9.39168269E-4
-2.49722998E+3	9.41482023E-4
-2.49209009E+3	9.40820551E-4
-2.48514990E+3	9.49218462E-4
-2.47806006E+3	9.47422232E-4
-2.47212012E+3	9.50529240E-4
-2.46608008E+3	9.47643362E-4
-2.46011011E+3	9.44212195E-4
-2.45431006E+3	9.38455109E-4
-2.44760010E+3	9.34823765E-4
-2.44172998E+3	9.36908356E-4
-2.43568994E+3	9.37872159E-4
-2.42978003E+3	9.31974326E-4
-2.42262988E+3	9.25142434E-4
-2.41670996E+3	9.21236177E-4
-2.41066992E+3	9.24641558E-4
-2.40464990E+3	9.22866690E-4
-2.39870996E+3	9.29621921E-4
-2.39282007E+3	9.27891175E-4
-2.38737012E+3	9.27242858E-4
-2.38030005E+3	9.28128255E-4
-2.37451001E+3	9.25314671E-4
-2.36857007E+3	9.31203307E-4
-2.36146997E+3	9.32450581E-4
-2.35534009E+3	9.27010260E-4
-2.34930005E+3	9.23455344E-4
-2.34340991E+3	9.28310736E-4
-2.33731006E+3	9.21221916E-4
-2.33134009E+3	9.26462410E-4
-2.32532007E+3	9.27432207E-4
-2.31947998E+3	9.26480512E-4
-2.31276001E+3	9.25700355E-4
-2.30776001E+3	9.21796251E-4
-2.30056006E+3	9.20529128E-4
-2.29402002E+3	9.26445704E-4
-2.28808008E+3	9.27850837E-4
-2.28215991E+3	9.23545042E-4
-2.27645996E+3	9.28805093E-4
-2.27046997E+3	9.31354589E-4
-2.26348999E+3	9.31466580E-4
-2.25752002E+3	9.29658767E-4
-2.25152002E+3	9.31870192E-4
-2.24454004E+3	9.29666101E-4
-2.23862012E+3	9.31274262E-4
-2.23259009E+3	9.30381415E-4
-2.22662012E+3	9.29655274E-4
-2.22036011E+3	9.31531715E-4
-2.21438989E+3	9.29509813E-4
-2.20854004E+3	9.27916612E-4
-2.20125000E+3	9.33500880E-4
-2.19673999E+3	9.34967480E-4
-2.18961011E+3	9.34195879E-4
-2.18260010E+3	9.43060266E-4
-2.17672998E+3	9.43093328E-4
-2.17080005E+3	9.44133149E-4
-2.16487988E+3	9.47972294E-4
-2.15873999E+3	9.46765009E-4
-2.15282007E+3	9.45131702E-4
-2.14739990E+3	9.44361615E-4
-2.14041992E+3	9.37710749E-4
-2.13322998E+3	9.41008679E-4
-2.12846997E+3	9.36113589E-4
-2.12227002E+3	9.28678550E-4
-2.11509009E+3	9.27247747E-4
-2.11032007E+3	9.27771500E-4
-2.10346997E+3	9.24042251E-4
-2.09653003E+3	9.26366542E-4
-2.09137988E+3	9.30239155E-4
-2.08539990E+3	9.40074213E-4
-2.07934009E+3	9.40792961E-4
-2.07207007E+3	9.41673294E-4
-2.06604004E+3	9.48293600E-4
-2.06011011E+3	9.53789451E-4
-2.05393994E+3	9.50968999E-4
-2.04785999E+3	9.49884707E-4
-2.04207996E+3	9.48518747E-4
-2.03534998E+3	9.50569578E-4
-2.03045996E+3	9.46657616E-4
-2.02916003E+3	9.39608028E-4
-2.02908997E+3	9.43903695E-4
-2.02904004E+3	9.42762184E-4
-2.02900000E+3	9.42022016E-4
-2.02897998E+3	9.38319135E-4
-2.02895996E+3	9.43371851E-4
-2.02894995E+3	9.45077220E-4
-2.02893994E+3	9.44649801E-4
-2.02893994E+3	9.41423001E-4
-2.02893994E+3	9.45367734E-4
-2.02893994E+3	9.40190163E-4
-2.02893994E+3	9.36304859E-4
-2.02893005E+3	9.33800591E-4
-2.02893005E+3	9.30633047E-4
-2.02893005E+3	9.33365955E-4
-2.02893005E+3	9.33437084E-4
-2.02893994E+3	9.33315838E-4
-2.02893005E+3	9.32125433E-4
-2.02892004E+3	9.34156706E-4
-2.02891003E+3	9.34057520E-4
-2.02890002E+3	9.37893346E-4
-2.02890002E+3	9.42451879E-4
-2.02889001E+3	9.45302658E-4
-2.02889001E+3	9.41929640E-4
-2.02889001E+3	9.36476223E-4
-2.02889001E+3	9.31293063E-4
-2.02889001E+3	9.32593888E-4
-2.02888000E+3	9.29967326E-4
-2.02888000E+3	9.29244445E-4
-2.02887000E+3	9.28299851E-4
-2.02885999E+3	9.24133637E-4
-2.02884998E+3	9.22124134E-4
-2.02884998E+3	9.17137193E-4
-2.02883997E+3	9.26452049E-4
-2.02883997E+3	9.29996546E-4
-2.02883997E+3	9.33694362E-4
-2.02883997E+3	9.30189737E-4
-2.02883997E+3	9.33294941E-4
-2.02883997E+3	9.32635099E-4
-2.02883997E+3	9.24209133E-4
-2.02883997E+3	9.27159970E-4
-2.02882996E+3	9.26468754E-4
-2.02882996E+3	9.34307463E-4
-2.02882996E+3	9.31396557E-4
