# Mess-Beginn: 27.05.2019 16:33:01
# DTM-151	DTM-151
-4.05136011E+3	9.31143528E-4
-4.04561011E+3	9.27443092E-4
-4.04089990E+3	9.23857675E-4
-4.03512012E+3	9.18057922E-4
-4.02942993E+3	9.15817509E-4
-4.02364990E+3	9.26504901E-4
-4.01904004E+3	9.30138689E-4
-4.01301001E+3	9.22998821E-4
-4.00821997E+3	9.23323561E-4
-4.00386011E+3	9.19819402E-4
-3.99745996E+3	9.20437160E-4
-3.99252002E+3	9.19234531E-4
-3.98661011E+3	9.20018705E-4
-3.98083008E+3	9.26098437E-4
-3.97605005E+3	9.27590358E-4
-3.96910010E+3	9.22328909E-4
-3.96437988E+3	9.20969120E-4
-3.95852002E+3	9.24684631E-4
-3.95252002E+3	9.25073633E-4
-3.94631006E+3	9.26960609E-4
-3.93927002E+3	9.26543958E-4
-3.93351001E+3	9.24576249E-4
-3.92858008E+3	9.21566738E-4
-3.92253003E+3	9.20003455E-4
-3.91666992E+3	9.22305451E-4
-3.91040991E+3	9.21112776E-4
-3.90430005E+3	9.14882519E-4
-3.89937988E+3	9.16021003E-4
-3.89260010E+3	9.18831094E-4
-3.88675000E+3	9.22194391E-4
-3.88083008E+3	9.20236111E-4
-3.87586011E+3	9.23105399E-4
-3.86996997E+3	9.26884997E-4
-3.86328003E+3	9.25604429E-4
-3.85759009E+3	9.26215609E-4
-3.85195996E+3	9.22768842E-4
-3.84490991E+3	9.33655945E-4
-3.83986011E+3	9.38966754E-4
-3.83340991E+3	9.35324817E-4
-3.82760010E+3	9.36390890E-4
-3.82178003E+3	9.39818099E-4
-3.81605005E+3	9.39278631E-4
-3.81033008E+3	9.44520987E-4
-3.80466992E+3	9.47413268E-4
-3.79979004E+3	9.40948201E-4
-3.79200000E+3	9.40879923E-4
-3.78739990E+3	9.36375058E-4
-3.78032007E+3	9.28244030E-4
-3.77527002E+3	9.25393368E-4
-3.76975000E+3	9.23076936E-4
-3.76347998E+3	9.23533575E-4
-3.75759009E+3	9.24242719E-4
-3.75182007E+3	9.20363935E-4
-3.74587988E+3	9.18893318E-4
-3.73965991E+3	9.24763619E-4
-3.73367993E+3	9.29230533E-4
-3.72788989E+3	9.30802547E-4
-3.72191992E+3	9.29367437E-4
-3.71612988E+3	9.33308154E-4
-3.71020996E+3	9.36499564E-4
-3.70454004E+3	9.31304472E-4
-3.69854004E+3	9.32764611E-4
-3.69350000E+3	9.31779505E-4
-3.68736011E+3	9.32085328E-4
-3.68034009E+3	9.31503659E-4
-3.67446997E+3	9.29443631E-4
-3.66950000E+3	9.29507311E-4
-3.66312988E+3	9.27695597E-4
-3.65814990E+3	9.24795691E-4
-3.65122998E+3	9.23889922E-4
-3.64588989E+3	9.24305059E-4
-3.63984009E+3	9.22293635E-4
-3.63282007E+3	9.20894963E-4
-3.62762988E+3	9.17955243E-4
-3.62187988E+3	9.18599078E-4
-3.61562012E+3	9.21313302E-4
-3.60971997E+3	9.21803643E-4
-3.60402002E+3	9.27270798E-4
-3.59825000E+3	9.28312016E-4
-3.59229004E+3	9.26837034E-4
-3.58657007E+3	9.30469658E-4
-3.58054004E+3	9.31678514E-4
-3.57458008E+3	9.31678165E-4
-3.56850000E+3	9.34456941E-4
-3.56264990E+3	9.34561482E-4
-3.55691992E+3	9.32803552E-4
-3.55106006E+3	9.34223703E-4
-3.54503003E+3	9.37945850E-4
-3.53935010E+3	9.39698832E-4
-3.53346997E+3	9.38305748E-4
-3.52782007E+3	9.36039898E-4
-3.52091992E+3	9.39037127E-4
-3.51501001E+3	9.45064705E-4
-3.50928003E+3	9.43053514E-4
-3.50347998E+3	9.42037499E-4
-3.49780005E+3	9.42737097E-4
-3.49300000E+3	9.42288258E-4
-3.48585010E+3	9.36610741E-4
-3.48108008E+3	9.35935939E-4
-3.47503003E+3	9.41388775E-4
-3.46796997E+3	9.40980972E-4
-3.46215991E+3	9.35035234E-4
-3.45628003E+3	9.27899906E-4
-3.45043994E+3	9.31351737E-4
-3.44447998E+3	9.30206035E-4
-3.43885010E+3	9.25577246E-4
-3.43407007E+3	9.22729843E-4
-3.42753003E+3	9.25854198E-4
-3.42163989E+3	9.28105437E-4
-3.41453003E+3	9.23660642E-4
-3.41004004E+3	9.25554428E-4
-3.40410010E+3	9.27182962E-4
-3.39772998E+3	9.31456685E-4
-3.39235010E+3	9.25660715E-4
-3.38618994E+3	9.26901062E-4
-3.38077002E+3	9.26925102E-4
-3.37486011E+3	9.28461493E-4
-3.36836011E+3	9.26244771E-4
-3.36351001E+3	9.24452557E-4
-3.35709009E+3	9.21544561E-4
-3.35116992E+3	9.15800105E-4
-3.34514990E+3	9.16608202E-4
-3.33880005E+3	9.11469571E-4
-3.33334009E+3	9.15804994E-4
-3.32721997E+3	9.08951683E-4
-3.32133008E+3	9.11314099E-4
-3.31556006E+3	9.10289295E-4
-3.30973999E+3	9.17541678E-4
-3.30283008E+3	9.18648555E-4
-3.29789990E+3	9.21269588E-4
-3.29187012E+3	9.29510454E-4
-3.28564990E+3	9.33608855E-4
-3.27942993E+3	9.40617174E-4
-3.27469995E+3	9.38666752E-4
-3.26860010E+3	9.44895204E-4
-3.26242993E+3	9.50155489E-4
-3.25662988E+3	9.57219454E-4
-3.25081006E+3	9.51464695E-4
-3.24379004E+3	9.52699571E-4
-3.23889990E+3	9.54635267E-4
-3.23265991E+3	9.56237025E-4
-3.22665991E+3	9.52397939E-4
-3.22086011E+3	9.49852401E-4
-3.21504004E+3	9.52593691E-4
-3.20911011E+3	9.53972572E-4
-3.20303003E+3	9.54757095E-4
-3.19700000E+3	9.50813817E-4
-3.19077002E+3	9.52792121E-4
-3.18500000E+3	9.57222888E-4
-3.17925000E+3	9.56834469E-4
-3.17372998E+3	9.54699994E-4
-3.16780005E+3	9.59109224E-4
-3.16160010E+3	9.60163015E-4
-3.15571997E+3	9.58627032E-4
-3.14973999E+3	9.57198907E-4
-3.14404004E+3	9.54877120E-4
-3.13772998E+3	9.53628041E-4
-3.13159009E+3	9.51113529E-4
-3.12573999E+3	9.42560786E-4
-3.12007007E+3	9.42002865E-4
-3.11522998E+3	9.37974080E-4
-3.10912012E+3	9.36278782E-4
-3.10284009E+3	9.36333265E-4
-3.09720996E+3	9.40830505E-4
-3.09114990E+3	9.39619844E-4
-3.08544995E+3	9.39434918E-4
-3.07831006E+3	9.44683212E-4
-3.07245996E+3	9.50138841E-4
-3.06752002E+3	9.54641087E-4
-3.06126001E+3	9.56118922E-4
-3.05539990E+3	9.59761790E-4
-3.04959009E+3	9.57253331E-4
-3.04471997E+3	9.56302625E-4
-3.03826001E+3	9.53608367E-4
-3.03233008E+3	9.59184486E-4
-3.02552002E+3	9.62959544E-4
-3.01959009E+3	9.59221739E-4
-3.01352002E+3	9.53556912E-4
-3.00770996E+3	9.49426845E-4
-3.00288989E+3	9.44825821E-4
-2.99612012E+3	9.41481267E-4
-2.99017993E+3	9.40157974E-4
-2.98537012E+3	9.41282895E-4
-2.97919995E+3	9.39071411E-4
-2.97186011E+3	9.31631250E-4
-2.96656006E+3	9.26788431E-4
-2.96066992E+3	9.28178721E-4
-2.95578003E+3	9.26469686E-4
-2.94845996E+3	9.25734581E-4
-2.94365991E+3	9.26704961E-4
-2.93775000E+3	9.25749831E-4
-2.93036011E+3	9.25787899E-4
-2.92460010E+3	9.22674371E-4
-2.91957007E+3	9.23043874E-4
-2.91370996E+3	9.21135710E-4
-2.90754004E+3	9.12484189E-4
-2.90106006E+3	9.12161020E-4
-2.89634009E+3	9.16669320E-4
-2.89005005E+3	9.16354533E-4
-2.88391992E+3	9.13703407E-4
-2.87792993E+3	9.13588330E-4
-2.87106006E+3	9.16372752E-4
-2.86586011E+3	9.19319980E-4
-2.85988989E+3	9.21223545E-4
-2.85394995E+3	9.26086796E-4
-2.84800000E+3	9.33633128E-4
-2.84195996E+3	9.34497162E-4
-2.83706006E+3	9.28796653E-4
-2.83093994E+3	9.36036289E-4
-2.82402002E+3	9.41286504E-4
-2.81883008E+3	9.40795115E-4
-2.81293994E+3	9.37229197E-4
-2.80712012E+3	9.38828452E-4
-2.80096997E+3	9.39037185E-4
-2.79491992E+3	9.34052048E-4
-2.78908008E+3	9.30784794E-4
-2.78320996E+3	9.25444765E-4
-2.77722998E+3	9.30276699E-4
-2.77036011E+3	9.24969732E-4
-2.76462012E+3	9.23958432E-4
-2.75887012E+3	9.28163354E-4
-2.75282007E+3	9.27334710E-4
-2.74802002E+3	9.26717417E-4
-2.74177002E+3	9.25477943E-4
-2.73573999E+3	9.35895019E-4
-2.72977002E+3	9.42727958E-4
-2.72501001E+3	9.46677232E-4
-2.71876001E+3	9.41161416E-4
-2.71155005E+3	9.44983098E-4
-2.70575000E+3	9.47197259E-4
-2.69975000E+3	9.47552442E-4
-2.69508008E+3	9.48938774E-4
-2.68810010E+3	9.48544359E-4
-2.68253003E+3	9.53470299E-4
-2.67665991E+3	9.51990311E-4
-2.67106006E+3	9.47055290E-4
-2.66471997E+3	9.46400221E-4
-2.65900000E+3	9.47937893E-4
-2.65196997E+3	9.43362887E-4
-2.64607007E+3	9.43002233E-4
-2.64011011E+3	9.46755754E-4
-2.63514990E+3	9.46034386E-4
-2.62888989E+3	9.46162618E-4
-2.62352002E+3	9.39758087E-4
-2.61654004E+3	9.34933429E-4
-2.61158008E+3	9.36371798E-4
-2.60532007E+3	9.29896079E-4
-2.59823999E+3	9.28430352E-4
-2.59290991E+3	9.24974505E-4
-2.58658008E+3	9.23891435E-4
-2.58062012E+3	9.17054713E-4
-2.57565991E+3	9.18286562E-4
-2.56846997E+3	9.17888363E-4
-2.56262012E+3	9.21433617E-4
-2.55661011E+3	9.27334360E-4
-2.54966992E+3	9.28973954E-4
-2.54381006E+3	9.27273941E-4
-2.53810010E+3	9.26108740E-4
-2.53223999E+3	9.32204595E-4
-2.52583008E+3	9.34050186E-4
-2.51988989E+3	9.37120174E-4
-2.51320996E+3	9.43106657E-4
-2.50735010E+3	9.47106571E-4
-2.50150000E+3	9.44587577E-4
-2.49671997E+3	9.46603715E-4
-2.48875000E+3	9.47537599E-4
-2.48309009E+3	9.58182092E-4
-2.47594995E+3	9.66064632E-4
-2.47016992E+3	9.71033471E-4
-2.46512012E+3	9.68390028E-4
-2.45912988E+3	9.68655222E-4
-2.45304004E+3	9.59127443E-4
-2.44696997E+3	9.54941323E-4
-2.43944995E+3	9.58953926E-4
-2.43347998E+3	9.51991009E-4
-2.42757007E+3	9.53397539E-4
-2.42087988E+3	9.50809859E-4
-2.41484009E+3	9.49801586E-4
-2.40891992E+3	9.43950261E-4
-2.40287988E+3	9.45600332E-4
-2.39688989E+3	9.44020518E-4
-2.39179004E+3	9.47881315E-4
-2.38471997E+3	9.45419539E-4
-2.37780005E+3	9.39316466E-4
-2.37204004E+3	9.40149243E-4
-2.36642993E+3	9.37970704E-4
-2.36040991E+3	9.35940188E-4
-2.35336011E+3	9.33028699E-4
-2.34869995E+3	9.31736315E-4
-2.34247998E+3	9.30490263E-4
-2.33558008E+3	9.31423856E-4
-2.32948999E+3	9.31130315E-4
-2.32343994E+3	9.30399168E-4
-2.31636011E+3	9.32487252E-4
-2.31046997E+3	9.35816555E-4
-2.30462988E+3	9.32399358E-4
-2.29862988E+3	9.32234689E-4
-2.29297998E+3	9.31385322E-4
-2.28588989E+3	9.30679904E-4
-2.28004004E+3	9.28822497E-4
-2.27410010E+3	9.28319350E-4
-2.26688989E+3	9.30444454E-4
-2.26116992E+3	9.28198162E-4
-2.25528003E+3	9.26612411E-4
-2.24972998E+3	9.21765983E-4
-2.24265991E+3	9.22990963E-4
-2.23665991E+3	9.22027801E-4
-2.23091992E+3	9.28838563E-4
-2.22521997E+3	9.35675285E-4
-2.21879004E+3	9.38923622E-4
-2.21282007E+3	9.39038175E-4
-2.20581006E+3	9.37174191E-4
-2.19970996E+3	9.40525613E-4
-2.19341992E+3	9.38565005E-4
-2.18762012E+3	9.40068334E-4
-2.18205005E+3	9.40857164E-4
-2.17611011E+3	9.43529652E-4
-2.16889990E+3	9.38348297E-4
-2.16293994E+3	9.32097842E-4
-2.15716992E+3	9.30726936E-4
-2.15113989E+3	9.28930240E-4
-2.14406006E+3	9.26607696E-4
-2.13789990E+3	9.26467648E-4
-2.13188989E+3	9.28836584E-4
-2.12588989E+3	9.29021277E-4
-2.12018994E+3	9.26191977E-4
-2.11452002E+3	9.23979096E-4
-2.10757007E+3	9.19572834E-4
-2.10173999E+3	9.17886442E-4
-2.09562988E+3	9.15684330E-4
-2.08871997E+3	9.11962939E-4
-2.08217993E+3	9.11654497E-4
-2.07621997E+3	9.14458651E-4
-2.07029004E+3	9.15570534E-4
-2.06438989E+3	9.16972989E-4
-2.05847998E+3	9.14735661E-4
-2.05244995E+3	9.13412892E-4
-2.04679004E+3	9.16319725E-4
-2.04079004E+3	9.17423051E-4
-2.03267004E+3	9.20598279E-4
-2.03021997E+3	9.24758555E-4
-2.02900000E+3	9.26914276E-4
-2.02894995E+3	9.23558429E-4
-2.02893005E+3	9.20794380E-4
-2.02891003E+3	9.20706312E-4
-2.02891003E+3	9.24382010E-4
-2.02890002E+3	9.28966736E-4
-2.02889001E+3	9.24638007E-4
-2.02889001E+3	9.26918699E-4
-2.02889001E+3	9.27650195E-4
-2.02888000E+3	9.26581444E-4
-2.02888000E+3	9.29359870E-4
-2.02888000E+3	9.29151662E-4
-2.02887000E+3	9.27176385E-4
-2.02887000E+3	9.25141212E-4
-2.02888000E+3	9.29840375E-4
-2.02888000E+3	9.29936650E-4
-2.02889001E+3	9.40636150E-4
-2.02889001E+3	9.42598621E-4
-2.02889001E+3	9.43061430E-4
-2.02889001E+3	9.44887113E-4
-2.02889001E+3	9.44135827E-4
-2.02890002E+3	9.49276611E-4
-2.02889001E+3	9.52420465E-4
-2.02889001E+3	9.57012642E-4
-2.02889001E+3	9.55565018E-4
-2.02889001E+3	9.55555995E-4
-2.02888000E+3	9.59048746E-4
-2.02888000E+3	9.59936762E-4
-2.02888000E+3	9.53827461E-4
-2.02888000E+3	9.51536989E-4
-2.02887000E+3	9.50831280E-4
-2.02887000E+3	9.45411681E-4
-2.02887000E+3	9.47705295E-4
-2.02885999E+3	9.42476210E-4
-2.02885999E+3	9.43859341E-4
-2.02885999E+3	9.45169246E-4
-2.02884998E+3	9.38357203E-4
-2.02885999E+3	9.36017837E-4
-2.02885999E+3	9.40020836E-4
-2.02884998E+3	9.43576044E-4
-2.02885999E+3	9.46847489E-4
-2.02884998E+3	9.49747628E-4
-2.02884998E+3	9.51664580E-4
-2.02884998E+3	9.52658942E-4
-2.02883997E+3	9.52377100E-4
-2.02884998E+3	9.50912596E-4
-2.02883997E+3	9.52637289E-4
-2.02883997E+3	9.54017160E-4
-2.02883997E+3	9.58349032E-4
-2.02883997E+3	9.54753836E-4
-2.02883997E+3	9.52608825E-4
-2.02883997E+3	9.55690746E-4
-2.02883997E+3	9.56155825E-4
