# Mess-Beginn: 27.05.2019 16:37:52
# DTM-151	DTM-151
-4.03201001E+3	9.21080995E-4
-4.03197998E+3	9.24912572E-4
-4.03195996E+3	9.22141946E-4
-4.02932007E+3	9.22496722E-4
-4.02359009E+3	9.25766246E-4
-4.01876001E+3	9.24726541E-4
-4.01258008E+3	9.22030827E-4
-4.00686011E+3	9.26382956E-4
-4.00106006E+3	9.23385029E-4
-3.99558008E+3	9.25892964E-4
-3.98937988E+3	9.19507525E-4
-3.98337012E+3	9.18188947E-4
-3.97748999E+3	9.18924401E-4
-3.97235010E+3	9.19798564E-4
-3.96643994E+3	9.17839061E-4
-3.96162988E+3	9.16149118E-4
-3.95481006E+3	9.19000362E-4
-3.94903003E+3	9.19565209E-4
-3.94217993E+3	9.26925568E-4
-3.93653003E+3	9.21934319E-4
-3.93082007E+3	9.24969732E-4
-3.92486011E+3	9.25874454E-4
-3.91890991E+3	9.32914380E-4
-3.91325000E+3	9.30702663E-4
-3.90839990E+3	9.36245255E-4
-3.90216992E+3	9.35455610E-4
-3.89637988E+3	9.37723089E-4
-3.89050000E+3	9.31672694E-4
-3.88321997E+3	9.30420589E-4
-3.87825000E+3	9.29530070E-4
-3.87236011E+3	9.21939034E-4
-3.86639990E+3	9.25627945E-4
-3.86063989E+3	9.21810279E-4
-3.85475000E+3	9.23859363E-4
-3.84870996E+3	9.18503909E-4
-3.84287012E+3	9.18194826E-4
-3.83670996E+3	9.12432966E-4
-3.83066992E+3	9.15650569E-4
-3.82475000E+3	9.11656069E-4
-3.81982007E+3	9.14238277E-4
-3.81361011E+3	9.13663942E-4
-3.80754004E+3	9.06241010E-4
-3.80197998E+3	9.06139845E-4
-3.79609009E+3	9.07081470E-4
-3.79037988E+3	9.04877903E-4
-3.78344995E+3	9.05812078E-4
-3.77765991E+3	9.10638948E-4
-3.77176001E+3	9.05047462E-4
-3.76651001E+3	9.01479856E-4
-3.76059009E+3	9.00723622E-4
-3.75475000E+3	9.04007000E-4
-3.74933008E+3	9.05938214E-4
-3.74417993E+3	9.03428183E-4
-3.73729004E+3	9.01443302E-4
-3.73019995E+3	9.03879933E-4
-3.72445996E+3	9.03257285E-4
-3.71868994E+3	9.01634747E-4
-3.71372998E+3	9.09061928E-4
-3.70788989E+3	9.10758332E-4
-3.70177002E+3	9.07875539E-4
-3.69591992E+3	9.08377522E-4
-3.69109009E+3	9.07614012E-4
-3.68431006E+3	9.04259447E-4
-3.67856006E+3	9.06334550E-4
-3.67270996E+3	9.10130970E-4
-3.66571997E+3	9.07288457E-4
-3.66000000E+3	9.13389609E-4
-3.65400000E+3	9.10269155E-4
-3.64876001E+3	9.13469819E-4
-3.64276001E+3	9.16715886E-4
-3.63681006E+3	9.11928597E-4
-3.63076001E+3	9.12178133E-4
-3.62467993E+3	9.15271114E-4
-3.61889990E+3	9.16774909E-4
-3.61344995E+3	9.13941360E-4
-3.60735010E+3	9.15693352E-4
-3.60137012E+3	9.05699620E-4
-3.59648999E+3	9.02790809E-4
-3.58975000E+3	8.98691302E-4
-3.58387012E+3	8.94330151E-4
-3.57788989E+3	8.94709839E-4
-3.57102002E+3	8.89972609E-4
-3.56629004E+3	8.91522039E-4
-3.55945996E+3	8.87505943E-4
-3.55454004E+3	8.84238572E-4
-3.54831006E+3	8.87853093E-4
-3.54233008E+3	8.91402597E-4
-3.53733008E+3	8.88536859E-4
-3.53092993E+3	8.92391021E-4
-3.52516992E+3	8.89870164E-4
-3.51962012E+3	8.89328890E-4
-3.51386011E+3	8.95686331E-4
-3.50645996E+3	8.97367601E-4
-3.50052002E+3	8.97862657E-4
-3.49463989E+3	8.99656501E-4
-3.48878003E+3	9.02850938E-4
-3.48373999E+3	9.08937596E-4
-3.47795996E+3	9.17317520E-4
-3.47200000E+3	9.22121282E-4
-3.46486011E+3	9.32226772E-4
-3.46002002E+3	9.42083192E-4
-3.45313989E+3	9.45420703E-4
-3.44761011E+3	9.42544604E-4
-3.44152002E+3	9.49815905E-4
-3.43604004E+3	9.55997792E-4
-3.43017993E+3	9.56194010E-4
-3.42427002E+3	9.50106652E-4
-3.41845996E+3	9.52137751E-4
-3.41315991E+3	9.51896945E-4
-3.40616992E+3	9.49273293E-4
-3.40033008E+3	9.45409527E-4
-3.39457007E+3	9.38632817E-4
-3.38847998E+3	9.40194644E-4
-3.38376001E+3	9.35891818E-4
-3.37787012E+3	9.30162263E-4
-3.37203003E+3	9.30233335E-4
-3.36609009E+3	9.38624609E-4
-3.35866992E+3	9.35554912E-4
-3.35377002E+3	9.35652351E-4
-3.34777002E+3	9.36855155E-4
-3.34192993E+3	9.39513033E-4
-3.33584009E+3	9.43272491E-4
-3.32989990E+3	9.45543812E-4
-3.32406006E+3	9.45764128E-4
-3.31797998E+3	9.48811183E-4
-3.31322998E+3	9.46294924E-4
-3.30632007E+3	9.45944572E-4
-3.30016992E+3	9.47271881E-4
-3.29422998E+3	9.44698986E-4
-3.28833008E+3	9.44545609E-4
-3.28251001E+3	9.41910257E-4
-3.27682007E+3	9.37778037E-4
-3.27097998E+3	9.37318080E-4
-3.26517993E+3	9.40460188E-4
-3.25936011E+3	9.42418119E-4
-3.25348999E+3	9.43249732E-4
-3.24792993E+3	9.37896664E-4
-3.24087988E+3	9.35802993E-4
-3.23489990E+3	9.35756136E-4
-3.22917993E+3	9.36484605E-4
-3.22405005E+3	9.38042824E-4
-3.21800000E+3	9.40894359E-4
-3.21217993E+3	9.41915670E-4
-3.20622998E+3	9.34375101E-4
-3.20019995E+3	9.33767180E-4
-3.19386011E+3	9.31513146E-4
-3.18788989E+3	9.29720467E-4
-3.18187988E+3	9.33721487E-4
-3.17597998E+3	9.32318275E-4
-3.17020996E+3	9.33161296E-4
-3.16451001E+3	9.34119162E-4
-3.15842993E+3	9.34585114E-4
-3.15359009E+3	9.33938834E-4
-3.14745996E+3	9.38155339E-4
-3.14136011E+3	9.40893719E-4
-3.13567993E+3	9.45783628E-4
-3.12870996E+3	9.42429935E-4
-3.12271997E+3	9.33376490E-4
-3.11687012E+3	9.32238123E-4
-3.11093994E+3	9.29073140E-4
-3.10622998E+3	9.31283168E-4
-3.10000000E+3	9.24210181E-4
-3.09412012E+3	9.16911056E-4
-3.08685010E+3	9.18918406E-4
-3.08102002E+3	9.14203760E-4
-3.07572998E+3	9.13397758E-4
-3.07085010E+3	9.21368599E-4
-3.06402002E+3	9.31439747E-4
-3.05803003E+3	9.34957876E-4
-3.05321997E+3	9.38585028E-4
-3.04686011E+3	9.41348844E-4
-3.04082007E+3	9.45741660E-4
-3.03481006E+3	9.55340569E-4
-3.02902002E+3	9.52243339E-4
-3.02308008E+3	9.57082724E-4
-3.01622998E+3	9.55116993E-4
-3.01134009E+3	9.59048688E-4
-3.00522998E+3	9.51518246E-4
-2.99927002E+3	9.52466100E-4
-2.99319995E+3	9.50719230E-4
-2.98848999E+3	9.49310081E-4
-2.98116992E+3	9.51368071E-4
-2.97573999E+3	9.51188384E-4
-2.96935010E+3	9.59837227E-4
-2.96331006E+3	9.58515506E-4
-2.95755005E+3	9.56487784E-4
-2.95173999E+3	9.50046990E-4
-2.94594995E+3	9.55667696E-4
-2.94004004E+3	9.51212540E-4
-2.93523999E+3	9.49112698E-4
-2.92815991E+3	9.44564643E-4
-2.92195996E+3	9.40830971E-4
-2.91604004E+3	9.35454096E-4
-2.90996997E+3	9.23716056E-4
-2.90496997E+3	9.23350686E-4
-2.89901001E+3	9.24726948E-4
-2.89258008E+3	9.22489853E-4
-2.88666992E+3	9.20245715E-4
-2.88194995E+3	9.23000393E-4
-2.87490991E+3	9.24934400E-4
-2.86876001E+3	9.22795502E-4
-2.86288989E+3	9.23555112E-4
-2.85679004E+3	9.27542278E-4
-2.85200000E+3	9.27708228E-4
-2.84594995E+3	9.23688000E-4
-2.84008008E+3	9.23261337E-4
-2.83486011E+3	9.24716936E-4
-2.82737988E+3	9.24795459E-4
-2.82225000E+3	9.22034786E-4
-2.81537988E+3	9.24723689E-4
-2.80948999E+3	9.30043403E-4
-2.80351001E+3	9.34180629E-4
-2.79759009E+3	9.34330397E-4
-2.79284009E+3	9.31458024E-4
-2.78673999E+3	9.36160155E-4
-2.78045996E+3	9.35848919E-4
-2.77459009E+3	9.32231254E-4
-2.76866992E+3	9.33898380E-4
-2.76217993E+3	9.34515207E-4
-2.75615991E+3	9.27172368E-4
-2.75036011E+3	9.23694053E-4
-2.74451001E+3	9.26563866E-4
-2.73859009E+3	9.24255408E-4
-2.73273999E+3	9.33645177E-4
-2.72682007E+3	9.33807692E-4
-2.72079004E+3	9.31100454E-4
-2.71592993E+3	9.33676434E-4
-2.71001001E+3	9.35836870E-4
-2.70269995E+3	9.35446064E-4
-2.69764990E+3	9.39043530E-4
-2.69091992E+3	9.37970821E-4
-2.68505005E+3	9.32695577E-4
-2.68021997E+3	9.30289913E-4
-2.67432007E+3	9.24503896E-4
-2.66862988E+3	9.22248873E-4
-2.66163989E+3	9.26308974E-4
-2.65471997E+3	9.28748632E-4
-2.64953003E+3	9.22212261E-4
-2.64352002E+3	9.25873930E-4
-2.63769995E+3	9.26430803E-4
-2.63168994E+3	9.24604363E-4
-2.62691992E+3	9.25625500E-4
-2.62031006E+3	9.28663649E-4
-2.61426001E+3	9.26726148E-4
-2.60835010E+3	9.23600513E-4
-2.60123999E+3	9.18955251E-4
-2.59508008E+3	9.17956408E-4
-2.58912012E+3	9.18391452E-4
-2.58338989E+3	9.18835867E-4
-2.57759009E+3	9.20161081E-4
-2.57162988E+3	9.22735664E-4
-2.56610010E+3	9.25950182E-4
-2.55977002E+3	9.26887151E-4
-2.55412988E+3	9.34236567E-4
-2.54810010E+3	9.41981154E-4
-2.54213989E+3	9.47964843E-4
-2.53468994E+3	9.49851295E-4
-2.52881006E+3	9.57134645E-4
-2.52319995E+3	9.56101401E-4
-2.51621997E+3	9.52052942E-4
-2.51028003E+3	9.54104471E-4
-2.50462988E+3	9.53005743E-4
-2.49922998E+3	9.50200250E-4
-2.49318994E+3	9.46069078E-4
-2.48582007E+3	9.42537736E-4
-2.47969995E+3	9.42272018E-4
-2.47368994E+3	9.38129262E-4
-2.46760010E+3	9.37107077E-4
-2.46158008E+3	9.42334125E-4
-2.45566992E+3	9.45933396E-4
-2.44997998E+3	9.45598586E-4
-2.44298999E+3	9.46169428E-4
-2.43712988E+3	9.49481735E-4
-2.43006006E+3	9.52802715E-4
-2.42507007E+3	9.53838578E-4
-2.41826001E+3	9.54917923E-4
-2.41232007E+3	9.61635611E-4
-2.40570996E+3	9.56041680E-4
-2.40100000E+3	9.52316739E-4
-2.39394995E+3	9.52838571E-4
-2.38767993E+3	9.50643967E-4
-2.38187012E+3	9.51126043E-4
-2.37580005E+3	9.53205279E-4
-2.36862012E+3	9.50409740E-4
-2.36272998E+3	9.51101887E-4
-2.35686011E+3	9.49090696E-4
-2.35079004E+3	9.45254636E-4
-2.34482007E+3	9.48782428E-4
-2.33785010E+3	9.48037370E-4
-2.33326001E+3	9.44592233E-4
-2.32720996E+3	9.46608023E-4
-2.32025000E+3	9.46017972E-4
-2.31430005E+3	9.39949125E-4
-2.30730005E+3	9.38781071E-4
-2.30154004E+3	9.36947530E-4
-2.29562012E+3	9.36009514E-4
-2.28915991E+3	9.38507437E-4
-2.28292993E+3	9.37511795E-4
-2.27726001E+3	9.40209720E-4
-2.27129004E+3	9.39113437E-4
-2.26392993E+3	9.41978884E-4
-2.25916992E+3	9.43616556E-4
-2.25197998E+3	9.46551794E-4
-2.24604004E+3	9.48733650E-4
-2.23997998E+3	9.46804357E-4
-2.23411011E+3	9.47868975E-4
-2.22757007E+3	9.43713472E-4
-2.22263989E+3	9.42333776E-4
-2.21640991E+3	9.36584722E-4
-2.21040991E+3	9.41315433E-4
-2.20280005E+3	9.37391829E-4
-2.19677002E+3	9.34986572E-4
-2.19063989E+3	9.38265643E-4
-2.18465991E+3	9.34786862E-4
-2.17913989E+3	9.34271666E-4
-2.17333008E+3	9.30064765E-4
-2.16637012E+3	9.34145821E-4
-2.16006006E+3	9.35865624E-4
-2.15308008E+3	9.38977406E-4
-2.14831006E+3	9.38084733E-4
-2.14176001E+3	9.38853074E-4
-2.13487988E+3	9.40790749E-4
-2.12995996E+3	9.38209356E-4
-2.12306006E+3	9.42443789E-4
-2.11712988E+3	9.40605998E-4
-2.11105005E+3	9.40300233E-4
-2.10509009E+3	9.41817125E-4
-2.09860010E+3	9.37898294E-4
-2.09273999E+3	9.38143814E-4
-2.08581006E+3	9.37681354E-4
-2.07969995E+3	9.37245786E-4
-2.07302002E+3	9.34286974E-4
-2.06725000E+3	9.33639531E-4
-2.06139990E+3	9.28944675E-4
-2.05650000E+3	9.35832970E-4
-2.04998999E+3	9.42355837E-4
-2.04397998E+3	9.39246675E-4
-2.03687000E+3	9.45380947E-4
-2.03088000E+3	9.42394370E-4
-2.02946997E+3	9.43086226E-4
-2.02935999E+3	9.43436113E-4
-2.02927002E+3	9.41072300E-4
-2.02920996E+3	9.38315643E-4
-2.02917004E+3	9.40447266E-4
-2.02914001E+3	9.39077290E-4
-2.02910999E+3	9.32832016E-4
-2.02907996E+3	9.29153524E-4
-2.02906995E+3	9.23599699E-4
-2.02904004E+3	9.30893526E-4
-2.02902002E+3	9.36529075E-4
-2.02900000E+3	9.34907701E-4
-2.02898999E+3	9.32993717E-4
-2.02897998E+3	9.37346951E-4
-2.02897998E+3	9.41803155E-4
-2.02897998E+3	9.42690414E-4
-2.02896997E+3	9.47128516E-4
-2.02895996E+3	9.46532586E-4
-2.02895996E+3	9.50262998E-4
-2.02894995E+3	9.38706275E-4
-2.02893994E+3	9.33268049E-4
-2.02893994E+3	9.36103403E-4
-2.02893994E+3	9.47671535E-4
