# Mess-Beginn: 27.05.2019 16:42:00
# DTM-151	DTM-151
-3.97979004E+3	9.12673655E-4
-3.97983008E+3	9.11832496E-4
-3.97987012E+3	9.11998679E-4
-3.97988989E+3	9.21092869E-4
-3.97728003E+3	9.28900263E-4
-3.97255005E+3	9.28176218E-4
-3.96666992E+3	9.31266870E-4
-3.96088989E+3	9.35456366E-4
-3.95387012E+3	9.37768200E-4
-3.94792993E+3	9.40470083E-4
-3.94215991E+3	9.41624516E-4
-3.93642993E+3	9.43135587E-4
-3.93158008E+3	9.38058074E-4
-3.92537012E+3	9.30926413E-4
-3.91954004E+3	9.21809464E-4
-3.91464990E+3	9.21567145E-4
-3.90791992E+3	9.20936174E-4
-3.90080005E+3	9.20309860E-4
-3.89627002E+3	9.18969046E-4
-3.88910010E+3	9.16807563E-4
-3.88360010E+3	9.18851467E-4
-3.87768994E+3	9.19155777E-4
-3.87325000E+3	9.30975482E-4
-3.86741992E+3	9.36572498E-4
-3.86063989E+3	9.41554026E-4
-3.85489990E+3	9.37484438E-4
-3.84902002E+3	9.35842982E-4
-3.84206006E+3	9.35869000E-4
-3.83701001E+3	9.40885860E-4
-3.83146997E+3	9.45785374E-4
-3.82562988E+3	9.43063002E-4
-3.81966992E+3	9.44321742E-4
-3.81342993E+3	9.37793171E-4
-3.80754004E+3	9.37225006E-4
-3.80167993E+3	9.29775240E-4
-3.79581006E+3	9.34794836E-4
-3.79109009E+3	9.34428012E-4
-3.78439990E+3	9.31928633E-4
-3.77795996E+3	9.26607696E-4
-3.77204004E+3	9.31194634E-4
-3.76737012E+3	9.29520174E-4
-3.76045996E+3	9.27842979E-4
-3.75459009E+3	9.27229528E-4
-3.74862012E+3	9.22825246E-4
-3.74230005E+3	9.26627312E-4
-3.73743994E+3	9.25176661E-4
-3.73047998E+3	9.28539957E-4
-3.72482007E+3	9.33181553E-4
-3.71888989E+3	9.32667928E-4
-3.71287012E+3	9.28886468E-4
-3.70818994E+3	9.33109201E-4
-3.70179004E+3	9.37252829E-4
-3.69591992E+3	9.39332938E-4
-3.69110010E+3	9.43958468E-4
-3.68366992E+3	9.43726802E-4
-3.67814990E+3	9.46546090E-4
-3.67177002E+3	9.46157728E-4
-3.66580005E+3	9.43526509E-4
-3.66092993E+3	9.47710942E-4
-3.65463989E+3	9.43618361E-4
-3.64868994E+3	9.38089623E-4
-3.64395996E+3	9.30565642E-4
-3.63815991E+3	9.24902910E-4
-3.63134009E+3	9.24893888E-4
-3.62441992E+3	9.24352673E-4
-3.61846997E+3	9.17894591E-4
-3.61269995E+3	9.17527708E-4
-3.60691992E+3	9.14640841E-4
-3.60102002E+3	9.13824304E-4
-3.59580005E+3	9.14991368E-4
-3.59025000E+3	9.18823702E-4
-3.58441992E+3	9.18829406E-4
-3.57839990E+3	9.22104751E-4
-3.57139990E+3	9.26517474E-4
-3.56554004E+3	9.36297642E-4
-3.55977002E+3	9.37409757E-4
-3.55390991E+3	9.39354941E-4
-3.54823999E+3	9.41287435E-4
-3.54222998E+3	9.40624683E-4
-3.53641992E+3	9.43151070E-4
-3.53160010E+3	9.44020343E-4
-3.52569995E+3	9.46330430E-4
-3.51932007E+3	9.43397230E-4
-3.51226001E+3	9.36095603E-4
-3.50754004E+3	9.34504380E-4
-3.50108008E+3	9.41263395E-4
-3.49505005E+3	9.42023529E-4
-3.48920996E+3	9.43950843E-4
-3.48325000E+3	9.46836895E-4
-3.47801001E+3	9.47521825E-4
-3.47250000E+3	9.44644737E-4
-3.46638989E+3	9.44588508E-4
-3.46050000E+3	9.43836407E-4
-3.45350000E+3	9.48296627E-4
-3.44763989E+3	9.41561011E-4
-3.44187988E+3	9.32176015E-4
-3.43584009E+3	9.34444135E-4
-3.43113989E+3	9.30238282E-4
-3.42512988E+3	9.27882793E-4
-3.41954004E+3	9.24970489E-4
-3.41317993E+3	9.30203532E-4
-3.40630005E+3	9.30320297E-4
-3.40028003E+3	9.33336094E-4
-3.39427002E+3	9.36593162E-4
-3.38962012E+3	9.41343664E-4
-3.38387988E+3	9.47670895E-4
-3.37700000E+3	9.44541476E-4
-3.37234009E+3	9.50446120E-4
-3.36539990E+3	9.56019852E-4
-3.35956006E+3	9.52519302E-4
-3.35337012E+3	9.51555790E-4
-3.34787988E+3	9.53507784E-4
-3.34151001E+3	9.52951377E-4
-3.33548999E+3	9.42292623E-4
-3.33058008E+3	9.36635246E-4
-3.32412988E+3	9.31949122E-4
-3.31820996E+3	9.32741328E-4
-3.31246997E+3	9.31245042E-4
-3.30537988E+3	9.27207002E-4
-3.29956006E+3	9.30868031E-4
-3.29389990E+3	9.31500515E-4
-3.28896997E+3	9.32737719E-4
-3.28339990E+3	9.38275305E-4
-3.27733008E+3	9.47750930E-4
-3.27167993E+3	9.53763432E-4
-3.26543994E+3	9.63579223E-4
-3.25911011E+3	9.56988777E-4
-3.25215991E+3	9.60862555E-4
-3.24641992E+3	9.62269085E-4
-3.24072998E+3	9.60181642E-4
-3.23546997E+3	9.56636039E-4
-3.22943994E+3	9.54070478E-4
-3.22362012E+3	9.49211419E-4
-3.21791992E+3	9.48742323E-4
-3.21200000E+3	9.49496578E-4
-3.20719995E+3	9.44060681E-4
-3.20014990E+3	9.47309600E-4
-3.19379004E+3	9.37360513E-4
-3.18772998E+3	9.37265868E-4
-3.18183008E+3	9.37612785E-4
-3.17612988E+3	9.38170531E-4
-3.17038989E+3	9.39327583E-4
-3.16461011E+3	9.39757156E-4
-3.15861011E+3	9.30284907E-4
-3.15272998E+3	9.25375556E-4
-3.14696997E+3	9.22783394E-4
-3.14061011E+3	9.25210770E-4
-3.13513989E+3	9.24264372E-4
-3.12883008E+3	9.25439061E-4
-3.12292993E+3	9.30926821E-4
-3.11694995E+3	9.27034649E-4
-3.11194995E+3	9.27604095E-4
-3.10562012E+3	9.28020396E-4
-3.09971997E+3	9.35750781E-4
-3.09376001E+3	9.37625766E-4
-3.08672998E+3	9.41746985E-4
-3.08165991E+3	9.40908911E-4
-3.07578003E+3	9.42886225E-4
-3.06883008E+3	9.39602847E-4
-3.06419995E+3	9.33605304E-4
-3.05834009E+3	9.40694415E-4
-3.05242993E+3	9.39300284E-4
-3.04644995E+3	9.39354475E-4
-3.04158008E+3	9.39509133E-4
-3.03566992E+3	9.37765115E-4
-3.02843994E+3	9.36679775E-4
-3.02264990E+3	9.34802752E-4
-3.01789990E+3	9.39354824E-4
-3.01098999E+3	9.45968030E-4
-3.00528003E+3	9.54575138E-4
-2.99939990E+3	9.50240821E-4
-2.99317993E+3	9.52633447E-4
-2.98826001E+3	9.52043862E-4
-2.98232007E+3	9.52381466E-4
-2.97597998E+3	9.53499577E-4
-2.96913989E+3	9.49901005E-4
-2.96326001E+3	9.54246556E-4
-2.95744995E+3	9.53098293E-4
-2.95173999E+3	9.48242552E-4
-2.94610010E+3	9.47475550E-4
-2.94015991E+3	9.50189016E-4
-2.93444995E+3	9.49530513E-4
-2.92956006E+3	9.56569856E-4
-2.92167993E+3	9.56313859E-4
-2.91581006E+3	9.55427415E-4
-2.90994995E+3	9.60831821E-4
-2.90403003E+3	9.60744743E-4
-2.89813989E+3	9.62459249E-4
-2.89332007E+3	9.60970996E-4
-2.88712988E+3	9.55494237E-4
-2.88108008E+3	9.53198120E-4
-2.87527002E+3	9.53013136E-4
-2.86844995E+3	9.48496570E-4
-2.86279004E+3	9.45460226E-4
-2.85679004E+3	9.52410337E-4
-2.85179004E+3	9.50080401E-4
-2.84531006E+3	9.53337469E-4
-2.84031006E+3	9.54226765E-4
-2.83378003E+3	9.51699098E-4
-2.82788989E+3	9.54995456E-4
-2.82096997E+3	9.56862408E-4
-2.81487012E+3	9.57687735E-4
-2.80914990E+3	9.59433790E-4
-2.80432007E+3	9.60882462E-4
-2.79847998E+3	9.53064300E-4
-2.79166992E+3	9.50799265E-4
-2.78696997E+3	9.44408879E-4
-2.78011011E+3	9.40178405E-4
-2.77412988E+3	9.43662541E-4
-2.76900000E+3	9.44196770E-4
-2.76336011E+3	9.41486796E-4
-2.75597998E+3	9.37272154E-4
-2.75022998E+3	9.29269358E-4
-2.74554004E+3	9.24516469E-4
-2.73851001E+3	9.22882988E-4
-2.73236011E+3	9.19320446E-4
-2.72716992E+3	9.23979620E-4
-2.72102002E+3	9.26446111E-4
-2.71465991E+3	9.23341955E-4
-2.70904004E+3	9.19527549E-4
-2.70283008E+3	9.16497549E-4
-2.69669995E+3	9.19548329E-4
-2.69184009E+3	9.23126936E-4
-2.68540991E+3	9.29757662E-4
-2.67937988E+3	9.40118509E-4
-2.67318994E+3	9.44264932E-4
-2.66834009E+3	9.40485683E-4
-2.66194995E+3	9.35376564E-4
-2.65600000E+3	9.41109436E-4
-2.64898999E+3	9.43669991E-4
-2.64426001E+3	9.51314985E-4
-2.63717993E+3	9.49822250E-4
-2.63212012E+3	9.47857217E-4
-2.62637012E+3	9.46473097E-4
-2.61997998E+3	9.40652215E-4
-2.61405005E+3	9.37890960E-4
-2.60810010E+3	9.35182557E-4
-2.60101001E+3	9.35294258E-4
-2.59517993E+3	9.28479189E-4
-2.58921997E+3	9.21938044E-4
-2.58337012E+3	9.15328215E-4
-2.57717993E+3	9.14765813E-4
-2.57137012E+3	9.18759324E-4
-2.56662012E+3	9.18710022E-4
-2.55973999E+3	9.17437777E-4
-2.55375000E+3	9.18517238E-4
-2.54677002E+3	9.18583304E-4
-2.53962988E+3	9.21731349E-4
-2.53521997E+3	9.28533555E-4
-2.52830005E+3	9.30181763E-4
-2.52238989E+3	9.33041563E-4
-2.51667993E+3	9.31964954E-4
-2.51057007E+3	9.33488773E-4
-2.50462988E+3	9.33301752E-4
-2.49759009E+3	9.31139046E-4
-2.49169995E+3	9.30790673E-4
-2.48612988E+3	9.34789365E-4
-2.47938989E+3	9.36622266E-4
-2.47361011E+3	9.30126698E-4
-2.46692993E+3	9.28692927E-4
-2.46101001E+3	9.28502821E-4
-2.45602002E+3	9.28920519E-4
-2.44892993E+3	9.24176187E-4
-2.44193994E+3	9.24673281E-4
-2.43715991E+3	9.28117544E-4
-2.43018994E+3	9.29767033E-4
-2.42430005E+3	9.25516360E-4
-2.41833008E+3	9.23551153E-4
-2.41229004E+3	9.26401233E-4
-2.40676001E+3	9.30699927E-4
-2.40047998E+3	9.31521179E-4
-2.39468994E+3	9.32380732E-4
-2.38876001E+3	9.34936863E-4
-2.38076001E+3	9.32440162E-4
-2.37482007E+3	9.31261515E-4
-2.36877002E+3	9.33750649E-4
-2.36290991E+3	9.35821095E-4
-2.35688989E+3	9.35703516E-4
-2.35063989E+3	9.33635805E-4
-2.34462012E+3	9.32297553E-4
-2.33883008E+3	9.30596958E-4
-2.33317993E+3	9.27809277E-4
-2.32617993E+3	9.30383976E-4
-2.31967993E+3	9.36760393E-4
-2.31302002E+3	9.37712088E-4
-2.30712012E+3	9.36810509E-4
-2.30102002E+3	9.42558923E-4
-2.29510010E+3	9.45497595E-4
-2.28934009E+3	9.48790112E-4
-2.28337012E+3	9.50173649E-4
-2.27737012E+3	9.47698776E-4
-2.27043994E+3	9.54941090E-4
-2.26401001E+3	9.47891909E-4
-2.25898999E+3	9.46923799E-4
-2.25197998E+3	9.44243919E-4
-2.24601001E+3	9.45640146E-4
-2.24004004E+3	9.41387087E-4
-2.23397998E+3	9.38570593E-4
-2.22836011E+3	9.31734452E-4
-2.22201001E+3	9.32556344E-4
-2.21412988E+3	9.38971294E-4
-2.21037988E+3	9.40561353E-4
-2.20236011E+3	9.49342386E-4
-2.19645996E+3	9.46744985E-4
-2.19042993E+3	9.45200969E-4
-2.18476001E+3	9.43275285E-4
-2.17861011E+3	9.46417975E-4
-2.17247998E+3	9.48643428E-4
-2.16644995E+3	9.59692523E-4
-2.15911011E+3	9.58193501E-4
-2.15310010E+3	9.63702332E-4
-2.14730005E+3	9.61899408E-4
-2.14135010E+3	9.57887096E-4
-2.13530005E+3	9.58272663E-4
-2.12811011E+3	9.62000806E-4
-2.12311011E+3	9.62475198E-4
-2.11586011E+3	9.53562441E-4
-2.10995996E+3	9.54638061E-4
-2.10403003E+3	9.42354673E-4
-2.09857007E+3	9.46316286E-4
-2.09153003E+3	9.34929238E-4
-2.08572998E+3	9.27551184E-4
-2.07960010E+3	9.26914625E-4
-2.07363989E+3	9.26594133E-4
-2.06664990E+3	9.25526838E-4
-2.06054004E+3	9.25435452E-4
-2.05557007E+3	9.29896836E-4
-2.04872998E+3	9.27683548E-4
-2.04206006E+3	9.35816322E-4
-2.03605005E+3	9.37351957E-4
-2.02991003E+3	9.42931569E-4
-2.02981006E+3	9.49053036E-4
-2.02871997E+3	9.52060160E-4
-2.02871997E+3	9.50119458E-4
-2.02872998E+3	9.51966329E-4
-2.02873999E+3	9.54835385E-4
-2.02875000E+3	9.56139527E-4
-2.02878003E+3	9.55464959E-4
-2.02880005E+3	9.51258524E-4
-2.02880005E+3	9.48582194E-4
-2.02881006E+3	9.49540467E-4
-2.02882996E+3	9.48049070E-4
-2.02883997E+3	9.45253356E-4
-2.02884998E+3	9.43553867E-4
-2.02885999E+3	9.43356426E-4
-2.02887000E+3	9.43227147E-4
-2.02888000E+3	9.46104759E-4
-2.02888000E+3	9.47507273E-4
-2.02888000E+3	9.56007570E-4
-2.02890002E+3	9.50586400E-4
-2.02889001E+3	9.41743434E-4
-2.02889001E+3	9.38350568E-4
-2.02889001E+3	9.45880718E-4
-2.02889001E+3	9.45548818E-4
-2.02890002E+3	9.44115571E-4
-2.02890002E+3	9.41063685E-4
-2.02890002E+3	9.39816528E-4
-2.02891003E+3	9.36915691E-4
-2.02891003E+3	9.32892435E-4
-2.02891003E+3	9.33763280E-4
-2.02891003E+3	9.46276123E-4
-2.02891003E+3	9.49542213E-4
-2.02892004E+3	9.42416023E-4
-2.02892004E+3	9.47602675E-4
-2.02892004E+3	9.45920357E-4
-2.02892004E+3	9.47899010E-4
-2.02892004E+3	9.50544025E-4
-2.02892004E+3	9.50482558E-4
-2.02892004E+3	9.49429639E-4
-2.02892004E+3	9.50998627E-4
-2.02892004E+3	9.44240077E-4
-2.02893005E+3	9.40499885E-4
-2.02893005E+3	9.43711959E-4
-2.02893005E+3	9.42463696E-4
-2.02893005E+3	9.46828339E-4
-2.02893005E+3	9.49118461E-4
-2.02893005E+3	9.43919702E-4
-2.02893994E+3	9.48772824E-4
-2.02893994E+3	9.49625566E-4
-2.02893005E+3	9.53150680E-4
-2.02893005E+3	9.57034063E-4
-2.02893005E+3	9.65259038E-4
