# Mess-Beginn: 27.05.2019 16:46:23
# DTM-151	DTM-151
-4.06745996E+3	9.16356221E-4
-4.06748999E+3	9.10725677E-4
-4.06750000E+3	9.03228996E-4
-4.06388989E+3	9.05579946E-4
-4.05886011E+3	9.10325383E-4
-4.05297998E+3	9.06815403E-4
-4.04694995E+3	9.00258252E-4
-4.04120996E+3	9.03121720E-4
-4.03432007E+3	9.08567570E-4
-4.02978003E+3	9.10017407E-4
-4.02291992E+3	8.83854867E-4
-4.01769995E+3	8.89708754E-4
-4.01288989E+3	8.89370043E-4
-4.00591992E+3	8.85172514E-4
-4.00002002E+3	8.86807742E-4
-3.99516992E+3	8.86402267E-4
-3.98934009E+3	8.85731715E-4
-3.98348999E+3	8.85156449E-4
-3.97723999E+3	8.79177591E-4
-3.97011011E+3	8.80306703E-4
-3.96496997E+3	9.10280505E-4
-3.95923999E+3	9.04645189E-4
-3.95336011E+3	9.08554415E-4
-3.94744995E+3	9.10537143E-4
-3.94160010E+3	9.12191463E-4
-3.93581006E+3	9.16125835E-4
-3.92995996E+3	9.26497451E-4
-3.92313989E+3	9.30345501E-4
-3.91736011E+3	9.31313727E-4
-3.91226001E+3	9.28525929E-4
-3.90587012E+3	9.28459980E-4
-3.90029004E+3	9.29740956E-4
-3.89437988E+3	9.26736800E-4
-3.88875000E+3	9.30749171E-4
-3.88281006E+3	9.22412495E-4
-3.87798999E+3	9.23195505E-4
-3.87109009E+3	9.20467312E-4
-3.86546997E+3	9.19232087E-4
-3.85981006E+3	9.15346434E-4
-3.85345996E+3	9.20496590E-4
-3.84752002E+3	9.18682956E-4
-3.84147998E+3	9.20079765E-4
-3.83568994E+3	9.24080668E-4
-3.82969995E+3	9.19959624E-4
-3.82496997E+3	9.18085745E-4
-3.81833008E+3	9.16618737E-4
-3.81242993E+3	9.14864824E-4
-3.80619995E+3	9.15290730E-4
-3.80153003E+3	9.17948666E-4
-3.79415991E+3	9.17380210E-4
-3.78823999E+3	9.11897514E-4
-3.78318994E+3	9.13409458E-4
-3.77760010E+3	9.09697148E-4
-3.77151001E+3	9.04379063E-4
-3.76458008E+3	9.14669945E-4
-3.75883008E+3	9.17560596E-4
-3.75284009E+3	9.19702230E-4
-3.74689990E+3	9.22080362E-4
-3.74147998E+3	9.27278597E-4
-3.73650000E+3	9.27416433E-4
-3.73050000E+3	9.34651063E-4
-3.72461011E+3	9.40617349E-4
-3.71808008E+3	9.44058411E-4
-3.71121997E+3	9.50590416E-4
-3.70652002E+3	9.46220767E-4
-3.70029004E+3	9.49854322E-4
-3.69435010E+3	9.51241818E-4
-3.68858008E+3	9.48122994E-4
-3.68250000E+3	9.48120200E-4
-3.67669995E+3	9.47802619E-4
-3.67090991E+3	9.46777407E-4
-3.66509009E+3	9.44248284E-4
-3.65923999E+3	9.40289872E-4
-3.65250000E+3	9.42422543E-4
-3.64776001E+3	9.43739957E-4
-3.64186011E+3	9.40822007E-4
-3.63556006E+3	9.32160299E-4
-3.62961011E+3	9.30196897E-4
-3.62386011E+3	9.26503562E-4
-3.61893994E+3	9.28477733E-4
-3.61277002E+3	9.25998494E-4
-3.60560010E+3	9.24889580E-4
-3.59985010E+3	9.29654110E-4
-3.59512012E+3	9.26915556E-4
-3.58839990E+3	9.25174332E-4
-3.58227002E+3	9.26419103E-4
-3.57638989E+3	9.31078801E-4
-3.57070996E+3	9.35019925E-4
-3.56472998E+3	9.38634621E-4
-3.55979004E+3	9.39556165E-4
-3.55447998E+3	9.44687927E-4
-3.54647998E+3	9.43142979E-4
-3.54058008E+3	9.44094849E-4
-3.53477002E+3	9.41285747E-4
-3.52896997E+3	9.42226790E-4
-3.52404004E+3	9.35842341E-4
-3.51829004E+3	9.34855663E-4
-3.51245996E+3	9.31941555E-4
-3.50610010E+3	9.26489476E-4
-3.50004004E+3	9.19412298E-4
-3.49400000E+3	9.17496276E-4
-3.48818994E+3	9.13755386E-4
-3.48141992E+3	9.10128700E-4
-3.47588989E+3	9.10353963E-4
-3.47093994E+3	9.08605114E-4
-3.46467993E+3	9.10968869E-4
-3.45813989E+3	9.09871713E-4
-3.45242993E+3	9.08375951E-4
-3.44736011E+3	9.09904134E-4
-3.44037012E+3	9.12331452E-4
-3.43462012E+3	9.07590380E-4
-3.42872998E+3	9.10114730E-4
-3.42279004E+3	9.12727846E-4
-3.41700000E+3	9.16227931E-4
-3.41212988E+3	9.20106075E-4
-3.40587012E+3	9.21100669E-4
-3.40042993E+3	9.24284046E-4
-3.39406006E+3	9.26191628E-4
-3.38802002E+3	9.25908971E-4
-3.38197998E+3	9.22437757E-4
-3.37569995E+3	9.24837193E-4
-3.36984009E+3	9.19801590E-4
-3.36405005E+3	9.16683231E-4
-3.35812988E+3	9.18284000E-4
-3.35218994E+3	9.14116448E-4
-3.34616992E+3	9.15083394E-4
-3.34150000E+3	9.14688222E-4
-3.33476001E+3	9.12340882E-4
-3.32781006E+3	9.16285440E-4
-3.32312988E+3	9.25172004E-4
-3.31723999E+3	9.25968052E-4
-3.31121997E+3	9.33805190E-4
-3.30525000E+3	9.39109188E-4
-3.29908008E+3	9.35896300E-4
-3.29359009E+3	9.40208323E-4
-3.28780005E+3	9.40391736E-4
-3.28086011E+3	9.47213441E-4
-3.27501001E+3	9.54393763E-4
-3.26911011E+3	9.54285031E-4
-3.26417993E+3	9.46356275E-4
-3.25804004E+3	9.45641776E-4
-3.25150000E+3	9.42609855E-4
-3.24657007E+3	9.41363396E-4
-3.24055005E+3	9.46212793E-4
-3.23472998E+3	9.49259556E-4
-3.22809009E+3	9.46515065E-4
-3.22192993E+3	9.39840917E-4
-3.21613989E+3	9.32305120E-4
-3.21017993E+3	9.34089185E-4
-3.20417993E+3	9.39911348E-4
-3.19848999E+3	9.41765087E-4
-3.19282007E+3	9.41278005E-4
-3.18704004E+3	9.39582358E-4
-3.18093994E+3	9.39514721E-4
-3.17472998E+3	9.37041419E-4
-3.16997998E+3	9.38730198E-4
-3.16297998E+3	9.40886152E-4
-3.15733008E+3	9.45758307E-4
-3.15142993E+3	9.46546963E-4
-3.14562012E+3	9.41588951E-4
-3.13959009E+3	9.37127450E-4
-3.13387012E+3	9.36052122E-4
-3.12804004E+3	9.36050666E-4
-3.12211011E+3	9.33321717E-4
-3.11617993E+3	9.28287511E-4
-3.10991992E+3	9.29442991E-4
-3.10423999E+3	9.24213033E-4
-3.09803003E+3	9.18781734E-4
-3.09219995E+3	9.14855627E-4
-3.08719995E+3	9.18292848E-4
-3.08017993E+3	9.23217798E-4
-3.07513989E+3	9.25469853E-4
-3.06915991E+3	9.26171953E-4
-3.06205005E+3	9.24492138E-4
-3.05731006E+3	9.25956876E-4
-3.05135010E+3	9.28008056E-4
-3.04512012E+3	9.30298585E-4
-3.03917993E+3	9.30575770E-4
-3.03332007E+3	9.30712093E-4
-3.02743994E+3	9.27918009E-4
-3.02139990E+3	9.22955223E-4
-3.01559009E+3	9.19524697E-4
-3.00981006E+3	9.16288234E-4
-3.00516992E+3	9.15195444E-4
-2.99770996E+3	9.13836469E-4
-2.99154004E+3	9.10989766E-4
-2.98583008E+3	9.09903261E-4
-2.98002002E+3	9.14723962E-4
-2.97491992E+3	9.12781397E-4
-2.96858008E+3	9.13655094E-4
-2.96273999E+3	9.16092598E-4
-2.95569995E+3	9.17363563E-4
-2.95033008E+3	9.15925135E-4
-2.94436011E+3	9.20868770E-4
-2.93839990E+3	9.28141060E-4
-2.93237988E+3	9.26464971E-4
-2.92715991E+3	9.26441164E-4
-2.92118994E+3	9.25548549E-4
-2.91498999E+3	9.30967741E-4
-2.90920996E+3	9.34235693E-4
-2.90442993E+3	9.35646472E-4
-2.89854004E+3	9.32591618E-4
-2.89102002E+3	9.32801922E-4
-2.88626001E+3	9.24939231E-4
-2.87923999E+3	9.22406965E-4
-2.87443994E+3	9.23692191E-4
-2.86739990E+3	9.27464978E-4
-2.86233008E+3	9.23071697E-4
-2.85673999E+3	9.20735300E-4
-2.85093994E+3	9.22636536E-4
-2.84475000E+3	9.20865161E-4
-2.83862988E+3	9.25382657E-4
-2.83188989E+3	9.29757603E-4
-2.82714990E+3	9.33591044E-4
-2.82030005E+3	9.30210808E-4
-2.81410010E+3	9.28075984E-4
-2.80889990E+3	9.27659275E-4
-2.80300000E+3	9.33037023E-4
-2.79568994E+3	9.33533825E-4
-2.79000000E+3	9.30435082E-4
-2.78448999E+3	9.30660812E-4
-2.77859009E+3	9.28320922E-4
-2.77262012E+3	9.28206253E-4
-2.76675000E+3	9.25273634E-4
-2.76105005E+3	9.24752210E-4
-2.75626001E+3	9.26706532E-4
-2.74931006E+3	9.29480069E-4
-2.74240991E+3	9.26452980E-4
-2.73761011E+3	9.26928653E-4
-2.73063989E+3	9.27468354E-4
-2.72535010E+3	9.28026624E-4
-2.71919995E+3	9.25272878E-4
-2.71450000E+3	9.22636478E-4
-2.70758008E+3	9.24197433E-4
-2.70160010E+3	9.29428497E-4
-2.69689990E+3	9.29574249E-4
-2.69088989E+3	9.22354287E-4
-2.68354004E+3	9.26047447E-4
-2.67727002E+3	9.21099563E-4
-2.67212012E+3	9.18213744E-4
-2.66659009E+3	9.17704252E-4
-2.66070996E+3	9.25101107E-4
-2.65493994E+3	9.23868676E-4
-2.64913989E+3	9.26375214E-4
-2.64297998E+3	9.23242653E-4
-2.63697998E+3	9.21866100E-4
-2.62977002E+3	9.21867671E-4
-2.62393994E+3	9.18187550E-4
-2.61792993E+3	9.24351625E-4
-2.61304004E+3	9.29654168E-4
-2.60662988E+3	9.34065494E-4
-2.60062012E+3	9.36274999E-4
-2.59548999E+3	9.39856749E-4
-2.58901001E+3	9.38058074E-4
-2.58275000E+3	9.37373261E-4
-2.57573999E+3	9.39815072E-4
-2.56964990E+3	9.39876190E-4
-2.56373999E+3	9.38314304E-4
-2.55761011E+3	9.36782279E-4
-2.55187988E+3	9.32971714E-4
-2.54573999E+3	9.28860449E-4
-2.53975000E+3	9.22346197E-4
-2.53382007E+3	9.21834202E-4
-2.52775000E+3	9.21530765E-4
-2.52200000E+3	9.22608073E-4
-2.51509009E+3	9.22006730E-4
-2.50836011E+3	9.27185349E-4
-2.50369995E+3	9.28727968E-4
-2.49668994E+3	9.20413004E-4
-2.49090991E+3	9.17759491E-4
-2.48481006E+3	9.17143945E-4
-2.47864990E+3	9.17791971E-4
-2.47387012E+3	9.17914498E-4
-2.46579004E+3	9.19551239E-4
-2.45967993E+3	9.16584337E-4
-2.45361011E+3	9.16502438E-4
-2.44769995E+3	9.11811832E-4
-2.44181006E+3	9.11903917E-4
-2.43612988E+3	9.16646211E-4
-2.42943994E+3	9.23745974E-4
-2.42353003E+3	9.28200549E-4
-2.41751001E+3	9.30647075E-4
-2.41164990E+3	9.31361865E-4
-2.40570996E+3	9.31720424E-4
-2.39844995E+3	9.31190443E-4
-2.39263989E+3	9.28102992E-4
-2.38597998E+3	9.29585658E-4
-2.38119995E+3	9.30191309E-4
-2.37433008E+3	9.30376060E-4
-2.36820996E+3	9.25589469E-4
-2.36323999E+3	9.24205873E-4
-2.35632007E+3	9.27196234E-4
-2.34946997E+3	9.27774177E-4
-2.34364990E+3	9.29745147E-4
-2.33762988E+3	9.31781426E-4
-2.33054004E+3	9.35266260E-4
-2.32446997E+3	9.37454286E-4
-2.31941992E+3	9.37999866E-4
-2.31355005E+3	9.35603864E-4
-2.30639990E+3	9.35936754E-4
-2.30065991E+3	9.36631346E-4
-2.29482007E+3	9.37524368E-4
-2.28777002E+3	9.35172720E-4
-2.28114990E+3	9.35436634E-4
-2.27517993E+3	9.34990589E-4
-2.26934009E+3	9.33012983E-4
-2.26354004E+3	9.33566247E-4
-2.25785010E+3	9.34828538E-4
-2.25071997E+3	9.40462924E-4
-2.24492993E+3	9.35328309E-4
-2.23782007E+3	9.31994990E-4
-2.23185010E+3	9.28765920E-4
-2.22571997E+3	9.30459937E-4
-2.22068994E+3	9.29367554E-4
-2.21373999E+3	9.31242539E-4
-2.20791992E+3	9.29724774E-4
-2.20188989E+3	9.27419169E-4
-2.19600000E+3	9.26863169E-4
-2.18998999E+3	9.26861481E-4
-2.18379004E+3	9.40134458E-4
-2.17660010E+3	9.41012637E-4
-2.17078003E+3	9.43919295E-4
-2.16514990E+3	9.43018473E-4
-2.15916992E+3	9.41637438E-4
-2.15265991E+3	9.44639498E-4
-2.14695996E+3	9.47887718E-4
-2.14067993E+3	9.49567009E-4
-2.13397998E+3	9.56188887E-4
-2.12687012E+3	9.57010663E-4
-2.12098999E+3	9.46918561E-4
-2.11481006E+3	9.45637177E-4
-2.10897998E+3	9.44347295E-4
-2.10308008E+3	9.44861327E-4
-2.09806006E+3	9.50436457E-4
-2.09155005E+3	9.47358960E-4
-2.08469995E+3	9.47505992E-4
-2.07877002E+3	9.50212474E-4
-2.07279004E+3	9.46472690E-4
-2.06686011E+3	9.41402861E-4
-2.05977002E+3	9.43956606E-4
-2.05425000E+3	9.47710592E-4
-2.04720996E+3	9.47183464E-4
-2.04145996E+3	9.48498375E-4
-2.03557996E+3	9.44466796E-4
-2.03067004E+3	9.46207903E-4
-2.02940002E+3	9.45080712E-4
-2.02929004E+3	9.43923718E-4
-2.02921997E+3	9.41306236E-4
-2.02917004E+3	9.46710934E-4
-2.02913000E+3	9.51849099E-4
-2.02908997E+3	9.50893213E-4
-2.02906995E+3	9.43577150E-4
-2.02905005E+3	9.46213666E-4
-2.02903003E+3	9.51638096E-4
-2.02902002E+3	9.49294481E-4
-2.02901001E+3	9.50948859E-4
-2.02901001E+3	9.47752153E-4
-2.02900000E+3	9.52562899E-4
-2.02898999E+3	9.53054638E-4
-2.02898999E+3	9.49725625E-4
-2.02897998E+3	9.49538313E-4
-2.02897998E+3	9.53873387E-4
-2.02897998E+3	9.50288144E-4
-2.02897998E+3	9.46728687E-4
-2.02897998E+3	9.49940179E-4
-2.02896997E+3	9.45573789E-4
-2.02896997E+3	9.41530569E-4
-2.02896997E+3	9.34750657E-4
-2.02896997E+3	9.29144036E-4
-2.02896997E+3	9.28816560E-4
-2.02896997E+3	9.27171903E-4
-2.02895996E+3	9.32018855E-4
-2.02895996E+3	9.31141374E-4
-2.02895996E+3	9.31567047E-4
-2.02895996E+3	9.30635899E-4
-2.02895996E+3	9.30505805E-4
-2.02894995E+3	9.36920522E-4
-2.02894995E+3	9.36629076E-4
-2.02894995E+3	9.39917925E-4
-2.02894995E+3	9.40070138E-4
-2.02894995E+3	9.43747058E-4
-2.02894995E+3	9.41376318E-4
-2.02894995E+3	9.40299302E-4
-2.02894995E+3	9.33810370E-4
-2.02893994E+3	9.33925854E-4
-2.02893994E+3	9.40431666E-4
