# Mess-Beginn: 27.05.2019 16:50:52
# DTM-151	DTM-151
-4.06719995E+3	9.44283733E-4
-4.06726001E+3	9.49277426E-4
-4.06733008E+3	9.52910515E-4
-4.06492993E+3	9.44992527E-4
-4.05903003E+3	9.39981488E-4
-4.05423999E+3	9.43215855E-4
-4.04629004E+3	9.42565268E-4
-4.04165991E+3	9.34396812E-4
-4.03586011E+3	9.33026604E-4
-4.02997998E+3	9.33545409E-4
-4.02411011E+3	9.34939017E-4
-4.01831006E+3	9.34195588E-4
-4.01326001E+3	9.31919145E-4
-4.00740991E+3	9.29308182E-4
-4.00062012E+3	9.26778710E-4
-3.99480005E+3	9.22903069E-4
-3.99017993E+3	9.24329215E-4
-3.98337012E+3	9.31638060E-4
-3.97860010E+3	9.38123791E-4
-3.97167993E+3	9.35022545E-4
-3.96562988E+3	9.30500566E-4
-3.96072998E+3	9.31759714E-4
-3.95388989E+3	9.34335811E-4
-3.94834009E+3	9.39121412E-4
-3.94260010E+3	9.38787358E-4
-3.93655005E+3	9.38744459E-4
-3.93178003E+3	9.35560558E-4
-3.92366992E+3	9.36116965E-4
-3.91871997E+3	9.31117043E-4
-3.91282007E+3	9.28543974E-4
-3.90706006E+3	9.32668510E-4
-3.90201001E+3	9.34152398E-4
-3.89478003E+3	9.33806412E-4
-3.88894995E+3	9.31764313E-4
-3.88430005E+3	9.31650808E-4
-3.87736011E+3	9.37031815E-4
-3.87203003E+3	9.35014104E-4
-3.86607007E+3	9.28586407E-4
-3.86125000E+3	9.26783483E-4
-3.85525000E+3	9.25504602E-4
-3.84956006E+3	9.22751846E-4
-3.84112012E+3	9.17190977E-4
-3.83627002E+3	9.11598851E-4
-3.83008008E+3	9.08963382E-4
-3.82508008E+3	9.09294642E-4
-3.81912012E+3	9.05514637E-4
-3.81337988E+3	9.07300448E-4
-3.80754004E+3	9.08377871E-4
-3.80157007E+3	9.07801557E-4
-3.79581006E+3	9.07951675E-4
-3.78986011E+3	9.08110524E-4
-3.78409009E+3	9.08987713E-4
-3.77818994E+3	9.14379663E-4
-3.77238989E+3	9.10766132E-4
-3.76605005E+3	9.10791510E-4
-3.76003003E+3	9.07761860E-4
-3.75408008E+3	9.11610783E-4
-3.74832007E+3	9.11787443E-4
-3.74241992E+3	9.09612048E-4
-3.73655005E+3	9.14891774E-4
-3.73014990E+3	9.14131873E-4
-3.72433008E+3	9.21438215E-4
-3.71843994E+3	9.20331629E-4
-3.71353003E+3	9.29291942E-4
-3.70783008E+3	9.30083159E-4
-3.70190991E+3	9.35458520E-4
-3.69602002E+3	9.33635340E-4
-3.68989990E+3	9.38906160E-4
-3.68290991E+3	9.48322879E-4
-3.67708008E+3	9.48294997E-4
-3.67228003E+3	9.48894711E-4
-3.66531006E+3	9.42115788E-4
-3.66042993E+3	9.39270016E-4
-3.65460010E+3	9.31677641E-4
-3.64851001E+3	9.29990958E-4
-3.64270996E+3	9.27116838E-4
-3.63576001E+3	9.24807857E-4
-3.63095996E+3	9.19783837E-4
-3.62277002E+3	9.12548043E-4
-3.61875000E+3	9.12331976E-4
-3.61169995E+3	9.16396442E-4
-3.60687012E+3	9.16525023E-4
-3.60091992E+3	9.21331404E-4
-3.59509009E+3	9.24579625E-4
-3.59019995E+3	9.17541853E-4
-3.58294995E+3	9.13082738E-4
-3.57640991E+3	9.07865760E-4
-3.57130005E+3	9.09887196E-4
-3.56427002E+3	9.14110627E-4
-3.55948999E+3	9.11423180E-4
-3.55367993E+3	9.07167443E-4
-3.54752002E+3	9.06697242E-4
-3.54177002E+3	9.04320797E-4
-3.53685010E+3	8.99948296E-4
-3.53066992E+3	9.11642390E-4
-3.52488989E+3	9.18094593E-4
-3.51901001E+3	9.22944921E-4
-3.51259009E+3	9.23018728E-4
-3.50647998E+3	9.21485538E-4
-3.50064990E+3	9.24299355E-4
-3.49512012E+3	9.30992595E-4
-3.48886011E+3	9.30292241E-4
-3.48280005E+3	9.34713986E-4
-3.47706006E+3	9.41835169E-4
-3.47136011E+3	9.38843819E-4
-3.46569995E+3	9.38733516E-4
-3.45778003E+3	9.40129510E-4
-3.45288989E+3	9.46749176E-4
-3.44697998E+3	9.44105850E-4
-3.44189990E+3	9.42187849E-4
-3.43602002E+3	9.43521445E-4
-3.43020996E+3	9.50933842E-4
-3.42536011E+3	9.48813686E-4
-3.41847998E+3	9.48936038E-4
-3.41155005E+3	9.46801039E-4
-3.40587012E+3	9.44872038E-4
-3.40093994E+3	9.46496788E-4
-3.39502002E+3	9.42266895E-4
-3.38878003E+3	9.42278712E-4
-3.38312012E+3	9.40922240E-4
-3.37747998E+3	9.32283350E-4
-3.37171997E+3	9.23968211E-4
-3.36456006E+3	9.27637506E-4
-3.35857007E+3	9.27213870E-4
-3.35280005E+3	9.34066484E-4
-3.34693994E+3	9.32489871E-4
-3.34125000E+3	9.28521098E-4
-3.33525000E+3	9.24258202E-4
-3.32929004E+3	9.27003101E-4
-3.32337012E+3	9.27528192E-4
-3.31863989E+3	9.26980749E-4
-3.31130005E+3	9.27944202E-4
-3.30528003E+3	9.26887093E-4
-3.29940991E+3	9.26599547E-4
-3.29468994E+3	9.23762273E-4
-3.28782007E+3	9.28459747E-4
-3.28189990E+3	9.31027520E-4
-3.27712012E+3	9.36019933E-4
-3.27087012E+3	9.40274098E-4
-3.26480005E+3	9.39983642E-4
-3.25976001E+3	9.44591709E-4
-3.25338989E+3	9.46759596E-4
-3.24655005E+3	9.43359977E-4
-3.24046997E+3	9.43696999E-4
-3.23478003E+3	9.45806212E-4
-3.22892993E+3	9.46110755E-4
-3.22303003E+3	9.45442298E-4
-3.21715991E+3	9.39578284E-4
-3.21251001E+3	9.28726047E-4
-3.20579004E+3	9.26567707E-4
-3.19900000E+3	9.25115775E-4
-3.19327002E+3	9.21535946E-4
-3.18821997E+3	9.22358362E-4
-3.18127002E+3	9.17284284E-4
-3.17532007E+3	9.12123884E-4
-3.17076001E+3	9.09462338E-4
-3.16504004E+3	9.04807297E-4
-3.15867993E+3	9.07911221E-4
-3.15283008E+3	9.11069510E-4
-3.14587988E+3	9.16005636E-4
-3.13994995E+3	9.10799077E-4
-3.13391992E+3	9.16448131E-4
-3.12920996E+3	9.19550599E-4
-3.12340991E+3	9.26098903E-4
-3.11772998E+3	9.25546221E-4
-3.11055005E+3	9.23163141E-4
-3.10552002E+3	9.28871857E-4
-3.09868994E+3	9.27057234E-4
-3.09281006E+3	9.30849928E-4
-3.08680005E+3	9.33881092E-4
-3.08000000E+3	9.38924321E-4
-3.07518994E+3	9.39253601E-4
-3.06936011E+3	9.36008350E-4
-3.06339990E+3	9.35329997E-4
-3.05829004E+3	9.41329927E-4
-3.05173999E+3	9.42727784E-4
-3.04606006E+3	9.41219623E-4
-3.04002002E+3	9.42655432E-4
-3.03281006E+3	9.41904669E-4
-3.02812988E+3	9.31501389E-4
-3.02198999E+3	9.33804258E-4
-3.01698999E+3	9.35793389E-4
-3.01070996E+3	9.35171323E-4
-3.00462012E+3	9.35150194E-4
-2.99867993E+3	9.32769501E-4
-2.99284009E+3	9.34842275E-4
-2.98646997E+3	9.32991330E-4
-2.97937988E+3	9.34858050E-4
-2.97565991E+3	9.39482241E-4
-2.96962988E+3	9.46970540E-4
-2.96287012E+3	9.40533995E-4
-2.95709009E+3	9.38465935E-4
-2.95220996E+3	9.45180363E-4
-2.94619995E+3	9.44482919E-4
-2.94038989E+3	9.49150126E-4
-2.93205005E+3	9.49336332E-4
-2.92731006E+3	9.55153315E-4
-2.92231006E+3	9.54947376E-4
-2.91414990E+3	9.55794821E-4
-2.90912988E+3	9.53413080E-4
-2.90441992E+3	9.59922152E-4
-2.89787988E+3	9.58816905E-4
-2.89165991E+3	9.61939862E-4
-2.88594995E+3	9.64745530E-4
-2.87957007E+3	9.60645382E-4
-2.87381006E+3	9.67426284E-4
-2.86809009E+3	9.67673084E-4
-2.86318994E+3	9.73608228E-4
-2.85725000E+3	9.71801986E-4
-2.85094995E+3	9.74490482E-4
-2.84546997E+3	9.68779088E-4
-2.83964990E+3	9.66654625E-4
-2.83383008E+3	9.59083845E-4
-2.82753003E+3	9.57714918E-4
-2.82051001E+3	9.58964170E-4
-2.81567993E+3	9.52002301E-4
-2.80945996E+3	9.48496221E-4
-2.80343994E+3	9.44866566E-4
-2.79771997E+3	9.43267194E-4
-2.79187012E+3	9.40806873E-4
-2.78563989E+3	9.45178675E-4
-2.77977002E+3	9.48872301E-4
-2.77287988E+3	9.49711481E-4
-2.76763989E+3	9.47037479E-4
-2.76182007E+3	9.48929461E-4
-2.75628003E+3	9.51444497E-4
-2.75015991E+3	9.53739625E-4
-2.74410010E+3	9.51889378E-4
-2.73796997E+3	9.47973516E-4
-2.73331006E+3	9.55881376E-4
-2.72635010E+3	9.54077172E-4
-2.72009009E+3	9.51609458E-4
-2.71416992E+3	9.50785354E-4
-2.70804004E+3	9.49598849E-4
-2.70197998E+3	9.50271380E-4
-2.69675000E+3	9.44484258E-4
-2.69087012E+3	9.46755405E-4
-2.68494995E+3	9.48352565E-4
-2.67791992E+3	9.53923503E-4
-2.67312012E+3	9.45293694E-4
-2.66709009E+3	9.48474335E-4
-2.66112012E+3	9.48838657E-4
-2.65468994E+3	9.49665846E-4
-2.64850000E+3	9.50150541E-4
-2.64280005E+3	9.42368002E-4
-2.63708008E+3	9.47318797E-4
-2.63106006E+3	9.44647065E-4
-2.62412012E+3	9.43154446E-4
-2.61915991E+3	9.36529017E-4
-2.61437988E+3	9.38077515E-4
-2.60727002E+3	9.36677330E-4
-2.60038989E+3	9.33907635E-4
-2.59471997E+3	9.29781236E-4
-2.58858008E+3	9.31981311E-4
-2.58237012E+3	9.37986013E-4
-2.57712988E+3	9.37193574E-4
-2.57230005E+3	9.39346908E-4
-2.56561011E+3	9.39492485E-4
-2.55844995E+3	9.42370680E-4
-2.55234009E+3	9.40455589E-4
-2.54742993E+3	9.41571780E-4
-2.54029004E+3	9.43652762E-4
-2.53451001E+3	9.43086168E-4
-2.52787988E+3	9.43724765E-4
-2.52310010E+3	9.43761494E-4
-2.51618994E+3	9.42570856E-4
-2.50917993E+3	9.38358251E-4
-2.50441992E+3	9.38195852E-4
-2.49873999E+3	9.41350008E-4
-2.49177002E+3	9.43402469E-4
-2.48491992E+3	9.41256352E-4
-2.47911011E+3	9.41806298E-4
-2.47407007E+3	9.44262487E-4
-2.46712988E+3	9.41082835E-4
-2.46101001E+3	9.37807839E-4
-2.45508008E+3	9.43706953E-4
-2.44803003E+3	9.41303500E-4
-2.44225000E+3	9.31905641E-4
-2.43456006E+3	9.30755108E-4
-2.43062012E+3	9.30581067E-4
-2.42462012E+3	9.34855489E-4
-2.41754004E+3	9.36726166E-4
-2.41152002E+3	9.38732584E-4
-2.40562988E+3	9.46245622E-4
-2.39930005E+3	9.50637332E-4
-2.39331006E+3	9.49873240E-4
-2.38738989E+3	9.52801201E-4
-2.38081006E+3	9.62218386E-4
-2.37482007E+3	9.63169907E-4
-2.36868994E+3	9.62838763E-4
-2.36269995E+3	9.52218892E-4
-2.35706006E+3	9.45177570E-4
-2.35118994E+3	9.49152804E-4
-2.34288989E+3	9.44330997E-4
-2.33817993E+3	9.39690566E-4
-2.33111011E+3	9.35001532E-4
-2.32403003E+3	9.36107885E-4
-2.31921997E+3	9.38612851E-4
-2.31325000E+3	9.34670505E-4
-2.30725000E+3	9.33840929E-4
-2.30171997E+3	9.41639300E-4
-2.29479004E+3	9.43464111E-4
-2.28761011E+3	9.42259678E-4
-2.28220996E+3	9.43885942E-4
-2.27608008E+3	9.48993315E-4
-2.27041992E+3	9.49437672E-4
-2.26431006E+3	9.52262199E-4
-2.25715991E+3	9.56687785E-4
-2.25217993E+3	9.58976336E-4
-2.24640991E+3	9.60961101E-4
-2.24020996E+3	9.59929312E-4
-2.23372998E+3	9.64489765E-4
-2.22711011E+3	9.64147737E-4
-2.22107007E+3	9.67328844E-4
-2.21408008E+3	9.68788983E-4
-2.20798999E+3	9.70489869E-4
-2.20210010E+3	9.74157418E-4
-2.19614990E+3	9.68509004E-4
-2.19007007E+3	9.62688646E-4
-2.18416992E+3	9.63916304E-4
-2.17816992E+3	9.63236846E-4
-2.17216992E+3	9.58842284E-4
-2.16554004E+3	9.56799078E-4
-2.15915991E+3	9.55689757E-4
-2.15353003E+3	9.52849339E-4
-2.14731006E+3	9.48802917E-4
-2.14037012E+3	9.44036699E-4
-2.13450000E+3	9.40927945E-4
-2.12967993E+3	9.44778032E-4
-2.12156006E+3	9.42635641E-4
-2.11565991E+3	9.41842911E-4
-2.10962988E+3	9.34874697E-4
-2.10360010E+3	9.28939728E-4
-2.09791992E+3	9.17055935E-4
-2.09067993E+3	9.15704819E-4
-2.08546997E+3	9.17176134E-4
-2.07994995E+3	9.18128877E-4
-2.07287012E+3	9.24354070E-4
-2.06702002E+3	9.18998499E-4
-2.06103003E+3	9.18528589E-4
-2.05396997E+3	9.19180340E-4
-2.04798999E+3	9.33654723E-4
-2.04190002E+3	9.41627950E-4
-2.03587000E+3	9.54153424E-4
-2.02995996E+3	9.50739952E-4
-2.02884998E+3	9.54626827E-4
-2.02882996E+3	9.50202637E-4
-2.02881995E+3	9.46144166E-4
-2.02881995E+3	9.53050039E-4
-2.02881995E+3	9.58820921E-4
-2.02882996E+3	9.64825624E-4
-2.02884998E+3	9.57944372E-4
-2.02887000E+3	9.55260126E-4
-2.02888000E+3	9.52591537E-4
-2.02889001E+3	9.57311946E-4
-2.02890002E+3	9.56044882E-4
-2.02890002E+3	9.58052697E-4
-2.02891003E+3	9.57824872E-4
-2.02891003E+3	9.56759846E-4
-2.02890002E+3	9.55545052E-4
-2.02891003E+3	9.50549904E-4
-2.02891003E+3	9.51426337E-4
-2.02892004E+3	9.54515592E-4
-2.02892004E+3	9.54426476E-4
-2.02892004E+3	9.50274291E-4
-2.02893005E+3	9.48316709E-4
-2.02893994E+3	9.47047723E-4
-2.02893994E+3	9.46121931E-4
-2.02893994E+3	9.41639883E-4
-2.02893994E+3	9.33241565E-4
-2.02893005E+3	9.35104501E-4
-2.02893005E+3	9.35233082E-4
-2.02893994E+3	9.32261581E-4
-2.02893994E+3	9.27339075E-4
-2.02893005E+3	9.34922369E-4
-2.02893994E+3	9.31310467E-4
-2.02893994E+3	9.32401628E-4
-2.02893005E+3	9.31849878E-4
-2.02893994E+3	9.34482727E-4
-2.02893994E+3	9.37939680E-4
-2.02893994E+3	9.37359466E-4
-2.02893005E+3	9.35664400E-4
-2.02893005E+3	9.39162564E-4
-2.02893005E+3	9.42925399E-4
-2.02893005E+3	9.34853742E-4
-2.02892004E+3	9.34491982E-4
-2.02893005E+3	9.36753931E-4
-2.02893994E+3	9.34169802E-4
-2.02893005E+3	9.35766438E-4
-2.02893005E+3	9.41656064E-4
-2.02893005E+3	9.40995931E-4
-2.02893994E+3	9.44816216E-4
-2.02893005E+3	9.35859978E-4
-2.02893005E+3	9.33416770E-4
-2.02893994E+3	9.33249190E-4
-2.02893005E+3	9.38767160E-4
-2.02893005E+3	9.36610217E-4
-2.02892004E+3	9.38793586E-4
-2.02892004E+3	9.36179538E-4
-2.02892004E+3	9.30225302E-4
-2.02891003E+3	9.26206412E-4
-2.02890002E+3	9.27465269E-4
-2.02890002E+3	9.32821771E-4
-2.02890002E+3	9.38072044E-4
-2.02890002E+3	9.39939462E-4
-2.02890002E+3	9.35961551E-4
-2.02890002E+3	9.36172903E-4
-2.02890002E+3	9.35592514E-4
-2.02890002E+3	9.38470650E-4
-2.02890002E+3	9.40968923E-4
-2.02889001E+3	9.41086095E-4
-2.02889001E+3	9.37662320E-4
-2.02889001E+3	9.37754288E-4
-2.02889001E+3	9.37121571E-4
-2.02889001E+3	9.36138036E-4
-2.02890002E+3	9.39581892E-4
-2.02890002E+3	9.38277924E-4
-2.02890002E+3	9.38108074E-4
-2.02890002E+3	9.41259961E-4
-2.02890002E+3	9.40151745E-4
-2.02890002E+3	9.41856008E-4
-2.02890002E+3	9.47766996E-4
-2.02890002E+3	9.52062372E-4
-2.02890002E+3	9.45143052E-4
-2.02890002E+3	9.48320085E-4
-2.02890002E+3	9.48561530E-4
-2.02890002E+3	9.50802700E-4
-2.02891003E+3	9.53134499E-4
-2.02890002E+3	9.52480128E-4
-2.02891003E+3	9.53483861E-4
-2.02891003E+3	9.50047513E-4
-2.02892004E+3	9.46749176E-4
-2.02892004E+3	9.41783888E-4
-2.02892004E+3	9.47723398E-4
-2.02891003E+3	9.47357621E-4
-2.02891003E+3	9.50965972E-4
-2.02892004E+3	9.48621950E-4
-2.02891003E+3	9.50207585E-4
-2.02891003E+3	9.52921400E-4
-2.02891003E+3	9.58545716E-4
-2.02890002E+3	9.63437080E-4
-2.02890002E+3	9.68130073E-4
-2.02890002E+3	9.76393581E-4
-2.02890002E+3	9.70236782E-4
-2.02889001E+3	9.73733375E-4
-2.02889001E+3	9.73709102E-4
-2.02889001E+3	9.74855444E-4
-2.02888000E+3	9.68954526E-4
-2.02888000E+3	9.62242892E-4
-2.02889001E+3	9.55696858E-4
-2.02888000E+3	9.61520476E-4
-2.02889001E+3	9.59048164E-4
-2.02888000E+3	9.55536321E-4
-2.02889001E+3	9.59134195E-4
-2.02889001E+3	9.54705174E-4
-2.02888000E+3	9.55809955E-4
-2.02888000E+3	9.55514668E-4
-2.02888000E+3	9.62976832E-4
-2.02888000E+3	9.68246663E-4
-2.02889001E+3	9.74297465E-4
-2.02889001E+3	9.70378343E-4
-2.02889001E+3	9.68901441E-4
-2.02889001E+3	9.73202579E-4
-2.02889001E+3	9.73594899E-4
-2.02889001E+3	9.77062737E-4
-2.02889001E+3	9.69370245E-4
-2.02888000E+3	9.72359965E-4
-2.02888000E+3	9.68736480E-4
-2.02888000E+3	9.64902167E-4
-2.02888000E+3	9.60529025E-4
-2.02887000E+3	9.61795216E-4
-2.02887000E+3	9.58569814E-4
-2.02887000E+3	9.50656598E-4
-2.02885999E+3	9.55116760E-4
-2.02885999E+3	9.51959693E-4
-2.02885999E+3	9.57824814E-4
