# Mess-Beginn: 27.05.2019 16:56:29
# DTM-151	DTM-151
-4.02935010E+3	9.39274963E-4
-4.02937012E+3	9.28349560E-4
-4.02938989E+3	9.25597269E-4
-4.02937988E+3	9.27339424E-4
-4.02934009E+3	9.18799022E-4
-4.02929004E+3	9.11440176E-4
-4.02606006E+3	9.05290479E-4
-4.02157007E+3	9.02864616E-4
-4.01651001E+3	9.11475974E-4
-4.00954004E+3	9.08305927E-4
-4.00478003E+3	9.07966110E-4
-3.99809009E+3	9.17852274E-4
-3.99093994E+3	9.18042555E-4
-3.98592993E+3	9.15458775E-4
-3.98005005E+3	9.13986121E-4
-3.97462012E+3	9.22203471E-4
-3.96846997E+3	9.27154731E-4
-3.96258008E+3	9.27836169E-4
-3.95647998E+3	9.27357294E-4
-3.95080005E+3	9.27171670E-4
-3.94491992E+3	9.30457027E-4
-3.93867993E+3	9.29140428E-4
-3.93259009E+3	9.27006069E-4
-3.92665991E+3	9.27990244E-4
-3.92154004E+3	9.32821597E-4
-3.91576001E+3	9.30082169E-4
-3.90992993E+3	9.28325637E-4
-3.90404004E+3	9.26287088E-4
-3.89820996E+3	9.23776359E-4
-3.89128003E+3	9.22346371E-4
-3.88606006E+3	9.25671717E-4
-3.87945996E+3	9.28504975E-4
-3.87476001E+3	9.35212767E-4
-3.86782007E+3	9.29449219E-4
-3.86287012E+3	9.29965638E-4
-3.85692993E+3	9.34729876E-4
-3.85223999E+3	9.34146112E-4
-3.84531006E+3	9.36725351E-4
-3.83833008E+3	9.34541516E-4
-3.83300000E+3	9.35536867E-4
-3.82706006E+3	9.31961054E-4
-3.82133008E+3	9.27702757E-4
-3.81551001E+3	9.26051522E-4
-3.80969995E+3	9.31894814E-4
-3.80401001E+3	9.30182228E-4
-3.79929004E+3	9.24967695E-4
-3.79251001E+3	9.24730266E-4
-3.78542993E+3	9.25850123E-4
-3.77953003E+3	9.26925393E-4
-3.77433008E+3	9.25621891E-4
-3.76845996E+3	9.25567932E-4
-3.76262012E+3	9.20925289E-4
-3.75604004E+3	9.22620005E-4
-3.75131006E+3	9.23292071E-4
-3.74620996E+3	9.26724053E-4
-3.73916992E+3	9.30192182E-4
-3.73212988E+3	9.29371978E-4
-3.72694995E+3	9.27390472E-4
-3.72112988E+3	9.28942114E-4
-3.71526001E+3	9.31530260E-4
-3.70934009E+3	9.32679279E-4
-3.70450000E+3	9.34509968E-4
-3.69764990E+3	9.34687676E-4
-3.69189990E+3	9.29491303E-4
-3.68696997E+3	9.26435285E-4
-3.68093994E+3	9.23049345E-4
-3.67383008E+3	9.25689761E-4
-3.66808008E+3	9.26176726E-4
-3.66208008E+3	9.28458408E-4
-3.65615991E+3	9.27975052E-4
-3.65038989E+3	9.25465836E-4
-3.64463989E+3	9.25955421E-4
-3.63957007E+3	9.23968095E-4
-3.63319995E+3	9.28491587E-4
-3.62752002E+3	9.28678317E-4
-3.62065991E+3	9.23318265E-4
-3.61478003E+3	9.20927036E-4
-3.60885010E+3	9.15249635E-4
-3.60300000E+3	9.10735107E-4
-3.59786011E+3	9.11394251E-4
-3.59228003E+3	9.05005727E-4
-3.58608008E+3	9.06107714E-4
-3.58019995E+3	9.05535824E-4
-3.57433008E+3	9.09199007E-4
-3.56852002E+3	9.16382647E-4
-3.56262012E+3	9.28507769E-4
-3.55569995E+3	9.35456774E-4
-3.54981006E+3	9.42862127E-4
-3.54409009E+3	9.45432053E-4
-3.53843994E+3	9.52556729E-4
-3.53267993E+3	9.62961582E-4
-3.52666992E+3	9.67412663E-4
-3.52015991E+3	9.68041306E-4
-3.51425000E+3	9.62886494E-4
-3.50831006E+3	9.63644939E-4
-3.50338989E+3	9.55895113E-4
-3.49729004E+3	9.50083486E-4
-3.49135010E+3	9.45770938E-4
-3.48659009E+3	9.44380357E-4
-3.48013989E+3	9.38294921E-4
-3.47422998E+3	9.39015823E-4
-3.46802002E+3	9.32499825E-4
-3.46101001E+3	9.34913638E-4
-3.45616992E+3	9.38456564E-4
-3.45003003E+3	9.34966898E-4
-3.44410010E+3	9.42134066E-4
-3.43820996E+3	9.48243949E-4
-3.43246997E+3	9.49525333E-4
-3.42654004E+3	9.48508154E-4
-3.42156006E+3	9.51019756E-4
-3.41582007E+3	9.51215625E-4
-3.40852002E+3	9.53948591E-4
-3.40305005E+3	9.53331706E-4
-3.39668994E+3	9.51398746E-4
-3.39080005E+3	9.52606963E-4
-3.38504004E+3	9.48667235E-4
-3.37907007E+3	9.39033518E-4
-3.37413989E+3	9.37959761E-4
-3.36792993E+3	9.42808460E-4
-3.36240991E+3	9.40416416E-4
-3.35646997E+3	9.36910277E-4
-3.34962012E+3	9.40334052E-4
-3.34369995E+3	9.35959513E-4
-3.33769995E+3	9.33542615E-4
-3.33161011E+3	9.29063594E-4
-3.32680005E+3	9.33635689E-4
-3.31985010E+3	9.44900617E-4
-3.31454004E+3	9.47925146E-4
-3.30958008E+3	9.44564410E-4
-3.30323999E+3	9.47029388E-4
-3.29768994E+3	9.48888017E-4
-3.29039990E+3	9.46776767E-4
-3.28450000E+3	9.53421695E-4
-3.27876001E+3	9.57255310E-4
-3.27369995E+3	9.58437624E-4
-3.26786011E+3	9.49429756E-4
-3.26059009E+3	9.44978674E-4
-3.25479004E+3	9.40193480E-4
-3.24889990E+3	9.40511294E-4
-3.24291992E+3	9.40178172E-4
-3.23687012E+3	9.36744269E-4
-3.23315991E+3	9.34526033E-4
-3.22570996E+3	9.27868881E-4
-3.21962988E+3	9.29797534E-4
-3.21384009E+3	9.26153851E-4
-3.20786011E+3	9.28035763E-4
-3.20302002E+3	9.27093846E-4
-3.19660010E+3	9.31598886E-4
-3.19040991E+3	9.34524171E-4
-3.18410010E+3	9.31890099E-4
-3.17828003E+3	9.35473654E-4
-3.17228003E+3	9.39901685E-4
-3.16630005E+3	9.45174193E-4
-3.16097998E+3	9.42888844E-4
-3.15517993E+3	9.47848719E-4
-3.14937988E+3	9.46685788E-4
-3.14339990E+3	9.48187138E-4
-3.13767993E+3	9.45936830E-4
-3.13066992E+3	9.47550987E-4
-3.12502002E+3	9.42971790E-4
-3.11927002E+3	9.44913016E-4
-3.11334009E+3	9.43673251E-4
-3.10737988E+3	9.40863567E-4
-3.10139990E+3	9.36348748E-4
-3.09557007E+3	9.34119278E-4
-3.09101001E+3	9.38324840E-4
-3.08253003E+3	9.37331817E-4
-3.07769995E+3	9.38406098E-4
-3.07177002E+3	9.31807212E-4
-3.06593994E+3	9.41066071E-4
-3.06104004E+3	9.42566607E-4
-3.05520996E+3	9.40816011E-4
-3.04937988E+3	9.40743659E-4
-3.04235010E+3	9.45548643E-4
-3.03680005E+3	9.42867249E-4
-3.03000000E+3	9.42137849E-4
-3.02515991E+3	9.43825929E-4
-3.01893994E+3	9.44571162E-4
-3.01295996E+3	9.42126382E-4
-3.00696997E+3	9.38553887E-4
-3.00101001E+3	9.32624796E-4
-2.99620996E+3	9.32714262E-4
-2.99005005E+3	9.34749376E-4
-2.98370996E+3	9.35534481E-4
-2.97777002E+3	9.36211494E-4
-2.97177002E+3	9.37071221E-4
-2.96551001E+3	9.31775547E-4
-2.95969995E+3	9.31201270E-4
-2.95360010E+3	9.38102603E-4
-2.94773999E+3	9.35669173E-4
-2.94183008E+3	9.38415586E-4
-2.93658008E+3	9.37946665E-4
-2.93070996E+3	9.39200865E-4
-2.92338989E+3	9.41160542E-4
-2.91837012E+3	9.46497021E-4
-2.91284009E+3	9.48572473E-4
-2.90587012E+3	9.51772206E-4
-2.90087988E+3	9.53518960E-4
-2.89534009E+3	9.48401517E-4
-2.88916992E+3	9.49805020E-4
-2.88317993E+3	9.49507987E-4
-2.87831006E+3	9.48671775E-4
-2.87041992E+3	9.42380866E-4
-2.86465991E+3	9.37768782E-4
-2.85887012E+3	9.30347072E-4
-2.85294995E+3	9.29741887E-4
-2.84757007E+3	9.32848488E-4
-2.84187012E+3	9.28766618E-4
-2.83564990E+3	9.32248193E-4
-2.82950000E+3	9.24809254E-4
-2.82478003E+3	9.17072699E-4
-2.81781006E+3	9.16589226E-4
-2.81182007E+3	9.17396101E-4
-2.80625000E+3	9.13324824E-4
-2.80008008E+3	9.16471647E-4
-2.79402002E+3	9.17912461E-4
-2.78812988E+3	9.11746931E-4
-2.78236011E+3	9.14276519E-4
-2.77643994E+3	9.14252305E-4
-2.77052002E+3	9.21326107E-4
-2.76570996E+3	9.29120404E-4
-2.75931006E+3	9.28223832E-4
-2.75343994E+3	9.32778057E-4
-2.74633008E+3	9.38665529E-4
-2.74042993E+3	9.45479958E-4
-2.73465991E+3	9.44004918E-4
-2.72863989E+3	9.45381180E-4
-2.72333008E+3	9.45971929E-4
-2.71716992E+3	9.47484979E-4
-2.71113989E+3	9.43861785E-4
-2.70438989E+3	9.43695253E-4
-2.69952002E+3	9.48371540E-4
-2.69365991E+3	9.41703154E-4
-2.68736011E+3	9.41236736E-4
-2.68147998E+3	9.38251324E-4
-2.67578003E+3	9.36368830E-4
-2.67001001E+3	9.41498321E-4
-2.66412988E+3	9.37871053E-4
-2.65808008E+3	9.34890006E-4
-2.65096997E+3	9.35915683E-4
-2.64541992E+3	9.31014132E-4
-2.63948999E+3	9.29491245E-4
-2.63333008E+3	9.34907177E-4
-2.62844995E+3	9.30620765E-4
-2.62252002E+3	9.29848116E-4
-2.61636011E+3	9.23539337E-4
-2.61035010E+3	9.18972015E-4
-2.60457007E+3	9.22630890E-4
-2.59823999E+3	9.23760061E-4
-2.59128003E+3	9.25257045E-4
-2.58534009E+3	9.29912145E-4
-2.57948999E+3	9.26883426E-4
-2.57327002E+3	9.27914749E-4
-2.56741992E+3	9.32766765E-4
-2.56136011E+3	9.32296622E-4
-2.55638989E+3	9.43937979E-4
-2.54880005E+3	9.41765262E-4
-2.54302002E+3	9.37865057E-4
-2.53836011E+3	9.36723838E-4
-2.53133008E+3	9.35906719E-4
-2.52420996E+3	9.36518249E-4
-2.51847998E+3	9.39668855E-4
-2.51246997E+3	9.43927676E-4
-2.50637988E+3	9.38003359E-4
-2.50042993E+3	9.32217226E-4
-2.49461011E+3	9.26872308E-4
-2.48866992E+3	9.30797134E-4
-2.48158008E+3	9.33509553E-4
-2.47536011E+3	9.43053747E-4
-2.46957007E+3	9.43828025E-4
-2.46365991E+3	9.44706437E-4
-2.45764990E+3	9.43499559E-4
-2.45162988E+3	9.37778968E-4
-2.44602002E+3	9.35568474E-4
-2.44010010E+3	9.42665327E-4
-2.43325000E+3	9.39855061E-4
-2.42743994E+3	9.46286425E-4
-2.42041992E+3	9.50896181E-4
-2.41441992E+3	9.44530766E-4
-2.40879004E+3	9.48505884E-4
-2.40246997E+3	9.47639404E-4
-2.39575000E+3	9.49278590E-4
-2.39093994E+3	9.48329107E-4
-2.38470996E+3	9.61106911E-4
-2.37766992E+3	9.63881670E-4
-2.37111011E+3	9.64785810E-4
-2.36502002E+3	9.57990764E-4
-2.35902002E+3	9.56573349E-4
-2.35308008E+3	9.57750075E-4
-2.34631006E+3	9.59567260E-4
-2.34126001E+3	9.64313047E-4
-2.33425000E+3	9.64130450E-4
-2.32937012E+3	9.74385010E-4
-2.32110010E+3	9.75056377E-4
-2.31627002E+3	9.67895903E-4
-2.30938989E+3	9.67529370E-4
-2.30329004E+3	9.69378045E-4
-2.29737012E+3	9.69610002E-4
-2.29137012E+3	9.66321502E-4
-2.28642993E+3	9.64127190E-4
-2.27950000E+3	9.61119600E-4
-2.27353003E+3	9.62869322E-4
-2.26681006E+3	9.58243152E-4
-2.26107007E+3	9.51594498E-4
-2.25395996E+3	9.51856317E-4
-2.24813989E+3	9.49755136E-4
-2.24253003E+3	9.48797737E-4
-2.23579004E+3	9.46070999E-4
-2.23002002E+3	9.46773740E-4
-2.22344995E+3	9.42555955E-4
-2.21857007E+3	9.41916602E-4
-2.21160010E+3	9.42513929E-4
-2.20564990E+3	9.39596386E-4
-2.19969995E+3	9.41822131E-4
-2.19151001E+3	9.43990482E-4
-2.18685010E+3	9.50761430E-4
-2.18107007E+3	9.51848226E-4
-2.17393994E+3	9.49733309E-4
-2.16788989E+3	9.53638344E-4
-2.16198999E+3	9.58763994E-4
-2.15586011E+3	9.64393199E-4
-2.15067993E+3	9.62307153E-4
-2.14480005E+3	9.61062731E-4
-2.13679004E+3	9.59859230E-4
-2.13079004E+3	9.56559612E-4
-2.12490991E+3	9.50172776E-4
-2.12012012E+3	9.46078915E-4
-2.11320996E+3	9.52853414E-4
-2.10722998E+3	9.45854699E-4
-2.10062988E+3	9.41824284E-4
-2.09331006E+3	9.30406037E-4
-2.08851001E+3	9.30766459E-4
-2.08181006E+3	9.33377421E-4
-2.07595996E+3	9.36734665E-4
-2.06917993E+3	9.41174570E-4
-2.06319995E+3	9.50463640E-4
-2.05741992E+3	9.53466166E-4
-2.05148999E+3	9.48640867E-4
-2.04554004E+3	9.51147289E-4
-2.03940002E+3	9.56985459E-4
-2.03356995E+3	9.68552718E-4
-2.03006006E+3	9.68553533E-4
-2.02893005E+3	9.63601691E-4
-2.02891003E+3	9.60941485E-4
-2.02889001E+3	9.59787169E-4
-2.02889001E+3	9.55201336E-4
-2.02889001E+3	9.51330760E-4
-2.02890002E+3	9.51946422E-4
-2.02891003E+3	9.52745962E-4
-2.02891003E+3	9.49101639E-4
-2.02892004E+3	9.37823788E-4
-2.02892004E+3	9.39655933E-4
-2.02892004E+3	9.42623010E-4
-2.02892004E+3	9.41056409E-4
-2.02893005E+3	9.41517006E-4
-2.02893994E+3	9.41190403E-4
-2.02894995E+3	9.44329950E-4
-2.02894995E+3	9.46583517E-4
-2.02895996E+3	9.49444540E-4
-2.02894995E+3	9.50298796E-4
-2.02894995E+3	9.52032919E-4
-2.02894995E+3	9.51300026E-4
-2.02894995E+3	9.56598727E-4
-2.02894995E+3	9.58795194E-4
-2.02895996E+3	9.60693578E-4
-2.02895996E+3	9.60996666E-4
-2.02896997E+3	9.63041268E-4
-2.02895996E+3	9.61863261E-4
-2.02895996E+3	9.50085639E-4
-2.02895996E+3	9.51255613E-4
-2.02895996E+3	9.56329983E-4
-2.02895996E+3	9.55578231E-4
-2.02895996E+3	9.54330666E-4
-2.02894995E+3	9.53961979E-4
-2.02894995E+3	9.52307542E-4
-2.02894995E+3	9.50404094E-4
-2.02894995E+3	9.50336398E-4
-2.02894995E+3	9.49313049E-4
-2.02894995E+3	9.59190365E-4
-2.02893994E+3	9.56353033E-4
-2.02893994E+3	9.54074902E-4
-2.02893994E+3	9.49135632E-4
-2.02893994E+3	9.47163790E-4
-2.02893005E+3	9.41677659E-4
-2.02893005E+3	9.42521961E-4
-2.02893005E+3	9.42497980E-4
-2.02893005E+3	9.39662103E-4
-2.02893994E+3	9.38370475E-4
-2.02893994E+3	9.36857658E-4
-2.02893994E+3	9.34217300E-4
-2.02893994E+3	9.31464252E-4
-2.02893994E+3	9.34463635E-4
-2.02893994E+3	9.34939249E-4
-2.02894995E+3	9.36596538E-4
-2.02894995E+3	9.35552351E-4
-2.02894995E+3	9.39149235E-4
-2.02893994E+3	9.39214136E-4
-2.02893994E+3	9.43372492E-4
-2.02893994E+3	9.43617895E-4
-2.02893994E+3	9.45792824E-4
-2.02893994E+3	9.49183770E-4
-2.02893005E+3	9.53177281E-4
-2.02893005E+3	9.43189138E-4
-2.02892004E+3	9.41433362E-4
-2.02892004E+3	9.40774393E-4
-2.02892004E+3	9.36927740E-4
-2.02892004E+3	9.38091776E-4
-2.02892004E+3	9.33146279E-4
-2.02892004E+3	9.36282449E-4
-2.02892004E+3	9.38281999E-4
-2.02892004E+3	9.36691184E-4
-2.02892004E+3	9.36642755E-4
-2.02892004E+3	9.46675253E-4
-2.02892004E+3	9.53591487E-4
-2.02892004E+3	9.51025519E-4
-2.02892004E+3	9.47916880E-4
-2.02892004E+3	9.51049675E-4
-2.02892004E+3	9.55356576E-4
-2.02892004E+3	9.52882227E-4
-2.02892004E+3	9.50076501E-4
-2.02892004E+3	9.51963011E-4
-2.02892004E+3	9.47645924E-4
-2.02891003E+3	9.48142726E-4
