# Mess-Beginn: 27.05.2019 15:41:22
# DTM-151	DTM-151
-4.06746997E+3	9.59446712E-4
-4.06746997E+3	9.58735414E-4
-4.06746997E+3	9.57720331E-4
-4.06746997E+3	9.65033134E-4
-4.06746997E+3	9.69461282E-4
-4.06200000E+3	9.74539551E-4
-4.05718994E+3	9.72169219E-4
-4.05138989E+3	9.69998538E-4
-4.04441992E+3	9.69545508E-4
-4.03864990E+3	9.65902931E-4
-4.03390991E+3	9.62113496E-4
-4.02795996E+3	9.60235135E-4
-4.02197998E+3	9.56925971E-4
-4.01608008E+3	9.54691495E-4
-4.01047998E+3	9.53361217E-4
-4.00450000E+3	9.50835412E-4
-3.99857007E+3	9.56191157E-4
-3.99186011E+3	9.52320581E-4
-3.98711011E+3	9.48807865E-4
-3.98084009E+3	9.51317605E-4
-3.97486011E+3	9.52936593E-4
-3.96908008E+3	9.48470493E-4
-3.96335010E+3	9.44001134E-4
-3.95760010E+3	9.39338002E-4
-3.95182007E+3	9.38865822E-4
-3.94479004E+3	9.32966999E-4
-3.94012012E+3	9.23297601E-4
-3.93379004E+3	9.24502383E-4
-3.92797998E+3	9.27158049E-4
-3.92217993E+3	9.26537381E-4
-3.91623999E+3	9.24319611E-4
-3.91036011E+3	9.29304748E-4
-3.90562012E+3	9.32459487E-4
-3.89783008E+3	9.36911150E-4
-3.89219995E+3	9.37279256E-4
-3.88631006E+3	9.42755200E-4
-3.88055005E+3	9.42713348E-4
-3.87553003E+3	9.42393846E-4
-3.86966992E+3	9.44445201E-4
-3.86379004E+3	9.44476400E-4
-3.85821997E+3	9.44420346E-4
-3.85292993E+3	9.47376655E-4
-3.84602002E+3	9.44876170E-4
-3.83904004E+3	9.41393198E-4
-3.83331006E+3	9.36721161E-4
-3.82739990E+3	9.37954988E-4
-3.82187988E+3	9.45700624E-4
-3.81612012E+3	9.45174368E-4
-3.81130005E+3	9.41078528E-4
-3.80443994E+3	9.42602113E-4
-3.79850000E+3	9.45652369E-4
-3.79293994E+3	9.44884552E-4
-3.78696997E+3	9.52407601E-4
-3.78094995E+3	9.58544726E-4
-3.77490991E+3	9.62511287E-4
-3.76905005E+3	9.65256419E-4
-3.76333008E+3	9.64871200E-4
-3.75729004E+3	9.58437508E-4
-3.75137012E+3	9.58285644E-4
-3.74569995E+3	9.54713440E-4
-3.73983008E+3	9.58399847E-4
-3.73356006E+3	9.59233497E-4
-3.72763989E+3	9.55221883E-4
-3.72168994E+3	9.51535942E-4
-3.71582007E+3	9.55220021E-4
-3.70989990E+3	9.51363880E-4
-3.70461011E+3	9.50056536E-4
-3.69854004E+3	9.54621413E-4
-3.69271997E+3	9.53713607E-4
-3.68740991E+3	9.57366428E-4
-3.68029004E+3	9.50679125E-4
-3.67539990E+3	9.45425301E-4
-3.66921997E+3	9.46970715E-4
-3.66291992E+3	9.45434207E-4
-3.65708008E+3	9.45492531E-4
-3.65208008E+3	9.44301079E-4
-3.64579004E+3	9.44985368E-4
-3.64040991E+3	9.46163898E-4
-3.63413989E+3	9.48912697E-4
-3.62698999E+3	9.46188055E-4
-3.62219995E+3	9.48020199E-4
-3.61520996E+3	9.49332374E-4
-3.61053003E+3	9.45015054E-4
-3.60368994E+3	9.44198866E-4
-3.59804004E+3	9.35515796E-4
-3.59321997E+3	9.38334619E-4
-3.58700000E+3	9.36550961E-4
-3.58121997E+3	9.39691439E-4
-3.57421997E+3	9.35020042E-4
-3.56839990E+3	9.34368407E-4
-3.56223999E+3	9.30377631E-4
-3.55631006E+3	9.24943830E-4
-3.55058008E+3	9.26651643E-4
-3.54480005E+3	9.24042950E-4
-3.54001001E+3	9.28988564E-4
-3.53428003E+3	9.25793720E-4
-3.52791992E+3	9.24111751E-4
-3.52110010E+3	9.23006039E-4
-3.51516992E+3	9.26701585E-4
-3.50917993E+3	9.25575208E-4
-3.50327002E+3	9.32418567E-4
-3.49850000E+3	9.35649558E-4
-3.49227002E+3	9.33807227E-4
-3.48626001E+3	9.34400479E-4
-3.48139990E+3	9.30804352E-4
-3.47446997E+3	9.26313340E-4
-3.46819995E+3	9.26795881E-4
-3.46211011E+3	9.22585896E-4
-3.45616992E+3	9.17594298E-4
-3.45013989E+3	9.21058061E-4
-3.44529004E+3	9.15050798E-4
-3.43903003E+3	9.15129669E-4
-3.43304004E+3	9.18265316E-4
-3.42714990E+3	9.21712141E-4
-3.42237988E+3	9.21743049E-4
-3.41542993E+3	9.31532355E-4
-3.40882007E+3	9.31538641E-4
-3.40295996E+3	9.36486991E-4
-3.39725000E+3	9.40445287E-4
-3.39131006E+3	9.39246675E-4
-3.38534009E+3	9.42474639E-4
-3.38016992E+3	9.48772591E-4
-3.37433008E+3	9.53576004E-4
-3.36834009E+3	9.56615375E-4
-3.36142993E+3	9.61933576E-4
-3.35556006E+3	9.60397010E-4
-3.34954004E+3	9.61570826E-4
-3.34445996E+3	9.57094657E-4
-3.33786011E+3	9.51475464E-4
-3.33287988E+3	9.50723072E-4
-3.32693994E+3	9.44165920E-4
-3.32122998E+3	9.31319024E-4
-3.31558008E+3	9.29975533E-4
-3.30959009E+3	9.29011032E-4
-3.30275000E+3	9.28198744E-4
-3.29697998E+3	9.24381951E-4
-3.29118994E+3	9.22739273E-4
-3.28544995E+3	9.30048584E-4
-3.28058008E+3	9.35019751E-4
-3.27467993E+3	9.33900825E-4
-3.26773999E+3	9.36658704E-4
-3.26188989E+3	9.44456609E-4
-3.25662988E+3	9.38853831E-4
-3.24979004E+3	9.38184618E-4
-3.24373999E+3	9.32346913E-4
-3.23793994E+3	9.31773509E-4
-3.23210010E+3	9.32993134E-4
-3.22614990E+3	9.26803797E-4
-3.22019995E+3	9.23865708E-4
-3.21536011E+3	9.22671577E-4
-3.20956006E+3	9.18279053E-4
-3.20320996E+3	9.22182109E-4
-3.19736011E+3	9.24952794E-4
-3.19140991E+3	9.24203545E-4
-3.18451001E+3	9.32645053E-4
-3.17935010E+3	9.32144409E-4
-3.17335010E+3	9.29109461E-4
-3.16713989E+3	9.33769334E-4
-3.16131006E+3	9.42650076E-4
-3.15653003E+3	9.48128058E-4
-3.15055005E+3	9.59570636E-4
-3.14309009E+3	9.57248150E-4
-3.13718994E+3	9.59422439E-4
-3.13185010E+3	9.61571990E-4
-3.12596997E+3	9.55117459E-4
-3.12016992E+3	9.57789307E-4
-3.11438989E+3	9.59993631E-4
-3.10840991E+3	9.60620586E-4
-3.10242993E+3	9.54705349E-4
-3.09655005E+3	9.50654328E-4
-3.09172998E+3	9.46409011E-4
-3.08560010E+3	9.44209343E-4
-3.07841992E+3	9.40694648E-4
-3.07247998E+3	9.40019672E-4
-3.06669995E+3	9.40884347E-4
-3.06176001E+3	9.39440681E-4
-3.05597998E+3	9.37834498E-4
-3.04892993E+3	9.35849093E-4
-3.04319995E+3	9.40265949E-4
-3.03861011E+3	9.39908554E-4
-3.03267993E+3	9.40572761E-4
-3.02527002E+3	9.40227706E-4
-3.01933008E+3	9.45383857E-4
-3.01362012E+3	9.47707857E-4
-3.00773999E+3	9.52134840E-4
-3.00175000E+3	9.57256474E-4
-2.99584009E+3	9.60401201E-4
-2.99015991E+3	9.63553612E-4
-2.98515991E+3	9.60003468E-4
-2.97789990E+3	9.65826970E-4
-2.97213989E+3	9.67297354E-4
-2.96637988E+3	9.72089474E-4
-2.96041992E+3	9.69446148E-4
-2.95453003E+3	9.73586459E-4
-2.94848999E+3	9.79320030E-4
-2.94361011E+3	9.75419360E-4
-2.93718994E+3	9.75842879E-4
-2.93033008E+3	9.69716581E-4
-2.92446997E+3	9.68110631E-4
-2.91960010E+3	9.65173123E-4
-2.91279004E+3	9.62229038E-4
-2.90694995E+3	9.61770420E-4
-2.90087988E+3	9.65700310E-4
-2.89530005E+3	9.57800774E-4
-2.89035010E+3	9.50377318E-4
-2.88403003E+3	9.53737763E-4
-2.87831006E+3	9.55544587E-4
-2.87121997E+3	9.59795143E-4
-2.86521997E+3	9.64447914E-4
-2.85937988E+3	9.65107814E-4
-2.85428003E+3	9.66761319E-4
-2.84826001E+3	9.64821666E-4
-2.84227002E+3	9.65346291E-4
-2.83623999E+3	9.69543704E-4
-2.83021997E+3	9.74242867E-4
-2.82396997E+3	9.73567483E-4
-2.81817993E+3	9.71717818E-4
-2.81219995E+3	9.69592482E-4
-2.80617993E+3	9.68748645E-4
-2.80056006E+3	9.65305720E-4
-2.79487012E+3	9.69291315E-4
-2.78908008E+3	9.72432608E-4
-2.78311011E+3	9.71832720E-4
-2.77761011E+3	9.69773682E-4
-2.77141992E+3	9.65391635E-4
-2.76431006E+3	9.60233039E-4
-2.75852002E+3	9.64116480E-4
-2.75320996E+3	9.70067107E-4
-2.74726001E+3	9.66204389E-4
-2.74128003E+3	9.71944595E-4
-2.73536011E+3	9.69283516E-4
-2.72956006E+3	9.69541899E-4
-2.72396997E+3	9.62748425E-4
-2.71809009E+3	9.63127997E-4
-2.71112012E+3	9.59120865E-4
-2.70539990E+3	9.64702165E-4
-2.69952002E+3	9.61236248E-4
-2.69348999E+3	9.58861725E-4
-2.68737988E+3	9.61888756E-4
-2.68235010E+3	9.57004610E-4
-2.67730005E+3	9.57780343E-4
-2.67046997E+3	9.54141316E-4
-2.66540991E+3	9.59322671E-4
-2.65953003E+3	9.62519785E-4
-2.65255005E+3	9.66985070E-4
-2.64618994E+3	9.68022970E-4
-2.64129004E+3	9.65564337E-4
-2.63433008E+3	9.66992811E-4
-2.62853003E+3	9.65706480E-4
-2.62253003E+3	9.64585575E-4
-2.61772998E+3	9.62764781E-4
-2.61056006E+3	9.61354817E-4
-2.60471997E+3	9.58886114E-4
-2.59868994E+3	9.56158503E-4
-2.59237988E+3	9.55035968E-4
-2.58623999E+3	9.51388094E-4
-2.58026001E+3	9.54114657E-4
-2.57428003E+3	9.50798858E-4
-2.56844995E+3	9.51965863E-4
-2.56305005E+3	9.52399103E-4
-2.55676001E+3	9.52635193E-4
-2.55091992E+3	9.59006371E-4
-2.54353003E+3	9.60414065E-4
-2.53757007E+3	9.63797385E-4
-2.53142993E+3	9.59429191E-4
-2.52537012E+3	9.62603197E-4
-2.51910010E+3	9.59387689E-4
-2.51311011E+3	9.59120807E-4
-2.50728003E+3	9.54858086E-4
-2.50144995E+3	9.54861462E-4
-2.49565991E+3	9.48200352E-4
-2.48894995E+3	9.41063219E-4
-2.48283008E+3	9.43703344E-4
-2.47705005E+3	9.38137586E-4
-2.47050000E+3	9.42036451E-4
-2.46379004E+3	9.37947771E-4
-2.45818994E+3	9.41387203E-4
-2.45239990E+3	9.40437254E-4
-2.44638989E+3	9.40494705E-4
-2.44029004E+3	9.42886516E-4
-2.43364990E+3	9.46658605E-4
-2.42773999E+3	9.52677801E-4
-2.42083008E+3	9.51521331E-4
-2.41578003E+3	9.55266994E-4
-2.40866992E+3	9.56648786E-4
-2.40278003E+3	9.55761410E-4
-2.39693994E+3	9.55553958E-4
-2.39102002E+3	9.58274119E-4
-2.38487988E+3	9.62977530E-4
-2.37898999E+3	9.65282961E-4
-2.37332007E+3	9.66185529E-4
-2.36627002E+3	9.63321538E-4
-2.36033008E+3	9.62930208E-4
-2.35464990E+3	9.59744502E-4
-2.34769995E+3	9.62850230E-4
-2.34176001E+3	9.63878992E-4
-2.33618994E+3	9.72093025E-4
-2.32888989E+3	9.66995955E-4
-2.32302002E+3	9.62397957E-4
-2.31608008E+3	9.57140408E-4
-2.31031006E+3	9.55438765E-4
-2.30434009E+3	9.56491218E-4
-2.29835010E+3	9.58840654E-4
-2.29269995E+3	9.56566189E-4
-2.28581006E+3	9.54238814E-4
-2.27987012E+3	9.52787814E-4
-2.27405005E+3	9.43181338E-4
-2.26693994E+3	9.41807113E-4
-2.26102002E+3	9.39637655E-4
-2.25507007E+3	9.43736173E-4
-2.24947998E+3	9.43187799E-4
-2.24307007E+3	9.40768048E-4
-2.23628003E+3	9.36059689E-4
-2.23021997E+3	9.33657982E-4
-2.22445996E+3	9.34074516E-4
-2.21835010E+3	9.36063821E-4
-2.21251001E+3	9.41985287E-4
-2.20546997E+3	9.44266911E-4
-2.19952002E+3	9.52740374E-4
-2.19501001E+3	9.48712579E-4
-2.18808008E+3	9.48532310E-4
-2.18092993E+3	9.50936694E-4
-2.17487012E+3	9.51462076E-4
-2.16894995E+3	9.53767216E-4
-2.16288989E+3	9.53024020E-4
-2.15590991E+3	9.49252862E-4
-2.15048999E+3	9.39286198E-4
-2.14429004E+3	9.38114012E-4
-2.13748999E+3	9.37124249E-4
-2.13173999E+3	9.38583631E-4
-2.12553003E+3	9.42305895E-4
-2.11962988E+3	9.39364254E-4
-2.11378003E+3	9.39285033E-4
-2.10775000E+3	9.42025974E-4
-2.10161011E+3	9.40513622E-4
-2.09432007E+3	9.38865414E-4
-2.08817993E+3	9.44204396E-4
-2.08222998E+3	9.47618391E-4
-2.07630005E+3	9.44343163E-4
-2.07039990E+3	9.42579296E-4
-2.06454004E+3	9.37303121E-4
-2.05837988E+3	9.35005897E-4
-2.05253003E+3	9.35865799E-4
-2.04568994E+3	9.39043122E-4
-2.03992004E+3	9.38008307E-4
-2.03258997E+3	9.44246305E-4
-2.02996997E+3	9.44923260E-4
-2.02880005E+3	9.41005535E-4
-2.02876001E+3	9.43989668E-4
-2.02872998E+3	9.42371262E-4
-2.02871997E+3	9.49387904E-4
-2.02870996E+3	9.54049232E-4
-2.02870996E+3	9.51080641E-4
-2.02870996E+3	9.43590712E-4
-2.02870996E+3	9.48411471E-4
-2.02870996E+3	9.49804089E-4
-2.02870996E+3	9.49228648E-4
-2.02870996E+3	9.56444594E-4
-2.02870996E+3	9.60330071E-4
-2.02870996E+3	9.65400308E-4
-2.02870996E+3	9.60706675E-4
-2.02870996E+3	9.61034792E-4
-2.02870996E+3	9.67756030E-4
-2.02869995E+3	9.71390109E-4
-2.02869995E+3	9.70133638E-4
-2.02869995E+3	9.69979097E-4
-2.02869995E+3	9.70197259E-4
-2.02870996E+3	9.66200663E-4
-2.02870996E+3	9.58825869E-4
