# Mess-Beginn: 27.05.2019 15:45:42
# DTM-151	DTM-151
-4.06745996E+3	9.43728490E-4
-4.06745996E+3	9.49783716E-4
-4.06744995E+3	9.50659567E-4
-4.06744995E+3	9.54269839E-4
-4.06232007E+3	9.51841124E-4
-4.05667993E+3	9.43090476E-4
-4.05095996E+3	9.41760081E-4
-4.04520996E+3	9.39639169E-4
-4.03938989E+3	9.39561753E-4
-4.03353003E+3	9.37347591E-4
-4.02876001E+3	9.38320591E-4
-4.02298999E+3	9.35046526E-4
-4.01663989E+3	9.39788239E-4
-4.01072998E+3	9.42130922E-4
-4.00387012E+3	9.42483661E-4
-3.99807007E+3	9.49224806E-4
-3.99248999E+3	9.50826856E-4
-3.98656006E+3	9.50704620E-4
-3.98171997E+3	9.49755718E-4
-3.97588989E+3	9.50678077E-4
-3.97075000E+3	9.48556873E-4
-3.96337012E+3	9.45559877E-4
-3.95761011E+3	9.42664978E-4
-3.95145996E+3	9.41133010E-4
-3.94550000E+3	9.44730768E-4
-3.94060010E+3	9.38673969E-4
-3.93469995E+3	9.38357320E-4
-3.92893994E+3	9.41558566E-4
-3.92202002E+3	9.37279605E-4
-3.91692993E+3	9.37935954E-4
-3.91110010E+3	9.39212157E-4
-3.90515991E+3	9.38688230E-4
-3.89848999E+3	9.36449855E-4
-3.89261011E+3	9.40218859E-4
-3.88671997E+3	9.38906334E-4
-3.88084009E+3	9.42909508E-4
-3.87602002E+3	9.42718179E-4
-3.87027002E+3	9.37927049E-4
-3.86365991E+3	9.41481558E-4
-3.85785010E+3	9.43455903E-4
-3.85189990E+3	9.37722565E-4
-3.84579004E+3	9.41505015E-4
-3.83992993E+3	9.43789899E-4
-3.83396997E+3	9.38796089E-4
-3.82812988E+3	9.41710314E-4
-3.82221997E+3	9.42357874E-4
-3.81748999E+3	9.40685277E-4
-3.81026001E+3	9.45670530E-4
-3.80526001E+3	9.46813088E-4
-3.79952002E+3	9.43907129E-4
-3.79279004E+3	9.46678687E-4
-3.78741992E+3	9.48321365E-4
-3.78159009E+3	9.40377126E-4
-3.77564990E+3	9.41257749E-4
-3.77008008E+3	9.39190970E-4
-3.76373999E+3	9.40365426E-4
-3.75782007E+3	9.44909698E-4
-3.75203003E+3	9.41934646E-4
-3.74516992E+3	9.42412880E-4
-3.74020996E+3	9.41094127E-4
-3.73395996E+3	9.44327214E-4
-3.72819995E+3	9.40250407E-4
-3.72287988E+3	9.43962077E-4
-3.71596997E+3	9.41763283E-4
-3.71017993E+3	9.41056118E-4
-3.70604004E+3	9.35430173E-4
-3.69933008E+3	9.30706970E-4
-3.69383008E+3	9.30111739E-4
-3.68657007E+3	9.28011083E-4
-3.68075000E+3	9.27714165E-4
-3.67503003E+3	9.28128953E-4
-3.66912988E+3	9.31170711E-4
-3.66345996E+3	9.34626791E-4
-3.65756006E+3	9.40529571E-4
-3.65281006E+3	9.39719495E-4
-3.64602002E+3	9.47254710E-4
-3.64001001E+3	9.54405928E-4
-3.63420996E+3	9.59298573E-4
-3.62792993E+3	9.60865407E-4
-3.62206006E+3	9.64024221E-4
-3.61631006E+3	9.60423495E-4
-3.61040991E+3	9.55281721E-4
-3.60437988E+3	9.56784701E-4
-3.59846997E+3	9.54440155E-4
-3.59264990E+3	9.59501311E-4
-3.58677002E+3	9.57039185E-4
-3.58056006E+3	9.54869669E-4
-3.57470996E+3	9.52731643E-4
-3.56892993E+3	9.54450807E-4
-3.56310010E+3	9.58518533E-4
-3.55730005E+3	9.63642611E-4
-3.55134009E+3	9.74857889E-4
-3.54538989E+3	9.78311524E-4
-3.53962988E+3	9.74974362E-4
-3.53378003E+3	9.76452313E-4
-3.52695996E+3	9.75935778E-4
-3.52211011E+3	9.68909240E-4
-3.51592993E+3	9.69826418E-4
-3.51046997E+3	9.66652471E-4
-3.50468994E+3	9.62879916E-4
-3.49836011E+3	9.63550527E-4
-3.49355005E+3	9.61713551E-4
-3.48654004E+3	9.63563682E-4
-3.48090991E+3	9.67198343E-4
-3.47364990E+3	9.62483988E-4
-3.46870996E+3	9.68272623E-4
-3.46282007E+3	9.71681788E-4
-3.45716992E+3	9.73438902E-4
-3.45108008E+3	9.74425755E-4
-3.44507007E+3	9.73497692E-4
-3.43928003E+3	9.66329360E-4
-3.43341992E+3	9.61384852E-4
-3.42756006E+3	9.58603167E-4
-3.42270996E+3	9.54943942E-4
-3.41677002E+3	9.52504401E-4
-3.40945996E+3	9.44333267E-4
-3.40369995E+3	9.37722973E-4
-3.39751001E+3	9.31882299E-4
-3.39287988E+3	9.31730086E-4
-3.38714990E+3	9.37024015E-4
-3.38013989E+3	9.43740422E-4
-3.37537012E+3	9.47715249E-4
-3.36812988E+3	9.40561411E-4
-3.36223999E+3	9.42503801E-4
-3.35627002E+3	9.44550033E-4
-3.35037988E+3	9.47242428E-4
-3.34448999E+3	9.51324590E-4
-3.33892993E+3	9.52518953E-4
-3.33202002E+3	9.50543035E-4
-3.32737012E+3	9.48671368E-4
-3.32139990E+3	9.45476000E-4
-3.31440991E+3	9.44908650E-4
-3.30968994E+3	9.45450680E-4
-3.30371997E+3	9.46354412E-4
-3.29757007E+3	9.46362619E-4
-3.29160010E+3	9.44493106E-4
-3.28555005E+3	9.45430016E-4
-3.28037012E+3	9.43695602E-4
-3.27455005E+3	9.50377260E-4
-3.26901001E+3	9.41607635E-4
-3.26265991E+3	9.41069098E-4
-3.25563989E+3	9.39388468E-4
-3.24996997E+3	9.38391546E-4
-3.24425000E+3	9.37947945E-4
-3.23835010E+3	9.37896199E-4
-3.23250000E+3	9.39439051E-4
-3.22672998E+3	9.44973784E-4
-3.22083008E+3	9.44486354E-4
-3.21615991E+3	9.43741412E-4
-3.21017993E+3	9.54537536E-4
-3.20435010E+3	9.53139446E-4
-3.19692993E+3	9.49769805E-4
-3.19087012E+3	9.48348548E-4
-3.18547998E+3	9.49830923E-4
-3.17951001E+3	9.46907967E-4
-3.17365991E+3	9.43336170E-4
-3.16764990E+3	9.36871336E-4
-3.16194995E+3	9.39724152E-4
-3.15698999E+3	9.35869990E-4
-3.15109009E+3	9.29296599E-4
-3.14481006E+3	9.30806913E-4
-3.13775000E+3	9.32578172E-4
-3.13265991E+3	9.34201293E-4
-3.12639990E+3	9.32851573E-4
-3.12053003E+3	9.37912206E-4
-3.11454004E+3	9.44119703E-4
-3.10872998E+3	9.49826208E-4
-3.10281006E+3	9.54578281E-4
-3.09680005E+3	9.58846358E-4
-3.09063989E+3	9.61183221E-4
-3.08465991E+3	9.60165169E-4
-3.07877002E+3	9.57860262E-4
-3.07314990E+3	9.62263264E-4
-3.06715991E+3	9.59737285E-4
-3.06128003E+3	9.56459146E-4
-3.05643994E+3	9.58734658E-4
-3.05056006E+3	9.56160948E-4
-3.04386011E+3	9.51869704E-4
-3.03802002E+3	9.51258291E-4
-3.03114990E+3	9.48770437E-4
-3.02631006E+3	9.47298831E-4
-3.02012012E+3	9.45290609E-4
-3.01418994E+3	9.42682382E-4
-3.00837988E+3	9.44891071E-4
-3.00123999E+3	9.46140208E-4
-2.99630005E+3	9.41876788E-4
-2.99043994E+3	9.38910875E-4
-2.98452002E+3	9.38668381E-4
-2.97822998E+3	9.38631245E-4
-2.97215991E+3	9.37352423E-4
-2.96744995E+3	9.40387079E-4
-2.96156006E+3	9.46090266E-4
-2.95521997E+3	9.46582819E-4
-2.94917993E+3	9.48378642E-4
-2.94326001E+3	9.48326604E-4
-2.93735010E+3	9.50842572E-4
-2.93177002E+3	9.53909359E-4
-2.92566992E+3	9.47971130E-4
-2.91939990E+3	9.42154846E-4
-2.91345996E+3	9.47105407E-4
-2.90659009E+3	9.40388418E-4
-2.90183008E+3	9.36974015E-4
-2.89572998E+3	9.33717994E-4
-2.88973999E+3	9.34726675E-4
-2.88394995E+3	9.37319244E-4
-2.87920996E+3	9.33223055E-4
-2.87343994E+3	9.31638235E-4
-2.86644995E+3	9.37491131E-4
-2.86051001E+3	9.41202277E-4
-2.85438989E+3	9.44048283E-4
-2.84748999E+3	9.51463880E-4
-2.84237012E+3	9.55643656E-4
-2.83748999E+3	9.60884907E-4
-2.83112012E+3	9.58125107E-4
-2.82576001E+3	9.56477015E-4
-2.81837988E+3	9.60466976E-4
-2.81259009E+3	9.62292135E-4
-2.80648999E+3	9.62595281E-4
-2.80181006E+3	9.67144209E-4
-2.79587012E+3	9.61629965E-4
-2.78966992E+3	9.62269027E-4
-2.78359009E+3	9.53859591E-4
-2.77762012E+3	9.52939619E-4
-2.77168994E+3	9.49332665E-4
-2.76536011E+3	9.51079652E-4
-2.75943994E+3	9.47464723E-4
-2.75328003E+3	9.43821447E-4
-2.74800000E+3	9.44175350E-4
-2.74245996E+3	9.32961353E-4
-2.73636011E+3	9.31516464E-4
-2.73033008E+3	9.26058972E-4
-2.72425000E+3	9.30370297E-4
-2.71716992E+3	9.30329727E-4
-2.71193994E+3	9.31987481E-4
-2.70652002E+3	9.27933026E-4
-2.70041992E+3	9.24214663E-4
-2.69436011E+3	9.27381217E-4
-2.68857007E+3	9.23074957E-4
-2.68259009E+3	9.28224705E-4
-2.67693994E+3	9.26378882E-4
-2.67111011E+3	9.27607180E-4
-2.66518994E+3	9.24291613E-4
-2.65910010E+3	9.21688275E-4
-2.65329004E+3	9.21906438E-4
-2.64630005E+3	9.22698935E-4
-2.64145996E+3	9.26653272E-4
-2.63561011E+3	9.25241387E-4
-2.62917993E+3	9.25950881E-4
-2.62301001E+3	9.27568297E-4
-2.61713989E+3	9.27966496E-4
-2.61221997E+3	9.30686889E-4
-2.60506006E+3	9.32553608E-4
-2.59883008E+3	9.32043826E-4
-2.59282007E+3	9.33912524E-4
-2.58695996E+3	9.31294169E-4
-2.58112988E+3	9.32269497E-4
-2.57500000E+3	9.28702473E-4
-2.56904004E+3	9.29890317E-4
-2.56312988E+3	9.25598608E-4
-2.55653003E+3	9.27907880E-4
-2.55069995E+3	9.26355890E-4
-2.54386011E+3	9.27912595E-4
-2.53806006E+3	9.24492779E-4
-2.53300000E+3	9.23689397E-4
-2.52601001E+3	9.24342719E-4
-2.51982007E+3	9.18669160E-4
-2.51420996E+3	9.23435029E-4
-2.50802002E+3	9.27361951E-4
-2.50087988E+3	9.28455789E-4
-2.49505005E+3	9.28287336E-4
-2.48895996E+3	9.27923713E-4
-2.48293994E+3	9.28474299E-4
-2.47712988E+3	9.34148731E-4
-2.47035010E+3	9.31870250E-4
-2.46436011E+3	9.36165103E-4
-2.45843994E+3	9.37015109E-4
-2.45265991E+3	9.37017438E-4
-2.44666992E+3	9.30826471E-4
-2.44064990E+3	9.31085553E-4
-2.43436011E+3	9.37705685E-4
-2.42738989E+3	9.39815480E-4
-2.42020996E+3	9.40135273E-4
-2.41545996E+3	9.43915511E-4
-2.40969995E+3	9.51741531E-4
-2.40355005E+3	9.55588126E-4
-2.39751001E+3	9.61779500E-4
-2.39148999E+3	9.63656639E-4
-2.38534009E+3	9.71350702E-4
-2.37837012E+3	9.74616501E-4
-2.37232007E+3	9.62485035E-4
-2.36679004E+3	9.61090263E-4
-2.36003003E+3	9.61737533E-4
-2.35429004E+3	9.56474512E-4
-2.34860010E+3	9.48466361E-4
-2.34150000E+3	9.42614453E-4
-2.33591992E+3	9.42885759E-4
-2.32989990E+3	9.44536761E-4
-2.32266992E+3	9.40096972E-4
-2.31694995E+3	9.42033599E-4
-2.31106006E+3	9.49028647E-4
-2.30450000E+3	9.48639237E-4
-2.29870996E+3	9.49364330E-4
-2.29270996E+3	9.49303329E-4
-2.28663989E+3	9.49678302E-4
-2.28077002E+3	9.47383698E-4
-2.27356006E+3	9.44389030E-4
-2.26753003E+3	9.40820028E-4
-2.26159009E+3	9.43328894E-4
-2.25556006E+3	9.42338491E-4
-2.24956006E+3	9.38958605E-4
-2.24393994E+3	9.39300924E-4
-2.23688989E+3	9.38423269E-4
-2.23112988E+3	9.41871491E-4
-2.22491992E+3	9.37756500E-4
-2.21784009E+3	9.37940786E-4
-2.21190991E+3	9.38000274E-4
-2.20565991E+3	9.36892873E-4
-2.19962988E+3	9.35294491E-4
-2.19350000E+3	9.31600051E-4
-2.18772998E+3	9.31179326E-4
-2.18169995E+3	9.29461094E-4
-2.17566992E+3	9.29438917E-4
-2.16957007E+3	9.27685876E-4
-2.16258008E+3	9.32096620E-4
-2.15679004E+3	9.33808507E-4
-2.15118994E+3	9.34195472E-4
-2.14438989E+3	9.32980387E-4
-2.13846997E+3	9.34071257E-4
-2.13248999E+3	9.38976300E-4
-2.12645996E+3	9.44968255E-4
-2.12042993E+3	9.48537607E-4
-2.11423999E+3	9.44665051E-4
-2.10836011E+3	9.44441825E-4
-2.10122998E+3	9.46543063E-4
-2.09637988E+3	9.48783651E-4
-2.08895996E+3	9.46018030E-4
-2.08291992E+3	9.47223685E-4
-2.07714990E+3	9.50146816E-4
-2.06990991E+3	9.46620072E-4
-2.06548999E+3	9.47748718E-4
-2.05845996E+3	9.51183378E-4
-2.05237012E+3	9.58898861E-4
-2.04648999E+3	9.63022991E-4
-2.03963000E+3	9.61776765E-4
-2.03368005E+3	9.56926553E-4
-2.02985999E+3	9.58869758E-4
-2.02876001E+3	9.62562743E-4
-2.02871997E+3	9.57020442E-4
-2.02870996E+3	9.54862568E-4
-2.02870996E+3	9.51930124E-4
-2.02870996E+3	9.48517874E-4
-2.02870996E+3	9.45501146E-4
-2.02870996E+3	9.42931336E-4
-2.02870996E+3	9.47261171E-4
-2.02870996E+3	9.56475793E-4
-2.02871997E+3	9.59704630E-4
-2.02871997E+3	9.58057411E-4
-2.02871997E+3	9.59543511E-4
