# Mess-Beginn: 27.05.2019 15:49:30
# DTM-151	DTM-151
-4.06745996E+3	2.05033948E-3
-4.06745996E+3	2.05234112E-3
-4.06745996E+3	2.05514766E-3
-4.06391992E+3	2.06919061E-3
-4.05897998E+3	2.07841536E-3
-4.05311011E+3	2.07202719E-3
-4.04722998E+3	1.07451470E-3
-4.04244995E+3	1.02208625E-3
-4.03556006E+3	1.00112625E-3
-4.02972998E+3	9.85237304E-4
-4.02429004E+3	9.81188030E-4
-4.01735010E+3	9.69848188E-4
-4.01217993E+3	9.66530002E-4
-4.00621997E+3	9.67284373E-4
-4.00050000E+3	9.66560445E-4
-3.99434009E+3	9.65411833E-4
-3.98930005E+3	9.59400553E-4
-3.98332007E+3	9.62261576E-4
-3.97766992E+3	9.62481718E-4
-3.97179004E+3	9.60597419E-4
-3.96479004E+3	9.56473465E-4
-3.95993994E+3	9.54751100E-4
-3.95371997E+3	9.55939351E-4
-3.94826001E+3	9.50553222E-4
-3.94175000E+3	9.50096175E-4
-3.93562012E+3	9.42265324E-4
-3.93055005E+3	9.49811656E-4
-3.92355005E+3	9.44830943E-4
-3.91761011E+3	9.43413994E-4
-3.91135010E+3	9.42048966E-4
-3.90534009E+3	9.37374367E-4
-3.90080005E+3	9.36660683E-4
-3.89490991E+3	9.38010053E-4
-3.88920996E+3	9.37938690E-4
-3.88217993E+3	9.34557756E-4
-3.87650000E+3	9.33901756E-4
-3.87073999E+3	9.30647831E-4
-3.86554004E+3	9.33557982E-4
-3.85971997E+3	9.37532517E-4
-3.85347998E+3	9.34837677E-4
-3.84769995E+3	9.37870471E-4
-3.84158008E+3	9.39282647E-4
-3.83475000E+3	9.38298006E-4
-3.83006006E+3	9.40775266E-4
-3.82425000E+3	9.46366810E-4
-3.81847998E+3	9.51738562E-4
-3.81259009E+3	9.52080009E-4
-3.80658008E+3	9.50639427E-4
-3.80037988E+3	9.45274369E-4
-3.79452002E+3	9.49235342E-4
-3.78869995E+3	9.50973830E-4
-3.78284009E+3	9.49028647E-4
-3.77803003E+3	9.51231457E-4
-3.77179004E+3	9.52829840E-4
-3.76485010E+3	9.46547138E-4
-3.75904004E+3	9.47506924E-4
-3.75454004E+3	9.45774431E-4
-3.74747998E+3	9.45595850E-4
-3.74054004E+3	9.44878091E-4
-3.73571997E+3	9.39882477E-4
-3.72989990E+3	9.37773264E-4
-3.72411011E+3	9.41097387E-4
-3.71823999E+3	9.38634505E-4
-3.71088989E+3	9.37112200E-4
-3.70609009E+3	9.37203178E-4
-3.70140991E+3	9.38548474E-4
-3.69430005E+3	9.40836617E-4
-3.68931006E+3	9.43981460E-4
-3.68356006E+3	9.45631124E-4
-3.67625000E+3	9.45917331E-4
-3.67044995E+3	9.48573695E-4
-3.66575000E+3	9.44788451E-4
-3.65997998E+3	9.41099774E-4
-3.65447998E+3	9.41114326E-4
-3.64593994E+3	9.43178078E-4
-3.64122998E+3	9.40069091E-4
-3.63537988E+3	9.40364727E-4
-3.63012012E+3	9.43682506E-4
-3.62310010E+3	9.46830085E-4
-3.61698999E+3	9.49259906E-4
-3.61327002E+3	9.48931149E-4
-3.60629004E+3	9.52852832E-4
-3.60112012E+3	9.60496720E-4
-3.59396997E+3	9.59294499E-4
-3.58820996E+3	9.64252104E-4
-3.58337988E+3	9.60532285E-4
-3.57601001E+3	9.55206342E-4
-3.57142993E+3	9.51191178E-4
-3.56577002E+3	9.46851913E-4
-3.55894995E+3	9.44341824E-4
-3.55413989E+3	9.38869664E-4
-3.54684009E+3	9.34087904E-4
-3.54111011E+3	9.28149151E-4
-3.53531006E+3	9.22380772E-4
-3.52941992E+3	9.12976568E-4
-3.52346997E+3	9.17718571E-4
-3.51759009E+3	9.21083905E-4
-3.51152002E+3	9.18376376E-4
-3.50580005E+3	9.17929458E-4
-3.50001001E+3	9.18620673E-4
-3.49479004E+3	9.20050661E-4
-3.48870996E+3	9.22502601E-4
-3.48246997E+3	9.24184802E-4
-3.47687988E+3	9.27267771E-4
-3.47119995E+3	9.31459537E-4
-3.46488989E+3	9.26804321E-4
-3.45915991E+3	9.32158378E-4
-3.45327002E+3	9.34299489E-4
-3.44731006E+3	9.31493239E-4
-3.44146997E+3	9.32708674E-4
-3.43463989E+3	9.30219714E-4
-3.42979004E+3	9.31013550E-4
-3.42351001E+3	9.27566958E-4
-3.41773999E+3	9.25482425E-4
-3.41222998E+3	9.20000952E-4
-3.40600000E+3	9.24498017E-4
-3.40020996E+3	9.19281505E-4
-3.39314990E+3	9.14180011E-4
-3.38740991E+3	9.17775789E-4
-3.38146997E+3	9.16059129E-4
-3.37550000E+3	9.22318955E-4
-3.36885010E+3	9.20940191E-4
-3.36420996E+3	9.20526450E-4
-3.35826001E+3	9.21882340E-4
-3.35343994E+3	9.18061240E-4
-3.34712012E+3	9.10268747E-4
-3.34112012E+3	9.12053336E-4
-3.33536011E+3	9.13887983E-4
-3.32838989E+3	9.13527911E-4
-3.32267993E+3	9.11095878E-4
-3.31696997E+3	9.09748895E-4
-3.31088989E+3	9.02867003E-4
-3.30611011E+3	8.99647013E-4
-3.29998999E+3	8.97383434E-4
-3.29252002E+3	9.03294189E-4
-3.28741992E+3	9.07056732E-4
-3.28254004E+3	9.02344298E-4
-3.27550000E+3	8.98817088E-4
-3.26944995E+3	9.00442828E-4
-3.26364990E+3	9.04466724E-4
-3.25778003E+3	9.02179163E-4
-3.25198999E+3	9.07652546E-4
-3.24718994E+3	9.13769822E-4
-3.24021997E+3	9.16259130E-4
-3.23547998E+3	9.15684155E-4
-3.22937988E+3	9.10489995E-4
-3.22323999E+3	9.14885197E-4
-3.21629004E+3	9.16180841E-4
-3.21117993E+3	9.20242572E-4
-3.20473999E+3	9.17047495E-4
-3.19900000E+3	9.15301614E-4
-3.19421997E+3	9.16000106E-4
-3.18735010E+3	9.16296907E-4
-3.18132007E+3	9.23157611E-4
-3.17534009E+3	9.22529434E-4
-3.17011011E+3	9.28560272E-4
-3.16331006E+3	9.27090412E-4
-3.15853003E+3	9.30255163E-4
-3.15178003E+3	9.27615969E-4
-3.14586011E+3	9.28556663E-4
-3.14093994E+3	9.34354728E-4
-3.13492993E+3	9.35940421E-4
-3.12903003E+3	9.36119468E-4
-3.12322998E+3	9.32702038E-4
-3.11620996E+3	9.40677419E-4
-3.10973999E+3	9.41370788E-4
-3.10390991E+3	9.42623592E-4
-3.09775000E+3	9.44064930E-4
-3.09334009E+3	9.36438038E-4
-3.08646997E+3	9.33916483E-4
-3.08162988E+3	9.33082425E-4
-3.07558008E+3	9.35212069E-4
-3.06966992E+3	9.34326672E-4
-3.06427002E+3	9.35698161E-4
-3.05854004E+3	9.30447422E-4
-3.05148999E+3	9.24927997E-4
-3.04555005E+3	9.26689536E-4
-3.03962012E+3	9.23542830E-4
-3.03395996E+3	9.31676419E-4
-3.02808008E+3	9.38607147E-4
-3.02227002E+3	9.39625665E-4
-3.01557007E+3	9.38830373E-4
-3.00914990E+3	9.45229724E-4
-3.00434009E+3	9.44939791E-4
-2.99858008E+3	9.47330322E-4
-2.99162012E+3	9.58710792E-4
-2.98697998E+3	9.59543104E-4
-2.97956006E+3	9.65022075E-4
-2.97452002E+3	9.58909455E-4
-2.96862988E+3	9.60364181E-4
-2.96263989E+3	9.60266800E-4
-2.95791992E+3	9.56207747E-4
-2.95058008E+3	9.48733301E-4
-2.94389990E+3	9.45612788E-4
-2.93887988E+3	9.47887951E-4
-2.93288989E+3	9.37337929E-4
-2.92791992E+3	9.27482848E-4
-2.92092993E+3	9.17047611E-4
-2.91479004E+3	9.18320264E-4
-2.90996997E+3	9.18174337E-4
-2.90411011E+3	9.18075326E-4
-2.89818994E+3	9.21796076E-4
-2.89091992E+3	9.28370282E-4
-2.88559009E+3	9.27144254E-4
-2.87943994E+3	9.21469822E-4
-2.87452002E+3	9.25478584E-4
-2.86939990E+3	9.29968723E-4
-2.86219995E+3	9.44200146E-4
-2.85640991E+3	9.46597836E-4
-2.85100000E+3	9.48286324E-4
-2.84512988E+3	9.50103102E-4
-2.83911011E+3	9.48534929E-4
-2.83239990E+3	9.46709770E-4
-2.82662988E+3	9.48272063E-4
-2.82053003E+3	9.51373368E-4
-2.81447998E+3	9.58970166E-4
-2.80978003E+3	9.62678983E-4
-2.80328003E+3	9.55244584E-4
-2.79733008E+3	9.58773075E-4
-2.79036011E+3	9.58178774E-4
-2.78459009E+3	9.60022327E-4
-2.77965991E+3	9.58923891E-4
-2.77388989E+3	9.61330894E-4
-2.76734009E+3	9.65875224E-4
-2.76136011E+3	9.63334576E-4
-2.75438989E+3	9.54475719E-4
-2.74971997E+3	9.52477916E-4
-2.74394995E+3	9.51475638E-4
-2.73798999E+3	9.47849650E-4
-2.73165991E+3	9.42175859E-4
-2.72587012E+3	9.33378935E-4
-2.71993994E+3	9.34957585E-4
-2.71416992E+3	9.22754814E-4
-2.70827002E+3	9.15838231E-4
-2.70220996E+3	9.18453385E-4
-2.69745996E+3	9.22508421E-4
-2.69137988E+3	9.23865708E-4
-2.68442993E+3	9.29856964E-4
-2.67935010E+3	9.31914372E-4
-2.67223999E+3	9.34242853E-4
-2.66632007E+3	9.33411997E-4
-2.66038989E+3	9.31539747E-4
-2.65471997E+3	9.37233504E-4
-2.64886011E+3	9.43926687E-4
-2.64412012E+3	9.43723717E-4
-2.63697998E+3	9.41686681E-4
-2.63054004E+3	9.43222782E-4
-2.62450000E+3	9.43838444E-4
-2.61866992E+3	9.40917991E-4
-2.61168994E+3	9.36572265E-4
-2.60679004E+3	9.44895844E-4
-2.60075000E+3	9.45095555E-4
-2.59505005E+3	9.44990781E-4
-2.58909009E+3	9.49824520E-4
-2.58327002E+3	9.51024413E-4
-2.57602002E+3	9.48889821E-4
-2.57023999E+3	9.46442888E-4
-2.56429004E+3	9.39157268E-4
-2.55839990E+3	9.45333857E-4
-2.55241992E+3	9.49987036E-4
-2.54637988E+3	9.49154200E-4
-2.54037012E+3	9.50016896E-4
-2.53426001E+3	9.54721647E-4
-2.52818994E+3	9.41425445E-4
-2.52117993E+3	9.35814111E-4
-2.51523999E+3	9.44528088E-4
-2.50912988E+3	9.38886020E-4
-2.50321997E+3	9.42353916E-4
-2.49728003E+3	9.36157652E-4
-2.49160010E+3	9.31972871E-4
-2.48567993E+3	9.26526613E-4
-2.47941992E+3	9.25581495E-4
-2.47378003E+3	9.23261454E-4
-2.46789990E+3	9.24705761E-4
-2.45987988E+3	9.34463344E-4
-2.45379004E+3	9.31301911E-4
-2.44877002E+3	9.37119650E-4
-2.44260010E+3	9.36666969E-4
-2.43554004E+3	9.36181284E-4
-2.42964990E+3	9.42594372E-4
-2.42462988E+3	9.46716929E-4
-2.41766992E+3	9.55926895E-4
-2.41172998E+3	9.57605254E-4
-2.40542993E+3	9.60743462E-4
-2.39839990E+3	9.58844495E-4
-2.39236011E+3	9.58253455E-4
-2.38740991E+3	9.59340774E-4
-2.38050000E+3	9.59760393E-4
-2.37463989E+3	9.61547135E-4
-2.36866992E+3	9.58542863E-4
-2.36272998E+3	9.61260463E-4
-2.35665991E+3	9.58436111E-4
-2.34956006E+3	9.58050077E-4
-2.34356006E+3	9.59960569E-4
-2.33696997E+3	9.54820251E-4
-2.33196997E+3	9.50676738E-4
-2.32509009E+3	9.48385976E-4
-2.31909009E+3	9.49270790E-4
-2.31295996E+3	9.51266906E-4
-2.30681006E+3	9.50734189E-4
-2.30082007E+3	9.50793386E-4
-2.29356006E+3	9.49411944E-4
-2.28873999E+3	9.51216847E-4
-2.28226001E+3	9.53159470E-4
-2.27653003E+3	9.58603981E-4
-2.26943994E+3	9.65211657E-4
-2.26329004E+3	9.70024324E-4
-2.25620996E+3	9.68743523E-4
-2.25134009E+3	9.70024674E-4
-2.24529004E+3	9.69664077E-4
-2.23820996E+3	9.59416851E-4
-2.23238989E+3	9.57247277E-4
-2.22626001E+3	9.58268763E-4
-2.22038989E+3	9.58474353E-4
-2.21443994E+3	9.57388955E-4
-2.20833008E+3	9.51969705E-4
-2.20210010E+3	9.47274850E-4
-2.19612988E+3	9.44684318E-4
-2.19010010E+3	9.40741098E-4
-2.18402002E+3	9.40011116E-4
-2.17802002E+3	9.52508301E-4
-2.17113989E+3	9.49657930E-4
-2.16448999E+3	9.48426314E-4
-2.15868994E+3	9.46100277E-4
-2.15376001E+3	9.43399267E-4
-2.14661011E+3	9.46069602E-4
-2.14200000E+3	9.47229040E-4
-2.13539990E+3	9.48565546E-4
-2.12933008E+3	9.47198307E-4
-2.12179004E+3	9.44327738E-4
-2.11722998E+3	9.41259088E-4
-2.11033008E+3	9.47255758E-4
-2.10341992E+3	9.43692925E-4
-2.09748999E+3	9.44123080E-4
-2.09158008E+3	9.46669024E-4
-2.08565991E+3	9.48059023E-4
-2.07812988E+3	9.48052388E-4
-2.07340991E+3	9.51084075E-4
-2.06735010E+3	9.53748357E-4
-2.06020996E+3	9.59839846E-4
-2.05431006E+3	9.62299586E-4
-2.04872998E+3	9.58934135E-4
-2.04271997E+3	9.63338010E-4
-2.03570996E+3	9.66143678E-4
-2.03097998E+3	9.65542335E-4
-2.02951001E+3	9.69250395E-4
-2.02934998E+3	9.70241439E-4
-2.02927002E+3	9.68036882E-4
-2.02918994E+3	9.70290450E-4
-2.02910999E+3	9.68220993E-4
-2.02905005E+3	9.69502027E-4
-2.02900000E+3	9.67564702E-4
-2.02895996E+3	9.63192957E-4
-2.02893005E+3	9.62301972E-4
-2.02891003E+3	9.64743143E-4
-2.02888000E+3	9.57330107E-4
-2.02885999E+3	9.64625739E-4
-2.02883997E+3	9.63984989E-4
-2.02881995E+3	9.58848686E-4
