# Mess-Beginn: 27.05.2019 15:53:39
# DTM-151	DTM-151
-4.06757007E+3	9.47937369E-4
-4.06757007E+3	9.42403451E-4
-4.06757007E+3	9.32586845E-4
-4.06757007E+3	9.41957580E-4
-4.06756006E+3	9.39931546E-4
-4.06755005E+3	9.37417208E-4
-4.06154004E+3	9.39590856E-4
-4.05678003E+3	9.33731208E-4
-4.05095996E+3	9.32087481E-4
-4.04526001E+3	9.26870795E-4
-4.03926001E+3	9.31019313E-4
-4.03471997E+3	9.36175988E-4
-4.02783008E+3	9.36984725E-4
-4.02208008E+3	9.29506263E-4
-4.01743994E+3	9.30281996E-4
-4.01154004E+3	9.30323440E-4
-4.00366992E+3	9.25745000E-4
-3.99798999E+3	9.26038658E-4
-3.99218994E+3	9.24167864E-4
-3.98723999E+3	9.32752155E-4
-3.98113989E+3	9.35144140E-4
-3.97511011E+3	9.29851085E-4
-3.96940991E+3	9.34885407E-4
-3.96341992E+3	9.36494907E-4
-3.95872998E+3	9.30805400E-4
-3.95257007E+3	9.27044079E-4
-3.94560010E+3	9.24051506E-4
-3.93966992E+3	9.23862564E-4
-3.93379004E+3	9.28002875E-4
-3.92904004E+3	9.27340705E-4
-3.92286011E+3	9.22590378E-4
-3.91675000E+3	9.27620742E-4
-3.91195996E+3	9.26142500E-4
-3.90506006E+3	9.31142538E-4
-3.89815991E+3	9.36279655E-4
-3.89304004E+3	9.40523925E-4
-3.88694995E+3	9.44504573E-4
-3.88104004E+3	9.49319219E-4
-3.87630005E+3	9.49651527E-4
-3.86994995E+3	9.48517642E-4
-3.86416992E+3	9.47139284E-4
-3.85828003E+3	9.49414039E-4
-3.85133008E+3	9.51167312E-4
-3.84554004E+3	9.48181085E-4
-3.83937988E+3	9.51227790E-4
-3.83373999E+3	9.55797965E-4
-3.82865991E+3	9.58345656E-4
-3.82257007E+3	9.51110269E-4
-3.81660010E+3	9.54376941E-4
-3.81185010E+3	9.51062422E-4
-3.80559009E+3	9.53998941E-4
-3.79901001E+3	9.52613889E-4
-3.79287012E+3	9.52331116E-4
-3.78634009E+3	9.47930443E-4
-3.78136011E+3	9.41248902E-4
-3.77564990E+3	9.36775119E-4
-3.76972998E+3	9.42204206E-4
-3.76379004E+3	9.52004979E-4
-3.75762012E+3	9.50337504E-4
-3.75192993E+3	9.48041794E-4
-3.74572998E+3	9.49533016E-4
-3.73921997E+3	9.54863615E-4
-3.73404004E+3	9.57590120E-4
-3.72852002E+3	9.64627019E-4
-3.72228003E+3	9.66770924E-4
-3.71636011E+3	9.72846872E-4
-3.71051001E+3	9.67623258E-4
-3.70443994E+3	9.57255077E-4
-3.69942993E+3	9.63009486E-4
-3.69236011E+3	9.65973013E-4
-3.68742993E+3	9.62423568E-4
-3.68117993E+3	9.58517659E-4
-3.67531006E+3	9.54957504E-4
-3.66940991E+3	9.55357915E-4
-3.66361011E+3	9.57034528E-4
-3.65745996E+3	9.57713986E-4
-3.65227002E+3	9.57302225E-4
-3.64650000E+3	9.65013518E-4
-3.63935010E+3	9.58557124E-4
-3.63353003E+3	9.60379606E-4
-3.62776001E+3	9.62419726E-4
-3.62206006E+3	9.63970670E-4
-3.61628003E+3	9.67389613E-4
-3.61045996E+3	9.67901433E-4
-3.60462988E+3	9.69349814E-4
-3.59892993E+3	9.61428566E-4
-3.59297998E+3	9.61438287E-4
-3.58662012E+3	9.63270315E-4
-3.58114990E+3	9.67191765E-4
-3.57531006E+3	9.64923413E-4
-3.56911011E+3	9.64848674E-4
-3.56320996E+3	9.65311483E-4
-3.55719995E+3	9.62071645E-4
-3.55213989E+3	9.60167847E-4
-3.54546997E+3	9.52589675E-4
-3.54062012E+3	9.51595488E-4
-3.53468994E+3	9.51617723E-4
-3.52788989E+3	9.42160492E-4
-3.52181006E+3	9.34322656E-4
-3.51580005E+3	9.33155068E-4
-3.50991992E+3	9.28982394E-4
-3.50293994E+3	9.24753898E-4
-3.49817993E+3	9.24278866E-4
-3.49255005E+3	9.26326727E-4
-3.48654004E+3	9.28951602E-4
-3.48065991E+3	9.31185903E-4
-3.47595996E+3	9.30848822E-4
-3.46865991E+3	9.32982133E-4
-3.46271997E+3	9.33234289E-4
-3.45696997E+3	9.34951997E-4
-3.45112988E+3	9.37337230E-4
-3.44637988E+3	9.37734789E-4
-3.43919995E+3	9.34983080E-4
-3.43442993E+3	9.31468792E-4
-3.42862012E+3	9.23846383E-4
-3.42106006E+3	9.21069877E-4
-3.41603003E+3	9.18496225E-4
-3.40911011E+3	9.17361758E-4
-3.40456006E+3	9.21601488E-4
-3.39776001E+3	9.23708780E-4
-3.39283008E+3	9.29618720E-4
-3.38567993E+3	9.28067544E-4
-3.38126001E+3	9.31671122E-4
-3.37439990E+3	9.23032698E-4
-3.36922998E+3	9.27971676E-4
-3.36237012E+3	9.22934327E-4
-3.35723999E+3	9.25693545E-4
-3.35141992E+3	9.29805567E-4
-3.34510010E+3	9.24862165E-4
-3.33929004E+3	9.19651473E-4
-3.33337012E+3	9.10958857E-4
-3.32739990E+3	9.13671916E-4
-3.32161011E+3	9.13808879E-4
-3.31454004E+3	9.23370535E-4
-3.30869995E+3	9.21415456E-4
-3.30400000E+3	9.32544877E-4
-3.29778003E+3	9.21702362E-4
-3.29178003E+3	9.19183076E-4
-3.28586011E+3	9.26461071E-4
-3.28027002E+3	9.28882684E-4
-3.27432007E+3	9.27748915E-4
-3.26844995E+3	9.23348009E-4
-3.26244995E+3	9.22693172E-4
-3.25633008E+3	9.22577456E-4
-3.24965991E+3	9.23854299E-4
-3.24497998E+3	9.24985739E-4
-3.23791992E+3	9.39176010E-4
-3.23298999E+3	9.38208192E-4
-3.22695996E+3	9.37503704E-4
-3.22095996E+3	9.34017415E-4
-3.21619995E+3	9.36287397E-4
-3.20980005E+3	9.34933487E-4
-3.20366992E+3	9.25023225E-4
-3.19780005E+3	9.25450295E-4
-3.19087012E+3	9.30255977E-4
-3.18537988E+3	9.23861866E-4
-3.17937988E+3	9.19712184E-4
-3.17344995E+3	9.14498465E-4
-3.16764990E+3	9.07219539E-4
-3.16187988E+3	9.13124415E-4
-3.15707007E+3	9.13215626E-4
-3.15061011E+3	9.19370446E-4
-3.14365991E+3	9.26697627E-4
-3.13769995E+3	9.21280298E-4
-3.13243994E+3	9.21492639E-4
-3.12642993E+3	9.24398482E-4
-3.12037012E+3	9.24433349E-4
-3.11556006E+3	9.33578413E-4
-3.10925000E+3	9.42249550E-4
-3.10332007E+3	9.45846085E-4
-3.09638989E+3	9.45630658E-4
-3.09048999E+3	9.44825530E-4
-3.08467993E+3	9.49857582E-4
-3.07965991E+3	9.54945164E-4
-3.07361011E+3	9.58921097E-4
-3.06760010E+3	9.59318131E-4
-3.06154004E+3	9.65297106E-4
-3.05570996E+3	9.60079487E-4
-3.04971997E+3	9.56021599E-4
-3.04347998E+3	9.52878734E-4
-3.03769995E+3	9.56402160E-4
-3.03187012E+3	9.59889498E-4
-3.02585010E+3	9.52744100E-4
-3.02014990E+3	9.51733207E-4
-3.01418994E+3	9.49737965E-4
-3.00812012E+3	9.52453702E-4
-3.00231006E+3	9.52919130E-4
-2.99661011E+3	9.56225325E-4
-2.99131006E+3	9.51553113E-4
-2.98535010E+3	9.52741830E-4
-2.97803003E+3	9.51239490E-4
-2.97345996E+3	9.50579939E-4
-2.96742993E+3	9.53397073E-4
-2.96165991E+3	9.55641503E-4
-2.95483008E+3	9.51282971E-4
-2.94965991E+3	9.46186483E-4
-2.94383008E+3	9.38524550E-4
-2.93688989E+3	9.35692980E-4
-2.93102002E+3	9.39300575E-4
-2.92634009E+3	9.37178382E-4
-2.91962988E+3	9.37661622E-4
-2.91365991E+3	9.42605780E-4
-2.90885010E+3	9.41621431E-4
-2.90201001E+3	9.38288518E-4
-2.89602002E+3	9.36149328E-4
-2.89002002E+3	9.38832469E-4
-2.88521997E+3	9.40892263E-4
-2.87780005E+3	9.46570421E-4
-2.87187988E+3	9.47681663E-4
-2.86586011E+3	9.43926803E-4
-2.85988989E+3	9.44465515E-4
-2.85482007E+3	9.34317417E-4
-2.84902002E+3	9.35818593E-4
-2.84290991E+3	9.34270327E-4
-2.83713989E+3	9.41095583E-4
-2.83109009E+3	9.42381623E-4
-2.82639990E+3	9.39995807E-4
-2.81942993E+3	9.40109603E-4
-2.81307007E+3	9.42171668E-4
-2.80700000E+3	9.49410023E-4
-2.80108008E+3	9.50145943E-4
-2.79512988E+3	9.52709874E-4
-2.78912988E+3	9.56451113E-4
-2.78428003E+3	9.64500417E-4
-2.77817993E+3	9.64212464E-4
-2.77111011E+3	9.65013576E-4
-2.76508008E+3	9.71157278E-4
-2.76008008E+3	9.70278168E-4
-2.75389990E+3	9.67809989E-4
-2.74810010E+3	9.66468360E-4
-2.74226001E+3	9.68284905E-4
-2.73625000E+3	9.69035143E-4
-2.73145996E+3	9.69267683E-4
-2.72458008E+3	9.67597123E-4
-2.71744995E+3	9.69858200E-4
-2.71216992E+3	9.71139118E-4
-2.70634009E+3	9.70491150E-4
-2.69975000E+3	9.70686960E-4
-2.69471997E+3	9.76227748E-4
-2.68889990E+3	9.71791043E-4
-2.68353003E+3	9.75529372E-4
-2.67679004E+3	9.76392534E-4
-2.67072998E+3	9.77465650E-4
-2.66448999E+3	9.77775315E-4
-2.65863989E+3	9.73517075E-4
-2.65276001E+3	9.74100374E-4
-2.64686011E+3	9.69603076E-4
-2.64092993E+3	9.72636219E-4
-2.63475000E+3	9.72695998E-4
-2.62868994E+3	9.80547396E-4
-2.62335010E+3	9.68637411E-4
-2.61741992E+3	9.68949113E-4
-2.61017993E+3	9.64648032E-4
-2.60520996E+3	9.62978578E-4
-2.59903003E+3	9.70260473E-4
-2.59242993E+3	9.66456078E-4
-2.58653003E+3	9.69421235E-4
-2.58071997E+3	9.67325177E-4
-2.57479004E+3	9.68060922E-4
-2.56895996E+3	9.66021616E-4
-2.56300000E+3	9.69148125E-4
-2.55565991E+3	9.71878588E-4
-2.54980005E+3	9.75101662E-4
-2.54367993E+3	9.77243646E-4
-2.53789990E+3	9.73255082E-4
-2.53302002E+3	9.71131318E-4
-2.52615991E+3	9.74297931E-4
-2.52010010E+3	9.75638512E-4
-2.51427002E+3	9.78377182E-4
-2.50847998E+3	9.75222327E-4
-2.50262012E+3	9.73633491E-4
-2.49537988E+3	9.67753120E-4
-2.48951001E+3	9.70411231E-4
-2.48253003E+3	9.65793617E-4
-2.47671997E+3	9.65173182E-4
-2.47081006E+3	9.62225720E-4
-2.46594995E+3	9.61229729E-4
-2.45943994E+3	9.59972967E-4
-2.45364990E+3	9.48995992E-4
-2.44657007E+3	9.45059466E-4
-2.43952002E+3	9.49276844E-4
-2.43382007E+3	9.50821035E-4
-2.42785010E+3	9.47880093E-4
-2.42183008E+3	9.52986127E-4
-2.41630005E+3	9.50623828E-4
-2.40982007E+3	9.54150571E-4
-2.40381006E+3	9.52246715E-4
-2.39807007E+3	9.53781069E-4
-2.39054004E+3	9.58564633E-4
-2.38594995E+3	9.60514939E-4
-2.37860010E+3	9.60473437E-4
-2.37195996E+3	9.63128696E-4
-2.36610010E+3	9.66810854E-4
-2.36031006E+3	9.68323380E-4
-2.35441992E+3	9.63629514E-4
-2.34772998E+3	9.65320854E-4
-2.34118994E+3	9.64325620E-4
-2.33637988E+3	9.65878367E-4
-2.32956006E+3	9.65000479E-4
-2.32251001E+3	9.65613755E-4
-2.31669995E+3	9.65509564E-4
-2.31064990E+3	9.61958256E-4
-2.30493994E+3	9.61361686E-4
-2.29904004E+3	9.57391923E-4
-2.29235010E+3	9.60737991E-4
-2.28642993E+3	9.61489102E-4
-2.28045996E+3	9.63427126E-4
-2.27428003E+3	9.56323463E-4
-2.26832007E+3	9.57145006E-4
-2.26136011E+3	9.56109783E-4
-2.25531006E+3	9.58738907E-4
-2.24933008E+3	9.64927487E-4
-2.24326001E+3	9.64088016E-4
-2.23731006E+3	9.64670442E-4
-2.23148999E+3	9.65603685E-4
-2.22584009E+3	9.65935295E-4
-2.21979004E+3	9.67364991E-4
-2.21376001E+3	9.68742592E-4
-2.20670996E+3	9.70324210E-4
-2.19958008E+3	9.74001305E-4
-2.19457007E+3	9.73172020E-4
-2.18755005E+3	9.67428961E-4
-2.18164990E+3	9.67408647E-4
-2.17678003E+3	9.66716500E-4
-2.16985010E+3	9.71621426E-4
-2.16382007E+3	9.67327331E-4
-2.15784009E+3	9.65817599E-4
-2.15065991E+3	9.64022707E-4
-2.14497998E+3	9.55011230E-4
-2.13923999E+3	9.55137133E-4
-2.13337988E+3	9.57080629E-4
-2.12635010E+3	9.60186124E-4
-2.12032007E+3	9.61055106E-4
-2.11441992E+3	9.60504345E-4
-2.10733008E+3	9.51168418E-4
-2.10140991E+3	9.56526666E-4
-2.09537012E+3	9.54613672E-4
-2.08877002E+3	9.59348399E-4
-2.08310010E+3	9.70629044E-4
-2.07722998E+3	9.72272072E-4
-2.07057007E+3	9.66540712E-4
-2.06462012E+3	9.62006918E-4
-2.05962988E+3	9.57420678E-4
-2.05262988E+3	9.58459161E-4
-2.04509998E+3	9.67901200E-4
-2.03993994E+3	9.65802523E-4
-2.03388000E+3	9.65792919E-4
-2.02933997E+3	9.65722953E-4
-2.02926001E+3	9.60443344E-4
-2.02915002E+3	9.52195434E-4
-2.02908997E+3	9.52667790E-4
-2.02903003E+3	9.56611999E-4
-2.02897998E+3	9.56877833E-4
-2.02893994E+3	9.56302101E-4
-2.02891003E+3	9.54109419E-4
-2.02889001E+3	9.55779105E-4
-2.02887000E+3	9.53258248E-4
-2.02884998E+3	9.52254399E-4
-2.02882996E+3	9.50792630E-4
-2.02881995E+3	9.57742159E-4
-2.02881006E+3	9.63489350E-4
-2.02881006E+3	9.60122852E-4
-2.02881006E+3	9.62429913E-4
-2.02880005E+3	9.61743237E-4
-2.02880005E+3	9.56803560E-4
-2.02879004E+3	9.59973608E-4
-2.02878003E+3	9.68600332E-4
-2.02878003E+3	9.64794483E-4
-2.02878003E+3	9.62664431E-4
-2.02878003E+3	9.63890518E-4
-2.02877002E+3	9.58573655E-4
-2.02877002E+3	9.59434896E-4
-2.02876001E+3	9.56162170E-4
-2.02875000E+3	9.53909068E-4
-2.02875000E+3	9.61767568E-4
-2.02873999E+3	9.54629621E-4
-2.02872998E+3	9.49023757E-4
-2.02872998E+3	9.51831695E-4
-2.02872998E+3	9.56401404E-4
-2.02872998E+3	9.53984563E-4
-2.02872998E+3	9.53042647E-4
-2.02872998E+3	9.53537645E-4
-2.02872998E+3	9.54413321E-4
-2.02872998E+3	9.56933131E-4
-2.02872998E+3	9.54251038E-4
-2.02872998E+3	9.59277735E-4
-2.02873999E+3	9.58609744E-4
-2.02873999E+3	9.53509007E-4
-2.02873999E+3	9.51779366E-4
-2.02873999E+3	9.49905021E-4
-2.02873999E+3	9.54923336E-4
-2.02873999E+3	9.56539880E-4
-2.02873999E+3	9.53077630E-4
-2.02872998E+3	9.49921960E-4
-2.02872998E+3	9.43583378E-4
-2.02872998E+3	9.39231075E-4
-2.02872998E+3	9.33757285E-4
-2.02871997E+3	9.30721231E-4
-2.02871997E+3	9.23996384E-4
-2.02870996E+3	9.26549139E-4
-2.02870996E+3	9.19498270E-4
-2.02869995E+3	9.16234741E-4
-2.02869995E+3	9.17117170E-4
-2.02869995E+3	9.18213569E-4
-2.02869995E+3	9.21407016E-4
-2.02868994E+3	9.17648664E-4
-2.02869995E+3	9.26592096E-4
-2.02869995E+3	9.29896545E-4
-2.02870996E+3	9.32286319E-4
-2.02870996E+3	9.26972076E-4
-2.02869995E+3	9.28305730E-4
-2.02869995E+3	9.28006717E-4
-2.02869995E+3	9.27311426E-4
-2.02870996E+3	9.22648120E-4
-2.02870996E+3	9.15920304E-4
-2.02870996E+3	9.19983489E-4
-2.02870996E+3	9.13254626E-4
-2.02870996E+3	9.17413970E-4
-2.02870996E+3	9.24521300E-4
-2.02869995E+3	9.29255562E-4
-2.02869995E+3	9.30886483E-4
-2.02869995E+3	9.33595118E-4
-2.02870996E+3	9.36734781E-4
-2.02870996E+3	9.40785743E-4
-2.02870996E+3	9.46423912E-4
-2.02870996E+3	9.45035717E-4
-2.02870996E+3	9.48722474E-4
-2.02870996E+3	9.50959104E-4
-2.02870996E+3	9.49473004E-4
-2.02870996E+3	9.52124130E-4
-2.02870996E+3	9.57324926E-4
-2.02870996E+3	9.53381415E-4
-2.02870996E+3	9.57440236E-4
-2.02870996E+3	9.56661708E-4
-2.02870996E+3	9.60035075E-4
