# Mess-Beginn: 27.05.2019 15:58:32
# DTM-151	DTM-151
-4.05768994E+3	9.35671036E-4
-4.05761011E+3	9.30802838E-4
-4.05752002E+3	9.31796792E-4
-4.05741992E+3	9.27862362E-4
-4.05190991E+3	9.24120075E-4
-4.04483008E+3	9.18986101E-4
-4.03931006E+3	9.19282087E-4
-4.03339990E+3	9.21152008E-4
-4.02818994E+3	9.20215854E-4
-4.02236011E+3	9.15533863E-4
-4.01640991E+3	9.22594103E-4
-4.01007007E+3	9.30982991E-4
-4.00419995E+3	9.30478214E-4
-3.99844995E+3	9.36888333E-4
-3.99277002E+3	9.38731420E-4
-3.98704004E+3	9.44053812E-4
-3.98141992E+3	9.48516594E-4
-3.97566992E+3	9.46058368E-4
-3.97011011E+3	9.40590748E-4
-3.96378003E+3	9.45353939E-4
-3.95808008E+3	9.41090693E-4
-3.95213989E+3	9.43750667E-4
-3.94516992E+3	9.53728915E-4
-3.94114990E+3	9.59503988E-4
-3.93365991E+3	9.59889032E-4
-3.92909009E+3	9.57112294E-4
-3.92293994E+3	9.48230037E-4
-3.91717993E+3	9.46789980E-4
-3.91132007E+3	9.44772968E-4
-3.90439990E+3	9.48437024E-4
-3.89843994E+3	9.49763751E-4
-3.89262988E+3	9.44846077E-4
-3.88778003E+3	9.38729441E-4
-3.88157007E+3	9.34551121E-4
-3.87565991E+3	9.28781519E-4
-3.86987012E+3	9.28743975E-4
-3.86390991E+3	9.37867502E-4
-3.85787012E+3	9.43144783E-4
-3.85208008E+3	9.53893061E-4
-3.84613989E+3	9.52818664E-4
-3.83997998E+3	9.55798081E-4
-3.83376001E+3	9.57027602E-4
-3.82897998E+3	9.57409269E-4
-3.82280005E+3	9.52786359E-4
-3.81690991E+3	9.61824087E-4
-3.81107007E+3	9.66664345E-4
-3.80520996E+3	9.62251914E-4
-3.79913989E+3	9.60762671E-4
-3.79437988E+3	9.54137184E-4
-3.78703003E+3	9.51845781E-4
-3.78092993E+3	9.53139679E-4
-3.77612988E+3	9.56111704E-4
-3.76912012E+3	9.60023433E-4
-3.76337988E+3	9.57612996E-4
-3.75855005E+3	9.49413399E-4
-3.75240991E+3	9.43045248E-4
-3.74645996E+3	9.43970226E-4
-3.73942993E+3	9.38997022E-4
-3.73358008E+3	9.39844816E-4
-3.72802002E+3	9.45364649E-4
-3.72320996E+3	9.41362814E-4
-3.71711011E+3	9.34258685E-4
-3.71073999E+3	9.29931994E-4
-3.70532007E+3	9.36699740E-4
-3.69942993E+3	9.35844961E-4
-3.69252002E+3	9.42124112E-4
-3.68763989E+3	9.51928727E-4
-3.68077002E+3	9.56950185E-4
-3.67500000E+3	9.55686613E-4
-3.66926001E+3	9.48892382E-4
-3.66420996E+3	9.49068170E-4
-3.65791992E+3	9.49875975E-4
-3.65313989E+3	9.48361820E-4
-3.64646997E+3	9.49431269E-4
-3.63907007E+3	9.50031390E-4
-3.63335010E+3	9.42965562E-4
-3.62863989E+3	9.34169802E-4
-3.62270996E+3	9.32702795E-4
-3.61633008E+3	9.35573946E-4
-3.61153003E+3	9.38115118E-4
-3.60540991E+3	9.38164245E-4
-3.59839990E+3	9.43694147E-4
-3.59383008E+3	9.47049877E-4
-3.58702002E+3	9.45304113E-4
-3.58118994E+3	9.47966590E-4
-3.57501001E+3	9.53701267E-4
-3.56890991E+3	9.54932184E-4
-3.56303003E+3	9.56328353E-4
-3.55721997E+3	9.60057951E-4
-3.55137012E+3	9.59972211E-4
-3.54639990E+3	9.69220884E-4
-3.54041992E+3	9.64650768E-4
-3.53431006E+3	9.66720690E-4
-3.52828003E+3	9.67600441E-4
-3.52239990E+3	9.70125955E-4
-3.51658008E+3	9.72883485E-4
-3.50951001E+3	9.76189505E-4
-3.50434009E+3	9.76554758E-4
-3.49848999E+3	9.74786992E-4
-3.49297998E+3	9.76487121E-4
-3.48677002E+3	9.69943882E-4
-3.48162012E+3	9.74973023E-4
-3.47375000E+3	9.70488414E-4
-3.46862988E+3	9.71303380E-4
-3.46277002E+3	9.67474189E-4
-3.45688989E+3	9.68053122E-4
-3.45085010E+3	9.70638474E-4
-3.44610010E+3	9.66969295E-4
-3.44041992E+3	9.67575470E-4
-3.43341992E+3	9.61956277E-4
-3.42770996E+3	9.56717762E-4
-3.42180005E+3	9.53843235E-4
-3.41567993E+3	9.51997121E-4
-3.41012988E+3	9.42323240E-4
-3.40341992E+3	9.45295382E-4
-3.39739990E+3	9.42140643E-4
-3.39237988E+3	9.34577954E-4
-3.38643994E+3	9.40167927E-4
-3.38050000E+3	9.44387168E-4
-3.37456006E+3	9.48407687E-4
-3.36859009E+3	9.49352630E-4
-3.36255005E+3	9.48800123E-4
-3.35658008E+3	9.53318435E-4
-3.35063989E+3	9.64415900E-4
-3.34471997E+3	9.65190120E-4
-3.33906006E+3	9.74490540E-4
-3.33318994E+3	9.77070304E-4
-3.32742993E+3	9.73323826E-4
-3.32156006E+3	9.68204869E-4
-3.31440991E+3	9.66391235E-4
-3.31076001E+3	9.58346995E-4
-3.30334009E+3	9.56054020E-4
-3.29744995E+3	9.52724658E-4
-3.29162988E+3	9.49065550E-4
-3.28671997E+3	9.49194888E-4
-3.28039990E+3	9.39741149E-4
-3.27416992E+3	9.39301273E-4
-3.26837988E+3	9.42187035E-4
-3.26140991E+3	9.44165222E-4
-3.25559009E+3	9.44348809E-4
-3.25051001E+3	9.51478374E-4
-3.24382007E+3	9.53221112E-4
-3.23867993E+3	9.55634227E-4
-3.23253003E+3	9.55894880E-4
-3.22667993E+3	9.49165726E-4
-3.22086011E+3	9.46266227E-4
-3.21506006E+3	9.42923944E-4
-3.20978003E+3	9.38299403E-4
-3.20414990E+3	9.38219659E-4
-3.19692993E+3	9.39991325E-4
-3.19100000E+3	9.41146282E-4
-3.18512988E+3	9.38003301E-4
-3.17951001E+3	9.31054063E-4
-3.17342993E+3	9.30593407E-4
-3.16762988E+3	9.30417271E-4
-3.16185010E+3	9.33053321E-4
-3.15614990E+3	9.35500837E-4
-3.15123999E+3	9.45418258E-4
-3.14441992E+3	9.45115404E-4
-3.13811011E+3	9.42819635E-4
-3.13212988E+3	9.41989652E-4
-3.12612012E+3	9.46425600E-4
-3.12030005E+3	9.47242195E-4
-3.11429004E+3	9.47786495E-4
-3.10854004E+3	9.49147972E-4
-3.10325000E+3	9.45383799E-4
-3.09623999E+3	9.42295592E-4
-3.09043994E+3	9.34821961E-4
-3.08456006E+3	9.36181226E-4
-3.07864990E+3	9.37810401E-4
-3.07367993E+3	9.40828759E-4
-3.06760010E+3	9.38398589E-4
-3.06210010E+3	9.42598272E-4
-3.05562988E+3	9.41647857E-4
-3.04969995E+3	9.46324319E-4
-3.04437012E+3	9.53916868E-4
-3.03831006E+3	9.57277371E-4
-3.03247998E+3	9.55734169E-4
-3.02546997E+3	9.53119190E-4
-3.02030005E+3	9.51106311E-4
-3.01423999E+3	9.56744188E-4
-3.00844995E+3	9.59805911E-4
-3.00226001E+3	9.60361445E-4
-2.99639990E+3	9.63602564E-4
-2.99145996E+3	9.61642421E-4
-2.98409009E+3	9.60457313E-4
-2.97812988E+3	9.60756617E-4
-2.97336011E+3	9.61955229E-4
-2.96642993E+3	9.61727405E-4
-2.96077002E+3	9.71372065E-4
-2.95504004E+3	9.65804560E-4
-2.94905005E+3	9.64888779E-4
-2.94323999E+3	9.71186091E-4
-2.93829004E+3	9.72276088E-4
-2.93094995E+3	9.70083580E-4
-2.92497998E+3	9.68198699E-4
-2.91994995E+3	9.72723647E-4
-2.91361011E+3	9.73404036E-4
-2.90782007E+3	9.75504634E-4
-2.90157007E+3	9.69352724E-4
-2.89558008E+3	9.69518500E-4
-2.89053003E+3	9.71709262E-4
-2.88493994E+3	9.68053413E-4
-2.87783008E+3	9.66630178E-4
-2.87190991E+3	9.72433016E-4
-2.86610010E+3	9.71325615E-4
-2.86010010E+3	9.68956330E-4
-2.85428003E+3	9.71431553E-4
-2.84860010E+3	9.66503809E-4
-2.84244995E+3	9.63997853E-4
-2.83667993E+3	9.64158680E-4
-2.83183008E+3	9.65285522E-4
-2.82504004E+3	9.63890925E-4
-2.81873999E+3	9.59814643E-4
-2.81282007E+3	9.59615922E-4
-2.80691992E+3	9.64359788E-4
-2.80094995E+3	9.68400564E-4
-2.79491992E+3	9.64296516E-4
-2.78922998E+3	9.67448635E-4
-2.78377002E+3	9.69119370E-4
-2.77826001E+3	9.65425221E-4
-2.77101001E+3	9.59722267E-4
-2.76618994E+3	9.62195685E-4
-2.75926001E+3	9.67667089E-4
-2.75438989E+3	9.66945954E-4
-2.74840991E+3	9.64107574E-4
-2.74215991E+3	9.58125864E-4
-2.73610010E+3	9.58227552E-4
-2.73010010E+3	9.54364543E-4
-2.72425000E+3	9.56021890E-4
-2.71727002E+3	9.58678254E-4
-2.71267993E+3	9.58639546E-4
-2.70583008E+3	9.55573691E-4
-2.69992993E+3	9.49699141E-4
-2.69464990E+3	9.49498266E-4
-2.68875000E+3	9.51808121E-4
-2.68294995E+3	9.52423434E-4
-2.67693994E+3	9.56484408E-4
-2.67104004E+3	9.58337332E-4
-2.66497998E+3	9.54851741E-4
-2.65911011E+3	9.53897601E-4
-2.65219995E+3	9.55407741E-4
-2.64757007E+3	9.60589154E-4
-2.64113989E+3	9.68312728E-4
-2.63547998E+3	9.64107690E-4
-2.62912012E+3	9.59817262E-4
-2.62339990E+3	9.63599188E-4
-2.61780005E+3	9.60165693E-4
-2.61159009E+3	9.66591353E-4
-2.60455005E+3	9.71327652E-4
-2.59866992E+3	9.72130510E-4
-2.59268994E+3	9.77903488E-4
-2.58658008E+3	9.71671427E-4
-2.58034009E+3	9.67620523E-4
-2.57451001E+3	9.71497793E-4
-2.56862988E+3	9.74032097E-4
-2.56263989E+3	9.72481444E-4
-2.55547998E+3	9.75007250E-4
-2.54962012E+3	9.75797942E-4
-2.54368994E+3	9.75176168E-4
-2.53760010E+3	9.75371804E-4
-2.53165991E+3	9.70691501E-4
-2.52550000E+3	9.70962166E-4
-2.51959009E+3	9.68481647E-4
-2.51380005E+3	9.67005210E-4
-2.50765991E+3	9.64384293E-4
-2.50060010E+3	9.59685538E-4
-2.49587012E+3	9.55964439E-4
-2.48869995E+3	9.54644347E-4
-2.48296997E+3	9.52533679E-4
-2.47700000E+3	9.52481583E-4
-2.47050000E+3	9.55972180E-4
-2.46473999E+3	9.58982739E-4
-2.45895996E+3	9.65142448E-4
-2.45337012E+3	9.64711769E-4
-2.44587012E+3	9.70237190E-4
-2.43978003E+3	9.72070789E-4
-2.43379004E+3	9.81006655E-4
-2.42775000E+3	9.77170770E-4
-2.42190991E+3	9.79623641E-4
-2.41587012E+3	9.76861804E-4
-2.40926001E+3	9.74851602E-4
-2.40323999E+3	9.74476745E-4
-2.39719995E+3	9.69397312E-4
-2.39131006E+3	9.71747737E-4
-2.38543994E+3	9.67950386E-4
-2.37834009E+3	9.67550965E-4
-2.37244995E+3	9.59714351E-4
-2.36695996E+3	9.59322380E-4
-2.35973999E+3	9.58502700E-4
-2.35385010E+3	9.61443351E-4
-2.34801001E+3	9.61695332E-4
-2.34202002E+3	9.59661498E-4
-2.33712988E+3	9.55084979E-4
-2.33000000E+3	9.51469701E-4
-2.32294995E+3	9.51849564E-4
-2.31804004E+3	9.51934257E-4
-2.31095996E+3	9.50603629E-4
-2.30487988E+3	9.54511401E-4
-2.29888989E+3	9.53191891E-4
-2.29323999E+3	9.52737930E-4
-2.28735010E+3	9.57018929E-4
-2.28014990E+3	9.59011668E-4
-2.27425000E+3	9.70125489E-4
-2.26722998E+3	9.72733949E-4
-2.26125000E+3	9.71722475E-4
-2.25502002E+3	9.72382782E-4
-2.25016992E+3	9.80984187E-4
-2.24407007E+3	9.79263335E-4
-2.23788989E+3	9.77461692E-4
-2.23096997E+3	9.77054005E-4
-2.22391992E+3	9.69376590E-4
-2.21900000E+3	9.67075175E-4
-2.21221997E+3	9.59484430E-4
-2.20541992E+3	9.58024990E-4
-2.19950000E+3	9.58137738E-4
-2.19362988E+3	9.57549142E-4
-2.18876001E+3	9.49355541E-4
-2.18185010E+3	9.44930012E-4
-2.17601001E+3	9.50652757E-4
-2.16992993E+3	9.51885537E-4
-2.16385010E+3	9.56445932E-4
-2.15839990E+3	9.53489158E-4
-2.15050000E+3	9.58067190E-4
-2.14467993E+3	9.58875695E-4
-2.13864990E+3	9.59044439E-4
-2.13248999E+3	9.61969374E-4
-2.12651001E+3	9.64349601E-4
-2.12042993E+3	9.61219252E-4
-2.11366992E+3	9.58802237E-4
-2.10848999E+3	9.55197203E-4
-2.10182007E+3	9.48802917E-4
-2.09490991E+3	9.50723595E-4
-2.08897998E+3	9.48687317E-4
-2.08342993E+3	9.45394859E-4
-2.07662988E+3	9.43841820E-4
-2.07072998E+3	9.40632483E-4
-2.06480005E+3	9.39700345E-4
-2.05865991E+3	9.45387816E-4
-2.05267993E+3	9.44707717E-4
-2.04659998E+3	9.44242522E-4
-2.03960999E+3	9.47203545E-4
-2.03359998E+3	9.44211904E-4
-2.02989001E+3	9.38865123E-4
-2.02866003E+3	9.42841638E-4
-2.02864001E+3	9.37775592E-4
-2.02863000E+3	9.38175886E-4
-2.02862000E+3	9.40312515E-4
-2.02862000E+3	9.37010976E-4
-2.02863000E+3	9.33133240E-4
-2.02864001E+3	9.35072545E-4
-2.02865002E+3	9.33464093E-4
-2.02866003E+3	9.35615972E-4
-2.02867004E+3	9.37908422E-4
-2.02868005E+3	9.40612634E-4
-2.02868994E+3	9.47736669E-4
-2.02868994E+3	9.45189211E-4
-2.02869995E+3	9.42310202E-4
-2.02870996E+3	9.47708148E-4
-2.02870996E+3	9.48544242E-4
-2.02871997E+3	9.52002069E-4
-2.02871997E+3	9.54469841E-4
-2.02871997E+3	9.60967154E-4
-2.02871997E+3	9.63897794E-4
-2.02871997E+3	9.64570267E-4
-2.02871997E+3	9.67810920E-4
-2.02871997E+3	9.75637871E-4
