# Mess-Beginn: 27.05.2019 16:02:37
# DTM-151	DTM-151
-4.06766992E+3	9.39514313E-4
-4.06764990E+3	9.35064454E-4
-4.06762988E+3	9.34018753E-4
-4.06761011E+3	9.39948484E-4
-4.06262988E+3	9.39493184E-4
-4.05687988E+3	9.41319799E-4
-4.05140991E+3	9.35583492E-4
-4.04689990E+3	9.37026518E-4
-4.04087988E+3	9.37547826E-4
-4.03508008E+3	9.38151963E-4
-4.03023999E+3	9.35498101E-4
-4.02408008E+3	9.38130950E-4
-4.01937012E+3	9.32217925E-4
-4.01431006E+3	9.32262628E-4
-4.00819995E+3	9.33505013E-4
-4.00221997E+3	9.35914053E-4
-3.99638989E+3	9.37195262E-4
-3.99015991E+3	9.32664785E-4
-3.98447998E+3	9.31160641E-4
-3.97862988E+3	9.34800075E-4
-3.97305005E+3	9.43497173E-4
-3.96712012E+3	9.40316997E-4
-3.96135010E+3	9.47631837E-4
-3.95548999E+3	9.43374413E-4
-3.94952002E+3	9.39867226E-4
-3.94270996E+3	9.39992548E-4
-3.93784009E+3	9.42929124E-4
-3.93153003E+3	9.46939283E-4
-3.92567993E+3	9.47690452E-4
-3.92000000E+3	9.48269386E-4
-3.91409009E+3	9.42167302E-4
-3.90903003E+3	9.46431712E-4
-3.90198999E+3	9.47325781E-4
-3.89605005E+3	9.51298804E-4
-3.89046997E+3	9.58694087E-4
-3.88463989E+3	9.55072755E-4
-3.87819995E+3	9.51987458E-4
-3.87305005E+3	9.48510889E-4
-3.86726001E+3	9.47473512E-4
-3.86132007E+3	9.46679618E-4
-3.85642993E+3	9.45254229E-4
-3.84950000E+3	9.46001441E-4
-3.84364990E+3	9.45787353E-4
-3.83773999E+3	9.43034363E-4
-3.83150000E+3	9.39843245E-4
-3.82562012E+3	9.41364793E-4
-3.81957007E+3	9.40087833E-4
-3.81429004E+3	9.40930680E-4
-3.80835010E+3	9.38425655E-4
-3.80251001E+3	9.34125448E-4
-3.79644995E+3	9.43225867E-4
-3.79177002E+3	9.43912601E-4
-3.78451001E+3	9.40898084E-4
-3.77864990E+3	9.35857708E-4
-3.77278003E+3	9.35486052E-4
-3.76665991E+3	9.35625401E-4
-3.76204004E+3	9.37702309E-4
-3.75517993E+3	9.38962854E-4
-3.74928003E+3	9.45316919E-4
-3.74341992E+3	9.51306545E-4
-3.73665991E+3	9.43590887E-4
-3.73076001E+3	9.38106212E-4
-3.72600000E+3	9.39830963E-4
-3.72023999E+3	9.44209285E-4
-3.71471997E+3	9.43292573E-4
-3.70875000E+3	9.40708152E-4
-3.70247998E+3	9.44586005E-4
-3.69658008E+3	9.47083579E-4
-3.69073999E+3	9.44768020E-4
-3.68541992E+3	9.40341561E-4
-3.67836011E+3	9.35106829E-4
-3.67247998E+3	9.36291297E-4
-3.66665991E+3	9.25504079E-4
-3.66073999E+3	9.31392016E-4
-3.65509009E+3	9.32642026E-4
-3.64987012E+3	9.34643089E-4
-3.64367993E+3	9.30067443E-4
-3.63766992E+3	9.24584398E-4
-3.63067993E+3	9.20932391E-4
-3.62568994E+3	9.25602333E-4
-3.61956006E+3	9.32021590E-4
-3.61354004E+3	9.35598160E-4
-3.60776001E+3	9.38306446E-4
-3.60181006E+3	9.32045863E-4
-3.59611011E+3	9.29588859E-4
-3.59037988E+3	9.27438319E-4
-3.58557007E+3	9.31621355E-4
-3.57864990E+3	9.34961950E-4
-3.57167993E+3	9.36292403E-4
-3.56592993E+3	9.33514617E-4
-3.56010010E+3	9.32016643E-4
-3.55435010E+3	9.28006077E-4
-3.54950000E+3	9.36321157E-4
-3.54360010E+3	9.40243190E-4
-3.53763989E+3	9.44318424E-4
-3.53133008E+3	9.48157453E-4
-3.52539990E+3	9.48582892E-4
-3.51915991E+3	9.47149179E-4
-3.51331006E+3	9.52150091E-4
-3.50693994E+3	9.55234689E-4
-3.50182007E+3	9.62300459E-4
-3.49586011E+3	9.67793458E-4
-3.48997998E+3	9.64893785E-4
-3.48419995E+3	9.56796401E-4
-3.47837012E+3	9.54260002E-4
-3.47253003E+3	9.50457936E-4
-3.46564990E+3	9.48428176E-4
-3.45979004E+3	9.53014591E-4
-3.45493994E+3	9.48551984E-4
-3.44802002E+3	9.46032407E-4
-3.44211011E+3	9.41038656E-4
-3.43706006E+3	9.38095152E-4
-3.43144995E+3	9.40494705E-4
-3.42620996E+3	9.44610103E-4
-3.41933008E+3	9.41026141E-4
-3.41356006E+3	9.40378755E-4
-3.40676001E+3	9.41352278E-4
-3.40100000E+3	9.38135665E-4
-3.39529004E+3	9.38836893E-4
-3.38955005E+3	9.35152057E-4
-3.38361011E+3	9.35583201E-4
-3.37766992E+3	9.37070174E-4
-3.37178003E+3	9.35439311E-4
-3.36655005E+3	9.36625351E-4
-3.35954004E+3	9.39952384E-4
-3.35447998E+3	9.37112723E-4
-3.34818994E+3	9.33977950E-4
-3.34241992E+3	9.33113159E-4
-3.33673999E+3	9.30897309E-4
-3.33077002E+3	9.38479032E-4
-3.32477002E+3	9.42278944E-4
-3.31871997E+3	9.42812709E-4
-3.31306006E+3	9.42510262E-4
-3.30708008E+3	9.39700985E-4
-3.30126001E+3	9.42419516E-4
-3.29507007E+3	9.52918141E-4
-3.28845996E+3	9.54952149E-4
-3.28337988E+3	9.52651026E-4
-3.27745996E+3	9.53425362E-4
-3.27154004E+3	9.49190755E-4
-3.26577002E+3	9.42321960E-4
-3.25968994E+3	9.41038597E-4
-3.25336011E+3	9.38276877E-4
-3.24738989E+3	9.41169623E-4
-3.24148999E+3	9.39760415E-4
-3.23537012E+3	9.31902963E-4
-3.23058008E+3	9.32781491E-4
-3.22473999E+3	9.37725650E-4
-3.21863989E+3	9.38648649E-4
-3.21282007E+3	9.36330529E-4
-3.20679004E+3	9.35272663E-4
-3.20102002E+3	9.36597295E-4
-3.19381006E+3	9.42555256E-4
-3.18915991E+3	9.40616010E-4
-3.18333008E+3	9.34996177E-4
-3.17705005E+3	9.39869438E-4
-3.17119995E+3	9.40894708E-4
-3.16514990E+3	9.41681268E-4
-3.15916992E+3	9.42999672E-4
-3.15341992E+3	9.44889616E-4
-3.14646997E+3	9.46636545E-4
-3.14165991E+3	9.49053210E-4
-3.13539990E+3	9.49554378E-4
-3.12946997E+3	9.51459573E-4
-3.12352002E+3	9.62177408E-4
-3.11788989E+3	9.61014186E-4
-3.11195996E+3	9.59683675E-4
-3.10608008E+3	9.55594005E-4
-3.10010010E+3	9.57084936E-4
-3.09501001E+3	9.60731762E-4
-3.08806006E+3	9.64290986E-4
-3.08188989E+3	9.57512064E-4
-3.07601001E+3	9.57783428E-4
-3.07031006E+3	9.56037256E-4
-3.06433008E+3	9.49340465E-4
-3.05848999E+3	9.49316134E-4
-3.05367993E+3	9.52433678E-4
-3.04789990E+3	9.52226110E-4
-3.04216992E+3	9.52193572E-4
-3.03578003E+3	9.48234519E-4
-3.02873999E+3	9.46823973E-4
-3.02293994E+3	9.46319720E-4
-3.01703003E+3	9.40818922E-4
-3.01106006E+3	9.39074904E-4
-3.00630005E+3	9.37946548E-4
-3.00034009E+3	9.38006502E-4
-2.99410010E+3	9.32797149E-4
-2.98918994E+3	9.38932702E-4
-2.98112012E+3	9.44017956E-4
-2.97640991E+3	9.48212983E-4
-2.96981006E+3	9.47531953E-4
-2.96385010E+3	9.52824776E-4
-2.95803003E+3	9.51525173E-4
-2.95214990E+3	9.51699272E-4
-2.94736011E+3	9.55885975E-4
-2.94055005E+3	9.54162620E-4
-2.93481006E+3	9.58677032E-4
-2.93012988E+3	9.57313809E-4
-2.92357007E+3	9.54376126E-4
-2.91672998E+3	9.57228534E-4
-2.91079004E+3	9.59576573E-4
-2.90497998E+3	9.57786164E-4
-2.89989990E+3	9.58434423E-4
-2.89395996E+3	9.63644590E-4
-2.88773999E+3	9.56581149E-4
-2.88287012E+3	9.58092452E-4
-2.87455005E+3	9.51303693E-4
-2.86953003E+3	9.49791400E-4
-2.86370996E+3	9.46783985E-4
-2.85754004E+3	9.40723752E-4
-2.85162012E+3	9.38923855E-4
-2.84685010E+3	9.37705103E-4
-2.83992993E+3	9.40168567E-4
-2.83404004E+3	9.38489276E-4
-2.82915991E+3	9.44458996E-4
-2.82139990E+3	9.50493268E-4
-2.81669995E+3	9.52804578E-4
-2.80959009E+3	9.57545883E-4
-2.80448999E+3	9.62211401E-4
-2.79866992E+3	9.61662794E-4
-2.79271997E+3	9.62268736E-4
-2.78685010E+3	9.61129321E-4
-2.78087988E+3	9.65893152E-4
-2.77497998E+3	9.67207190E-4
-2.76915991E+3	9.66792810E-4
-2.76319995E+3	9.62805236E-4
-2.75728003E+3	9.63145751E-4
-2.75094995E+3	9.56139702E-4
-2.74508008E+3	9.54226824E-4
-2.73926001E+3	9.56129807E-4
-2.73337988E+3	9.47395107E-4
-2.72751001E+3	9.47422173E-4
-2.72262988E+3	9.44607134E-4
-2.71579004E+3	9.39501042E-4
-2.70987988E+3	9.41275153E-4
-2.70287988E+3	9.37187870E-4
-2.69764990E+3	9.39826015E-4
-2.69182007E+3	9.39587480E-4
-2.68568994E+3	9.39977355E-4
-2.68086011E+3	9.40609258E-4
-2.67492993E+3	9.44391708E-4
-2.66905005E+3	9.44531348E-4
-2.66310010E+3	9.48571193E-4
-2.65656006E+3	9.53450392E-4
-2.64939990E+3	9.50679067E-4
-2.64462012E+3	9.55918338E-4
-2.63769995E+3	9.53707087E-4
-2.63196997E+3	9.58074874E-4
-2.62670996E+3	9.58370219E-4
-2.62097998E+3	9.56979580E-4
-2.61508008E+3	9.63008788E-4
-2.60784009E+3	9.65567946E-4
-2.60287988E+3	9.64125735E-4
-2.59687988E+3	9.61331476E-4
-2.58988989E+3	9.61234153E-4
-2.58401001E+3	9.55603202E-4
-2.57814990E+3	9.59623605E-4
-2.57225000E+3	9.58527031E-4
-2.56629004E+3	9.53464420E-4
-2.56022998E+3	9.48689179E-4
-2.55427002E+3	9.49765206E-4
-2.54731006E+3	9.47878929E-4
-2.54132007E+3	9.44229891E-4
-2.53568994E+3	9.45697189E-4
-2.52944995E+3	9.43596766E-4
-2.52336011E+3	9.47130146E-4
-2.51727002E+3	9.45915468E-4
-2.51111011E+3	9.40625148E-4
-2.50530005E+3	9.42878774E-4
-2.49977002E+3	9.48558794E-4
-2.49283008E+3	9.39553196E-4
-2.48589990E+3	9.38693411E-4
-2.47969995E+3	9.44264815E-4
-2.47478003E+3	9.41430335E-4
-2.46794995E+3	9.40314028E-4
-2.46207007E+3	9.39982187E-4
-2.45603003E+3	9.38293699E-4
-2.45004004E+3	9.38450044E-4
-2.44414990E+3	9.38238634E-4
-2.43747998E+3	9.36430530E-4
-2.43041992E+3	9.39327409E-4
-2.42576001E+3	9.44121915E-4
-2.41859009E+3	9.42453742E-4
-2.41281006E+3	9.47685621E-4
-2.40693994E+3	9.52983566E-4
-2.40119995E+3	9.51748516E-4
-2.39523999E+3	9.54260700E-4
-2.38830005E+3	9.54252027E-4
-2.38239990E+3	9.52283270E-4
-2.37536011E+3	9.57968645E-4
-2.36937012E+3	9.60533333E-4
-2.36350000E+3	9.57819691E-4
-2.35751001E+3	9.54172225E-4
-2.35082007E+3	9.52831120E-4
-2.34505005E+3	9.54517629E-4
-2.33906006E+3	9.55224910E-4
-2.33407007E+3	9.51699039E-4
-2.32704004E+3	9.55639756E-4
-2.32114990E+3	9.59064753E-4
-2.31526001E+3	9.55172465E-4
-2.30842993E+3	9.54261632E-4
-2.30226001E+3	9.54425428E-4
-2.29666992E+3	9.57025564E-4
-2.28952002E+3	9.55454656E-4
-2.28380005E+3	9.52619710E-4
-2.27797998E+3	9.56465083E-4
-2.27106006E+3	9.57062992E-4
-2.26535010E+3	9.57616896E-4
-2.25837012E+3	9.56933945E-4
-2.25241992E+3	9.53016628E-4
-2.24652002E+3	9.55663621E-4
-2.24069995E+3	9.52936185E-4
-2.23397998E+3	9.50135698E-4
-2.22801001E+3	9.45874606E-4
-2.22215991E+3	9.49591049E-4
-2.21506006E+3	9.46015411E-4
-2.20911011E+3	9.48990462E-4
-2.20287012E+3	9.47487017E-4
-2.19710010E+3	9.48372821E-4
-2.19110010E+3	9.51575930E-4
-2.18512988E+3	9.51070571E-4
-2.17905005E+3	9.55199241E-4
-2.17284009E+3	9.59134661E-4
-2.16713989E+3	9.65215673E-4
-2.16064990E+3	9.61701851E-4
-2.15351001E+3	9.63199593E-4
-2.14771997E+3	9.59908240E-4
-2.14151001E+3	9.64362815E-4
-2.13553003E+3	9.67361731E-4
-2.12969995E+3	9.67431231E-4
-2.12317993E+3	9.68954875E-4
-2.11743994E+3	9.66765452E-4
-2.11151001E+3	9.65440180E-4
-2.10573999E+3	9.65191110E-4
-2.09967993E+3	9.62393940E-4
-2.09308008E+3	9.60819132E-4
-2.08612012E+3	9.59331053E-4
-2.08018994E+3	9.56270087E-4
-2.07400000E+3	9.51826514E-4
-2.06817993E+3	9.50248737E-4
-2.06218994E+3	9.44121857E-4
-2.05618994E+3	9.45301959E-4
-2.05020996E+3	9.43491817E-4
-2.04310999E+3	9.40869504E-4
-2.03703003E+3	9.45042062E-4
-2.03106995E+3	9.45598120E-4
-2.02968994E+3	9.49663401E-4
-2.02862000E+3	9.49124922E-4
-2.02860999E+3	9.55124735E-4
-2.02862000E+3	9.59342113E-4
-2.02863000E+3	9.59297235E-4
-2.02864001E+3	9.61508485E-4
-2.02865002E+3	9.60834499E-4
-2.02867004E+3	9.66500666E-4
-2.02868994E+3	9.60116973E-4
-2.02869995E+3	9.63741739E-4
-2.02870996E+3	9.65409679E-4
-2.02871997E+3	9.66328487E-4
-2.02871997E+3	9.62399354E-4
-2.02872998E+3	9.55000811E-4
-2.02873999E+3	9.62164660E-4
-2.02873999E+3	9.67285072E-4
-2.02875000E+3	9.70779860E-4
-2.02876001E+3	9.67996253E-4
-2.02877002E+3	9.74988216E-4
-2.02877002E+3	9.69084736E-4
-2.02877002E+3	9.65037500E-4
-2.02877002E+3	9.61919024E-4
-2.02877002E+3	9.61699989E-4
-2.02877002E+3	9.66011081E-4
-2.02877002E+3	9.60426987E-4
-2.02877002E+3	9.49540932E-4
-2.02877002E+3	9.44430416E-4
-2.02877002E+3	9.40932368E-4
-2.02877002E+3	9.38988174E-4
-2.02876001E+3	9.44031926E-4
-2.02876001E+3	9.42112063E-4
-2.02876001E+3	9.40832542E-4
-2.02876001E+3	9.46509186E-4
-2.02875000E+3	9.41020087E-4
-2.02875000E+3	9.40076832E-4
-2.02875000E+3	9.49084526E-4
-2.02875000E+3	9.48598550E-4
-2.02873999E+3	9.48441506E-4
-2.02873999E+3	9.52995964E-4
-2.02873999E+3	9.51246766E-4
-2.02873999E+3	9.53838578E-4
-2.02873999E+3	9.61282523E-4
-2.02872998E+3	9.54008021E-4
-2.02872998E+3	9.54729214E-4
-2.02872998E+3	9.60167730E-4
-2.02872998E+3	9.53885610E-4
-2.02872998E+3	9.51553986E-4
-2.02872998E+3	9.53026640E-4
-2.02872998E+3	9.44781641E-4
-2.02872998E+3	9.40518221E-4
-2.02871997E+3	9.40648082E-4
-2.02871997E+3	9.37381410E-4
-2.02872998E+3	9.35510034E-4
-2.02872998E+3	9.42468760E-4
-2.02872998E+3	9.41742328E-4
-2.02872998E+3	9.42173530E-4
-2.02871997E+3	9.52639268E-4
-2.02871997E+3	9.55341093E-4
-2.02871997E+3	9.57971788E-4
-2.02871997E+3	9.59433615E-4
-2.02871997E+3	9.55683878E-4
-2.02871997E+3	9.53691371E-4
-2.02871997E+3	9.52586415E-4
-2.02870996E+3	9.51330177E-4
-2.02870996E+3	9.49546346E-4
-2.02869995E+3	9.52634495E-4
-2.02870996E+3	9.44643398E-4
-2.02870996E+3	9.44203231E-4
-2.02870996E+3	9.43610154E-4
-2.02871997E+3	9.46619955E-4
-2.02870996E+3	9.55170370E-4
-2.02870996E+3	9.52747418E-4
-2.02870996E+3	9.58374760E-4
-2.02869995E+3	9.55750118E-4
-2.02868994E+3	9.55488242E-4
-2.02868994E+3	9.54338699E-4
-2.02869995E+3	9.55792842E-4
-2.02868994E+3	9.57108394E-4
-2.02869995E+3	9.63758677E-4
-2.02869995E+3	9.60488396E-4
-2.02869995E+3	9.56630101E-4
-2.02869995E+3	9.61179205E-4
-2.02870996E+3	9.64564097E-4
-2.02870996E+3	9.69321292E-4
-2.02871997E+3	9.75436880E-4
-2.02871997E+3	9.80454963E-4
-2.02871997E+3	9.82237863E-4
-2.02871997E+3	9.79260658E-4
-2.02870996E+3	9.74796014E-4
-2.02869995E+3	9.75617499E-4
-2.02869995E+3	9.73896938E-4
-2.02869995E+3	9.69615823E-4
-2.02869995E+3	9.62308550E-4
-2.02869995E+3	9.62922873E-4
-2.02869995E+3	9.54941206E-4
-2.02869995E+3	9.46869841E-4
-2.02869995E+3	9.46009706E-4
-2.02869995E+3	9.49406589E-4
-2.02869995E+3	9.48172587E-4
-2.02869995E+3	9.48877947E-4
-2.02869995E+3	9.50413698E-4
-2.02869995E+3	9.55238589E-4
-2.02869995E+3	9.57321958E-4
-2.02869995E+3	9.52908478E-4
-2.02870996E+3	9.56455828E-4
-2.02869995E+3	9.60658130E-4
-2.02869995E+3	9.61862737E-4
-2.02869995E+3	9.64180741E-4
-2.02869995E+3	9.65965039E-4
-2.02869995E+3	9.71688482E-4
-2.02869995E+3	9.70510475E-4
-2.02869995E+3	9.71481786E-4
-2.02868994E+3	9.72808513E-4
-2.02868994E+3	9.76468436E-4
-2.02868994E+3	9.73533664E-4
-2.02868994E+3	9.70915833E-4
-2.02868994E+3	9.66474472E-4
-2.02868994E+3	9.61158774E-4
-2.02868994E+3	9.61242185E-4
-2.02868994E+3	9.57744545E-4
-2.02868994E+3	9.56125790E-4
-2.02868994E+3	9.49593319E-4
-2.02868994E+3	9.48187546E-4
-2.02869995E+3	9.47459601E-4
-2.02869995E+3	9.48157802E-4
-2.02869995E+3	9.48648027E-4
-2.02868994E+3	9.54310468E-4
-2.02868994E+3	9.51949216E-4
