# Mess-Beginn: 27.05.2019 16:08:10
# DTM-151	DTM-151
-4.06752002E+3	9.39527643E-4
-4.06752002E+3	9.38537007E-4
-4.06751001E+3	9.43114748E-4
-4.06750000E+3	9.43659688E-4
-4.06511011E+3	9.38005105E-4
-4.06016992E+3	9.33720032E-4
-4.05419995E+3	9.33694770E-4
-4.04933008E+3	9.41406121E-4
-4.04363989E+3	9.42331855E-4
-4.03765991E+3	9.38537123E-4
-4.03170996E+3	9.38223384E-4
-4.02695996E+3	9.37235833E-4
-4.02118994E+3	9.36974189E-4
-4.01502002E+3	9.33671661E-4
-4.00807007E+3	9.39883699E-4
-4.00235010E+3	9.51423310E-4
-3.99662012E+3	9.50564456E-4
-3.99066992E+3	9.48362111E-4
-3.98484009E+3	9.47170658E-4
-3.97906006E+3	9.49006993E-4
-3.97315991E+3	9.48266708E-4
-3.96845996E+3	9.48190573E-4
-3.96237988E+3	9.48055647E-4
-3.95529004E+3	9.51346941E-4
-3.94947998E+3	9.52672213E-4
-3.94458008E+3	9.45608132E-4
-3.93812012E+3	9.49962530E-4
-3.93229004E+3	9.47003078E-4
-3.92729004E+3	9.48923465E-4
-3.92087988E+3	9.50259680E-4
-3.91479004E+3	9.51126392E-4
-3.90800000E+3	9.49196983E-4
-3.90294995E+3	9.45620355E-4
-3.89696997E+3	9.42335289E-4
-3.89122998E+3	9.41872306E-4
-3.88631006E+3	9.46906977E-4
-3.87959009E+3	9.46899119E-4
-3.87370996E+3	9.53981304E-4
-3.86888989E+3	9.52032104E-4
-3.86096997E+3	9.50346352E-4
-3.85623999E+3	9.49874287E-4
-3.84985010E+3	9.56394244E-4
-3.84384009E+3	9.62161634E-4
-3.83769995E+3	9.67313885E-4
-3.83150000E+3	9.65665618E-4
-3.82639990E+3	9.63518047E-4
-3.82161011E+3	9.58578777E-4
-3.81478003E+3	9.48869216E-4
-3.80987012E+3	9.49742913E-4
-3.80342993E+3	9.49972484E-4
-3.79768994E+3	9.50675691E-4
-3.79086011E+3	9.50086047E-4
-3.78519995E+3	9.41959384E-4
-3.77917993E+3	9.37723438E-4
-3.77438989E+3	9.34901182E-4
-3.76837988E+3	9.31230607E-4
-3.76223999E+3	9.30886075E-4
-3.75533008E+3	9.33776610E-4
-3.74945996E+3	9.31077811E-4
-3.74369995E+3	9.36331169E-4
-3.73900000E+3	9.32571420E-4
-3.73211011E+3	9.27219109E-4
-3.72694995E+3	9.28370224E-4
-3.72072998E+3	9.26359964E-4
-3.71492993E+3	9.30259819E-4
-3.70945996E+3	9.29338916E-4
-3.70332007E+3	9.27688845E-4
-3.69837988E+3	9.25051922E-4
-3.69144995E+3	9.27806424E-4
-3.68560010E+3	9.26484412E-4
-3.67907007E+3	9.29106143E-4
-3.67327002E+3	9.33213625E-4
-3.66852002E+3	9.35325108E-4
-3.66266992E+3	9.36716562E-4
-3.65553003E+3	9.32740164E-4
-3.65052002E+3	9.34853510E-4
-3.64448999E+3	9.41332139E-4
-3.63812988E+3	9.44613945E-4
-3.63235010E+3	9.47541557E-4
-3.62619995E+3	9.40140046E-4
-3.62051001E+3	9.40668047E-4
-3.61483008E+3	9.41551640E-4
-3.60880005E+3	9.47903027E-4
-3.60303003E+3	9.46210406E-4
-3.59712988E+3	9.47436318E-4
-3.59102002E+3	9.42022947E-4
-3.58521997E+3	9.38060577E-4
-3.57886011E+3	9.39290039E-4
-3.57300000E+3	9.33128409E-4
-3.56714990E+3	9.32090217E-4
-3.56135010E+3	9.32065828E-4
-3.55552002E+3	9.28007415E-4
-3.55050000E+3	9.20668186E-4
-3.54386011E+3	9.22700914E-4
-3.53681006E+3	9.23246203E-4
-3.53190991E+3	9.30502894E-4
-3.52570996E+3	9.30474082E-4
-3.51975000E+3	9.30297945E-4
-3.51402002E+3	9.31349059E-4
-3.50857007E+3	9.33363102E-4
-3.50265991E+3	9.34970914E-4
-3.49678003E+3	9.37865640E-4
-3.49056006E+3	9.36664874E-4
-3.48467993E+3	9.33290168E-4
-3.47843994E+3	9.28245136E-4
-3.47290991E+3	9.23707150E-4
-3.46669995E+3	9.22704232E-4
-3.46081006E+3	9.20748862E-4
-3.45606006E+3	9.23193991E-4
-3.44944995E+3	9.27229004E-4
-3.44361011E+3	9.25241387E-4
-3.43862012E+3	9.27651010E-4
-3.43277002E+3	9.26410197E-4
-3.42526001E+3	9.26916488E-4
-3.41933008E+3	9.29309055E-4
-3.41351001E+3	9.31226590E-4
-3.40778003E+3	9.30606795E-4
-3.40188989E+3	9.33531614E-4
-3.39693994E+3	9.28647816E-4
-3.39066992E+3	9.29665985E-4
-3.38511011E+3	9.30779439E-4
-3.37763989E+3	9.25072527E-4
-3.37164990E+3	9.25923465E-4
-3.36584009E+3	9.27918823E-4
-3.36115991E+3	9.30340437E-4
-3.35417993E+3	9.38533980E-4
-3.34897998E+3	9.42890998E-4
-3.34281006E+3	9.40316939E-4
-3.33808008E+3	9.44522675E-4
-3.33211011E+3	9.37908480E-4
-3.32587012E+3	9.38515237E-4
-3.31968994E+3	9.39850404E-4
-3.31397998E+3	9.44936299E-4
-3.30695996E+3	9.51473310E-4
-3.30119995E+3	9.50893562E-4
-3.29525000E+3	9.45971115E-4
-3.29004004E+3	9.43509513E-4
-3.28359009E+3	9.43714113E-4
-3.27861011E+3	9.44260799E-4
-3.27321997E+3	9.48235625E-4
-3.26650000E+3	9.44018830E-4
-3.26053003E+3	9.46711167E-4
-3.25536011E+3	9.47098306E-4
-3.24822998E+3	9.41360428E-4
-3.24236011E+3	9.43521678E-4
-3.23659009E+3	9.42877727E-4
-3.23087012E+3	9.41354723E-4
-3.22482007E+3	9.40897909E-4
-3.22003003E+3	9.43364808E-4
-3.21276001E+3	9.41656413E-4
-3.20681006E+3	9.43224411E-4
-3.20079004E+3	9.42002633E-4
-3.19493994E+3	9.38153302E-4
-3.18906006E+3	9.37798293E-4
-3.18317993E+3	9.39229096E-4
-3.17802002E+3	9.37238161E-4
-3.17202002E+3	9.44110623E-4
-3.16709009E+3	9.48777015E-4
-3.16013989E+3	9.45527921E-4
-3.15369995E+3	9.52629256E-4
-3.14777002E+3	9.56751872E-4
-3.14188989E+3	9.58533958E-4
-3.13590991E+3	9.60256846E-4
-3.13062012E+3	9.64568753E-4
-3.12463989E+3	9.64665145E-4
-3.11873999E+3	9.68276989E-4
-3.11272998E+3	9.67031228E-4
-3.10585010E+3	9.69976361E-4
-3.10114990E+3	9.73579532E-4
-3.09439990E+3	9.69211862E-4
-3.08857007E+3	9.72484762E-4
-3.08291992E+3	9.71518632E-4
-3.07727002E+3	9.70553374E-4
-3.07128003E+3	9.70849534E-4
-3.06550000E+3	9.68024659E-4
-3.06011011E+3	9.64523409E-4
-3.05316992E+3	9.60981939E-4
-3.04834009E+3	9.56081669E-4
-3.04251001E+3	9.54627350E-4
-3.03567993E+3	9.52921575E-4
-3.02982007E+3	9.52988456E-4
-3.02386011E+3	9.53696377E-4
-3.01787012E+3	9.54262679E-4
-3.01209009E+3	9.51296708E-4
-3.00610010E+3	9.57768119E-4
-3.00137988E+3	9.61965357E-4
-2.99387012E+3	9.64994309E-4
-2.98785010E+3	9.63005645E-4
-2.98315991E+3	9.61270416E-4
-2.97603003E+3	9.70744179E-4
-2.97035010E+3	9.67339263E-4
-2.96572998E+3	9.68820998E-4
-2.95973999E+3	9.67243570E-4
-2.95347998E+3	9.67301195E-4
-2.94771997E+3	9.61127225E-4
-2.94064990E+3	9.59840196E-4
-2.93486011E+3	9.58600955E-4
-2.92887012E+3	9.58029588E-4
-2.92303003E+3	9.59270401E-4
-2.91784009E+3	9.52174771E-4
-2.91171997E+3	9.51702474E-4
-2.90592993E+3	9.50257236E-4
-2.89962988E+3	9.48484696E-4
-2.89409009E+3	9.55008494E-4
-2.88768994E+3	9.56946053E-4
-2.88177002E+3	9.57033422E-4
-2.87578003E+3	9.55738826E-4
-2.87012012E+3	9.55837546E-4
-2.86428003E+3	9.55301686E-4
-2.85805005E+3	9.57700249E-4
-2.85294995E+3	9.57648212E-4
-2.84706006E+3	9.59637517E-4
-2.84118994E+3	9.63656406E-4
-2.83413989E+3	9.55233816E-4
-2.82809009E+3	9.54487477E-4
-2.82270996E+3	9.54841555E-4
-2.81668994E+3	9.57035983E-4
-2.81051001E+3	9.60702542E-4
-2.80533008E+3	9.58668825E-4
-2.79926001E+3	9.54891264E-4
-2.79340991E+3	9.56776377E-4
-2.78859009E+3	9.58040240E-4
-2.78062012E+3	9.62759077E-4
-2.77538989E+3	9.71683185E-4
-2.77046997E+3	9.71964037E-4
-2.76345996E+3	9.75270115E-4
-2.75745996E+3	9.77745978E-4
-2.75151001E+3	9.75283794E-4
-2.74684009E+3	9.77706048E-4
-2.74079004E+3	9.82352416E-4
-2.73456006E+3	9.81892226E-4
-2.72793994E+3	9.80120967E-4
-2.72198999E+3	9.75262315E-4
-2.71604004E+3	9.66841530E-4
-2.71013989E+3	9.65824060E-4
-2.70429004E+3	9.53769893E-4
-2.69848999E+3	9.49080102E-4
-2.69252002E+3	9.51109454E-4
-2.68659009E+3	9.50169808E-4
-2.68065991E+3	9.47286899E-4
-2.67421997E+3	9.40850819E-4
-2.66927002E+3	9.42867598E-4
-2.66236011E+3	9.43453808E-4
-2.65642993E+3	9.51938506E-4
-2.65152002E+3	9.47275548E-4
-2.64518994E+3	9.56331205E-4
-2.63959009E+3	9.60368023E-4
-2.63333008E+3	9.65154381E-4
-2.62737988E+3	9.69228509E-4
-2.62029004E+3	9.67108237E-4
-2.61443994E+3	9.79146687E-4
-2.60847998E+3	9.73730988E-4
-2.60267993E+3	9.76175594E-4
-2.59694995E+3	9.75905336E-4
-2.59093994E+3	9.82528203E-4
-2.58609009E+3	9.77708027E-4
-2.57963989E+3	9.73139482E-4
-2.57353003E+3	9.65159386E-4
-2.56750000E+3	9.60751262E-4
-2.56061011E+3	9.61627811E-4
-2.55439990E+3	9.56062810E-4
-2.54785010E+3	9.60496895E-4
-2.54225000E+3	9.55825031E-4
-2.53577002E+3	9.50187678E-4
-2.52988989E+3	9.51156428E-4
-2.52377002E+3	9.52817500E-4
-2.51807007E+3	9.50911257E-4
-2.51203003E+3	9.50122194E-4
-2.50581006E+3	9.47924738E-4
-2.49868994E+3	9.50470450E-4
-2.49391992E+3	9.52990958E-4
-2.48712988E+3	9.49892856E-4
-2.48112012E+3	9.49494191E-4
-2.47522998E+3	9.46780201E-4
-2.46927002E+3	9.44976287E-4
-2.46353003E+3	9.46943881E-4
-2.45669995E+3	9.50004032E-4
-2.44962988E+3	9.48023284E-4
-2.44353003E+3	9.53334675E-4
-2.43759009E+3	9.50984308E-4
-2.43190991E+3	9.47092252E-4
-2.42587012E+3	9.49152745E-4
-2.41978003E+3	9.50438669E-4
-2.41395996E+3	9.53831070E-4
-2.40840991E+3	9.57662996E-4
-2.40140991E+3	9.57424636E-4
-2.39539990E+3	9.58802062E-4
-2.38963989E+3	9.67785658E-4
-2.38298999E+3	9.73511720E-4
-2.37677002E+3	9.77296964E-4
-2.36997998E+3	9.78240510E-4
-2.36432007E+3	9.80041572E-4
-2.35830005E+3	9.87050822E-4
-2.35214990E+3	9.82223311E-4
-2.34617993E+3	9.77450516E-4
-2.34015991E+3	9.83826234E-4
-2.33416992E+3	9.78531898E-4
-2.32716992E+3	9.77782882E-4
-2.32116992E+3	9.72455658E-4
-2.31512988E+3	9.72605660E-4
-2.30900000E+3	9.72381094E-4
-2.30315991E+3	9.72922309E-4
-2.29752002E+3	9.68618668E-4
-2.29115991E+3	9.71425441E-4
-2.28401001E+3	9.70241148E-4
-2.27832007E+3	9.58315213E-4
-2.27132007E+3	9.62496386E-4
-2.26652002E+3	9.60939098E-4
-2.25935010E+3	9.55468044E-4
-2.25337012E+3	9.54750227E-4
-2.24721997E+3	9.56296280E-4
-2.24125000E+3	9.51123657E-4
-2.23532007E+3	9.46267915E-4
-2.22872998E+3	9.49711422E-4
-2.22362988E+3	9.47698194E-4
-2.21687988E+3	9.52628790E-4
-2.21003003E+3	9.51227674E-4
-2.20383008E+3	9.44944681E-4
-2.19785010E+3	9.55415482E-4
-2.19280005E+3	9.55238065E-4
-2.18589990E+3	9.58106364E-4
-2.17965991E+3	9.57448734E-4
-2.17358008E+3	9.63175669E-4
-2.16730005E+3	9.61009064E-4
-2.16141992E+3	9.63734870E-4
-2.15593994E+3	9.62369551E-4
-2.14894995E+3	9.60950973E-4
-2.14291992E+3	9.65322950E-4
-2.13739990E+3	9.59183555E-4
-2.13114990E+3	9.53639857E-4
-2.12450000E+3	9.47377819E-4
-2.11855005E+3	9.50839836E-4
-2.11257007E+3	9.49865382E-4
-2.10532007E+3	9.50251124E-4
-2.09932007E+3	9.52596485E-4
-2.09354004E+3	9.54414136E-4
-2.08702002E+3	9.58798453E-4
-2.08109009E+3	9.59829893E-4
-2.07520996E+3	9.54345451E-4
-2.06929004E+3	9.56796866E-4
-2.06247998E+3	9.61909478E-4
-2.05667993E+3	9.59593279E-4
-2.05190991E+3	9.61033744E-4
-2.04378003E+3	9.59059340E-4
-2.03788000E+3	9.57924582E-4
-2.03219995E+3	9.59846540E-4
-2.02960999E+3	9.58991528E-4
-2.02950000E+3	9.60087520E-4
-2.02937000E+3	9.71672765E-4
-2.02927002E+3	9.72851878E-4
-2.02918994E+3	9.79498262E-4
-2.02913000E+3	9.81647638E-4
-2.02907996E+3	9.82283498E-4
-2.02904004E+3	9.83232749E-4
-2.02900000E+3	9.85032413E-4
-2.02897998E+3	9.85394232E-4
-2.02895996E+3	9.86462692E-4
-2.02893994E+3	9.88671673E-4
-2.02892004E+3	9.82669881E-4
-2.02889001E+3	9.82976868E-4
-2.02888000E+3	9.75045550E-4
-2.02887000E+3	9.77616874E-4
-2.02885999E+3	9.77790449E-4
-2.02883997E+3	9.80985002E-4
-2.02883997E+3	9.80983954E-4
-2.02882996E+3	9.78493365E-4
-2.02882996E+3	9.81358578E-4
-2.02882996E+3	9.81729710E-4
-2.02881995E+3	9.85340565E-4
-2.02881995E+3	9.87440581E-4
-2.02881006E+3	9.85271996E-4
-2.02881006E+3	9.84110753E-4
-2.02880005E+3	9.77569376E-4
-2.02881006E+3	9.74255207E-4
-2.02881006E+3	9.68097709E-4
-2.02881006E+3	9.70479508E-4
-2.02880005E+3	9.67082509E-4
-2.02880005E+3	9.68235836E-4
-2.02879004E+3	9.64940584E-4
-2.02879004E+3	9.57946875E-4
-2.02879004E+3	9.54787771E-4
-2.02880005E+3	9.50073299E-4
-2.02880005E+3	9.56873992E-4
-2.02879004E+3	9.56942735E-4
-2.02879004E+3	9.62546619E-4
-2.02880005E+3	9.59201658E-4
-2.02880005E+3	9.57603101E-4
-2.02880005E+3	9.51023190E-4
-2.02879004E+3	9.52924020E-4
-2.02879004E+3	9.61125479E-4
-2.02879004E+3	9.63892671E-4
-2.02878003E+3	9.63699888E-4
-2.02878003E+3	9.60993348E-4
-2.02878003E+3	9.57252167E-4
-2.02878003E+3	9.58110846E-4
-2.02877002E+3	9.57428652E-4
-2.02877002E+3	9.53807437E-4
-2.02877002E+3	9.51993628E-4
-2.02877002E+3	9.47605469E-4
-2.02877002E+3	9.45844979E-4
-2.02876001E+3	9.42599028E-4
-2.02876001E+3	9.46971006E-4
-2.02876001E+3	9.44086118E-4
-2.02875000E+3	9.48987377E-4
-2.02875000E+3	9.49595997E-4
-2.02876001E+3	9.49568523E-4
-2.02876001E+3	9.53781011E-4
-2.02876001E+3	9.62506863E-4
-2.02875000E+3	9.64803039E-4
-2.02875000E+3	9.58431920E-4
-2.02873999E+3	9.60449863E-4
-2.02873999E+3	9.56289063E-4
