# Mess-Beginn: 27.05.2019 16:12:47
# DTM-151	DTM-151
-4.06804004E+3	9.41687089E-4
-4.06800000E+3	9.37734090E-4
-4.06794995E+3	9.38606390E-4
-4.06396997E+3	9.39847145E-4
-4.05929004E+3	9.38468322E-4
-4.05311011E+3	9.37032106E-4
-4.04706006E+3	9.37021454E-4
-4.04108008E+3	9.40592610E-4
-4.03638989E+3	9.38449346E-4
-4.03013989E+3	9.36856901E-4
-4.02539990E+3	9.38225712E-4
-4.01859009E+3	9.37953708E-4
-4.01295996E+3	9.37239151E-4
-4.00704004E+3	9.31324961E-4
-4.00103003E+3	9.33777832E-4
-3.99415991E+3	9.34954500E-4
-3.98962012E+3	9.40446742E-4
-3.98377002E+3	9.43334715E-4
-3.97748999E+3	9.41675331E-4
-3.97179004E+3	9.45420587E-4
-3.96590991E+3	9.45439213E-4
-3.95987988E+3	9.45392123E-4
-3.95404004E+3	9.43989318E-4
-3.94820996E+3	9.48087953E-4
-3.94237988E+3	9.42774001E-4
-3.93630005E+3	9.37821285E-4
-3.93034009E+3	9.34124342E-4
-3.92463989E+3	9.31125367E-4
-3.91977002E+3	9.29997943E-4
-3.91277002E+3	9.29910631E-4
-3.90797998E+3	9.26826731E-4
-3.90094995E+3	9.29690024E-4
-3.89498999E+3	9.36502009E-4
-3.88908008E+3	9.34274460E-4
-3.88323999E+3	9.35651420E-4
-3.87731006E+3	9.35662247E-4
-3.87245996E+3	9.38168960E-4
-3.86548999E+3	9.34536860E-4
-3.85962012E+3	9.36507306E-4
-3.85471997E+3	9.32439580E-4
-3.84865991E+3	9.28405498E-4
-3.84158008E+3	9.28182330E-4
-3.83568994E+3	9.23204701E-4
-3.83036011E+3	9.24739637E-4
-3.82458008E+3	9.30151436E-4
-3.81876001E+3	9.39481310E-4
-3.81310010E+3	9.36873897E-4
-3.80711011E+3	9.43624356E-4
-3.80109009E+3	9.47045628E-4
-3.79551001E+3	9.45667212E-4
-3.78945996E+3	9.45586653E-4
-3.78316992E+3	9.42929822E-4
-3.77742993E+3	9.39999241E-4
-3.77253003E+3	9.39336722E-4
-3.76573999E+3	9.39961930E-4
-3.75989990E+3	9.32042429E-4
-3.75390991E+3	9.33264673E-4
-3.74784009E+3	9.30655224E-4
-3.74193994E+3	9.26888024E-4
-3.73695996E+3	9.26990702E-4
-3.72977002E+3	9.32330557E-4
-3.72394995E+3	9.31870600E-4
-3.71806006E+3	9.35277669E-4
-3.71285010E+3	9.35790245E-4
-3.70758008E+3	9.29261732E-4
-3.70072998E+3	9.37487057E-4
-3.69586011E+3	9.38198064E-4
-3.69016992E+3	9.38575948E-4
-3.68281006E+3	9.38258949E-4
-3.67697998E+3	9.42925457E-4
-3.67231006E+3	9.44867672E-4
-3.66534009E+3	9.45447711E-4
-3.66055005E+3	9.47960769E-4
-3.65432007E+3	9.52576811E-4
-3.64819995E+3	9.58891702E-4
-3.64278003E+3	9.53138864E-4
-3.63665991E+3	9.51725524E-4
-3.63070996E+3	9.43817664E-4
-3.62478003E+3	9.47694585E-4
-3.61788989E+3	9.47644818E-4
-3.61215991E+3	9.48120491E-4
-3.60629004E+3	9.51957249E-4
-3.60051001E+3	9.51755152E-4
-3.59458008E+3	9.45773791E-4
-3.58982007E+3	9.44550440E-4
-3.58345996E+3	9.50479065E-4
-3.57643994E+3	9.52980714E-4
-3.57061011E+3	9.60072852E-4
-3.56577002E+3	9.63463332E-4
-3.55872998E+3	9.70841851E-4
-3.55289990E+3	9.69457731E-4
-3.54781006E+3	9.71938716E-4
-3.54197998E+3	9.75190022E-4
-3.53614990E+3	9.77550866E-4
-3.53068994E+3	9.78621305E-4
-3.52426001E+3	9.77823744E-4
-3.51947998E+3	9.79135977E-4
-3.51228003E+3	9.81233548E-4
-3.50602002E+3	9.83308884E-4
-3.50023999E+3	9.79834353E-4
-3.49454004E+3	9.76893352E-4
-3.48827002E+3	9.74688330E-4
-3.48238989E+3	9.71496804E-4
-3.47735010E+3	9.75075818E-4
-3.47179004E+3	9.75024072E-4
-3.46456006E+3	9.77556570E-4
-3.45862012E+3	9.77550633E-4
-3.45261011E+3	9.74624767E-4
-3.44776001E+3	9.66307300E-4
-3.44155005E+3	9.64298844E-4
-3.43559009E+3	9.69139161E-4
-3.42946997E+3	9.70360998E-4
-3.42430005E+3	9.64999024E-4
-3.41831006E+3	9.60783975E-4
-3.41255005E+3	9.59051715E-4
-3.40662988E+3	9.56772652E-4
-3.40022998E+3	9.57333483E-4
-3.39454004E+3	9.59737285E-4
-3.38847998E+3	9.58270044E-4
-3.38240991E+3	9.54883231E-4
-3.37650000E+3	9.49444307E-4
-3.37162988E+3	9.43661435E-4
-3.36596997E+3	9.47682012E-4
-3.35905005E+3	9.55875323E-4
-3.35312988E+3	9.60027392E-4
-3.34736011E+3	9.58000659E-4
-3.34155005E+3	9.52365808E-4
-3.33570996E+3	9.51377791E-4
-3.32987012E+3	9.56577423E-4
-3.32334009E+3	9.60503181E-4
-3.31735010E+3	9.62566643E-4
-3.31252002E+3	9.65597690E-4
-3.30672998E+3	9.59983619E-4
-3.29991992E+3	9.53771756E-4
-3.29371997E+3	9.52305796E-4
-3.28777002E+3	9.49400011E-4
-3.28187988E+3	9.52339615E-4
-3.27583008E+3	9.53885086E-4
-3.27020996E+3	9.49807349E-4
-3.26418994E+3	9.46601620E-4
-3.25952002E+3	9.49301990E-4
-3.25158008E+3	9.48466361E-4
-3.24685010E+3	9.50234011E-4
-3.23998999E+3	9.48208035E-4
-3.23522998E+3	9.42098093E-4
-3.22832007E+3	9.38816520E-4
-3.22257007E+3	9.37981007E-4
-3.21793994E+3	9.31464543E-4
-3.21181006E+3	9.30164009E-4
-3.20438989E+3	9.29736882E-4
-3.19942993E+3	9.30328621E-4
-3.19319995E+3	9.28857422E-4
-3.18725000E+3	9.32071416E-4
-3.18141992E+3	9.34598094E-4
-3.17560010E+3	9.39586083E-4
-3.16963989E+3	9.41121951E-4
-3.16394995E+3	9.39262856E-4
-3.15788989E+3	9.38100449E-4
-3.15312988E+3	9.37843230E-4
-3.14689990E+3	9.39837890E-4
-3.14103003E+3	9.33008851E-4
-3.13294995E+3	9.30321345E-4
-3.12812012E+3	9.30103008E-4
-3.12218994E+3	9.28265508E-4
-3.11620996E+3	9.25944827E-4
-3.11104004E+3	9.25320492E-4
-3.10492993E+3	9.25558503E-4
-3.09887012E+3	9.32974857E-4
-3.09309009E+3	9.35896765E-4
-3.08715991E+3	9.40232072E-4
-3.08125000E+3	9.44596773E-4
-3.07498999E+3	9.47946915E-4
-3.06911011E+3	9.51609341E-4
-3.06328003E+3	9.48009663E-4
-3.05841992E+3	9.50249843E-4
-3.05156006E+3	9.53004928E-4
-3.04677002E+3	9.51634254E-4
-3.04033008E+3	9.46382235E-4
-3.03313989E+3	9.45008011E-4
-3.02828003E+3	9.36605735E-4
-3.02243994E+3	9.39262449E-4
-3.01608008E+3	9.40474740E-4
-3.01030005E+3	9.38852201E-4
-3.00420996E+3	9.42196231E-4
-2.99835010E+3	9.38525656E-4
-2.99377002E+3	9.42943094E-4
-2.98678003E+3	9.46759712E-4
-2.98083008E+3	9.48406698E-4
-2.97457007E+3	9.53268202E-4
-2.96867993E+3	9.57321492E-4
-2.96268994E+3	9.55792668E-4
-2.95660010E+3	9.59047000E-4
-2.95172998E+3	9.56217234E-4
-2.94548999E+3	9.59683384E-4
-2.93960010E+3	9.66722204E-4
-2.93361011E+3	9.64324048E-4
-2.92659009E+3	9.63448780E-4
-2.92182007E+3	9.60686943E-4
-2.91439990E+3	9.54767631E-4
-2.91051001E+3	9.60451318E-4
-2.90463989E+3	9.56958218E-4
-2.89842993E+3	9.47672175E-4
-2.89198999E+3	9.51631053E-4
-2.88603003E+3	9.63486440E-4
-2.88001001E+3	9.60918376E-4
-2.87445996E+3	9.63548082E-4
-2.86647998E+3	9.64167819E-4
-2.86245996E+3	9.70958499E-4
-2.85693994E+3	9.75793810E-4
-2.85043994E+3	9.67632106E-4
-2.84443994E+3	9.68569657E-4
-2.83954004E+3	9.75287170E-4
-2.83364990E+3	9.70752677E-4
-2.82637988E+3	9.60520818E-4
-2.82056006E+3	9.55309137E-4
-2.81596997E+3	9.51449503E-4
-2.80863989E+3	9.41791513E-4
-2.80282007E+3	9.39702732E-4
-2.79687012E+3	9.37885314E-4
-2.79152002E+3	9.39452730E-4
-2.78569995E+3	9.37569479E-4
-2.77985010E+3	9.34554089E-4
-2.77508008E+3	9.31232295E-4
-2.76820996E+3	9.26112116E-4
-2.76000000E+3	9.29644564E-4
-2.75531006E+3	9.26576613E-4
-2.74948999E+3	9.32078110E-4
-2.74343994E+3	9.32135794E-4
-2.73761011E+3	9.30747832E-4
-2.73172998E+3	9.30519192E-4
-2.72563989E+3	9.42874758E-4
-2.72081006E+3	9.49105422E-4
-2.71367993E+3	9.55772353E-4
-2.70793994E+3	9.58485005E-4
-2.70211011E+3	9.59503930E-4
-2.69631006E+3	9.61323211E-4
-2.69017993E+3	9.65013751E-4
-2.68430005E+3	9.63998027E-4
-2.67910010E+3	9.64126550E-4
-2.67309009E+3	9.68276348E-4
-2.66762012E+3	9.61274956E-4
-2.66126001E+3	9.58163699E-4
-2.65556006E+3	9.55269963E-4
-2.65087012E+3	9.55841213E-4
-2.64272998E+3	9.56880278E-4
-2.63685010E+3	9.59811499E-4
-2.63091992E+3	9.61348764E-4
-2.62486011E+3	9.61019308E-4
-2.61887988E+3	9.63004713E-4
-2.61398999E+3	9.61685670E-4
-2.60761011E+3	9.54286370E-4
-2.60206006E+3	9.55788884E-4
-2.59500000E+3	9.54976946E-4
-2.58923999E+3	9.52296599E-4
-2.58392993E+3	9.52170580E-4
-2.57679004E+3	9.45155916E-4
-2.57072998E+3	9.44595493E-4
-2.56485010E+3	9.45687643E-4
-2.55905005E+3	9.46558488E-4
-2.55306006E+3	9.45314590E-4
-2.54593994E+3	9.53454990E-4
-2.53975000E+3	9.52833565E-4
-2.53387012E+3	9.57050768E-4
-2.52786011E+3	9.57516371E-4
-2.52189990E+3	9.53084673E-4
-2.51601001E+3	9.55191557E-4
-2.51103003E+3	9.50630521E-4
-2.50362988E+3	9.51173541E-4
-2.49789990E+3	9.48760076E-4
-2.49186011E+3	9.43545194E-4
-2.48589990E+3	9.44000320E-4
-2.47880005E+3	9.43327905E-4
-2.47291992E+3	9.39174090E-4
-2.46739990E+3	9.49707464E-4
-2.46127002E+3	9.54393414E-4
-2.45456006E+3	9.53162322E-4
-2.44883008E+3	9.55639058E-4
-2.44276001E+3	9.57949727E-4
-2.43577002E+3	9.57196520E-4
-2.43029004E+3	9.56073520E-4
-2.42337012E+3	9.54786316E-4
-2.41754004E+3	9.52795323E-4
-2.41157007E+3	9.53217677E-4
-2.40604004E+3	9.40720434E-4
-2.39940991E+3	9.41866252E-4
-2.39354004E+3	9.45341482E-4
-2.38801001E+3	9.44364234E-4
-2.38090991E+3	9.45412554E-4
-2.37410010E+3	9.40762111E-4
-2.36817993E+3	9.45168897E-4
-2.36211011E+3	9.44019062E-4
-2.35606006E+3	9.46026004E-4
-2.35053003E+3	9.44834494E-4
-2.34328003E+3	9.46259068E-4
-2.33877002E+3	9.42141050E-4
-2.33271997E+3	9.41868115E-4
-2.32534009E+3	9.35642514E-4
-2.31955005E+3	9.33292147E-4
-2.31379004E+3	9.34221665E-4
-2.30679004E+3	9.35584772E-4
-2.30094995E+3	9.31222923E-4
-2.29521997E+3	9.30024486E-4
-2.28812988E+3	9.36463068E-4
-2.28228003E+3	9.43990890E-4
-2.27731006E+3	9.43726802E-4
-2.27008008E+3	9.42073646E-4
-2.26431006E+3	9.48885689E-4
-2.25838989E+3	9.44148283E-4
-2.25148999E+3	9.43551480E-4
-2.24548999E+3	9.43709922E-4
-2.23982007E+3	9.40962636E-4
-2.23385010E+3	9.40966594E-4
-2.22763989E+3	9.33450705E-4
-2.22082007E+3	9.24570544E-4
-2.21489990E+3	9.26092209E-4
-2.20920996E+3	9.23324027E-4
-2.20237988E+3	9.22830019E-4
-2.19542993E+3	9.20906779E-4
-2.18944995E+3	9.19089420E-4
-2.18335010E+3	9.15579905E-4
-2.17735010E+3	9.22816747E-4
-2.17134009E+3	9.20249207E-4
-2.16526001E+3	9.23451502E-4
-2.16010010E+3	9.35993798E-4
-2.15304004E+3	9.37299570E-4
-2.14595996E+3	9.40495695E-4
-2.14004004E+3	9.33871081E-4
-2.13427002E+3	9.40262747E-4
-2.12826001E+3	9.48588888E-4
-2.12208008E+3	9.53200797E-4
-2.11610010E+3	9.47166525E-4
-2.11016992E+3	9.43218998E-4
-2.10406006E+3	9.43092746E-4
-2.09800000E+3	9.34307987E-4
-2.09222998E+3	9.36866505E-4
-2.08516992E+3	9.43169347E-4
-2.07945996E+3	9.51281749E-4
-2.07256006E+3	9.52986884E-4
-2.06641992E+3	9.54690913E-4
-2.06140991E+3	9.58516088E-4
-2.05412012E+3	9.67257365E-4
-2.04927002E+3	9.69952089E-4
-2.04307996E+3	9.73649323E-4
-2.03602002E+3	9.71032190E-4
-2.03016003E+3	9.62025137E-4
-2.02901001E+3	9.56067815E-4
-2.02894995E+3	9.59365454E-4
-2.02891003E+3	9.49933776E-4
-2.02888000E+3	9.39037302E-4
-2.02885999E+3	9.31230490E-4
-2.02885999E+3	9.30877170E-4
-2.02883997E+3	9.37286823E-4
-2.02881006E+3	9.35600838E-4
-2.02881006E+3	9.34628537E-4
-2.02881995E+3	9.37652774E-4
-2.02881006E+3	9.35513177E-4
-2.02881006E+3	9.36644967E-4
-2.02881006E+3	9.44067142E-4
-2.02881006E+3	9.49038425E-4
-2.02881006E+3	9.52633796E-4
-2.02881006E+3	9.43080755E-4
-2.02880005E+3	9.50523827E-4
-2.02880005E+3	9.51198221E-4
-2.02880005E+3	9.53275710E-4
-2.02880005E+3	9.51493625E-4
-2.02880005E+3	9.48573695E-4
-2.02880005E+3	9.43450548E-4
-2.02880005E+3	9.43963765E-4
-2.02880005E+3	9.52484785E-4
-2.02880005E+3	9.51371330E-4
-2.02880005E+3	9.54165880E-4
-2.02880005E+3	9.44417028E-4
-2.02879004E+3	9.43107880E-4
-2.02880005E+3	9.42803628E-4
-2.02879004E+3	9.45603300E-4
-2.02880005E+3	9.47283115E-4
-2.02879004E+3	9.49276146E-4
-2.02879004E+3	9.49203502E-4
-2.02879004E+3	9.46002663E-4
-2.02878003E+3	9.42316488E-4
-2.02878003E+3	9.47079039E-4
-2.02878003E+3	9.47516412E-4
-2.02878003E+3	9.42041865E-4
-2.02878003E+3	9.41536680E-4
-2.02877002E+3	9.39638761E-4
-2.02877002E+3	9.48297326E-4
-2.02877002E+3	9.50317655E-4
-2.02877002E+3	9.47713037E-4
-2.02877002E+3	9.44000843E-4
-2.02877002E+3	9.48836678E-4
-2.02876001E+3	9.48939996E-4
-2.02876001E+3	9.50501533E-4
-2.02876001E+3	9.55059542E-4
-2.02877002E+3	9.56559496E-4
-2.02877002E+3	9.58011136E-4
-2.02876001E+3	9.53306793E-4
-2.02876001E+3	9.49639536E-4
-2.02876001E+3	9.51214402E-4
-2.02876001E+3	9.53464129E-4
-2.02876001E+3	9.51646362E-4
-2.02876001E+3	9.50284419E-4
-2.02876001E+3	9.52181523E-4
-2.02876001E+3	9.52538277E-4
-2.02876001E+3	9.48550529E-4
-2.02875000E+3	9.50950023E-4
-2.02875000E+3	9.51693451E-4
-2.02875000E+3	9.50722431E-4
-2.02875000E+3	9.53672803E-4
-2.02875000E+3	9.61402257E-4
-2.02875000E+3	9.62211634E-4
-2.02875000E+3	9.59253521E-4
-2.02875000E+3	9.52360977E-4
-2.02875000E+3	9.46736021E-4
-2.02876001E+3	9.47400986E-4
-2.02876001E+3	9.45840264E-4
-2.02875000E+3	9.42923303E-4
-2.02876001E+3	9.42816201E-4
-2.02876001E+3	9.38005804E-4
-2.02876001E+3	9.30428272E-4
-2.02876001E+3	9.25611705E-4
-2.02875000E+3	9.25064203E-4
-2.02876001E+3	9.30831360E-4
-2.02875000E+3	9.38488927E-4
-2.02875000E+3	9.44668776E-4
-2.02875000E+3	9.49391921E-4
-2.02875000E+3	9.53712093E-4
-2.02875000E+3	9.55244584E-4
-2.02875000E+3	9.53420997E-4
-2.02873999E+3	9.56201868E-4
-2.02873999E+3	9.60788049E-4
-2.02873999E+3	9.63914848E-4
-2.02873999E+3	9.59998928E-4
-2.02875000E+3	9.61752550E-4
-2.02875000E+3	9.59379366E-4
-2.02875000E+3	9.57986282E-4
-2.02875000E+3	9.55992553E-4
-2.02875000E+3	9.52554168E-4
-2.02875000E+3	9.52222967E-4
-2.02875000E+3	9.44317784E-4
-2.02875000E+3	9.43490712E-4
-2.02875000E+3	9.45679611E-4
-2.02873999E+3	9.48959147E-4
-2.02873999E+3	9.51060734E-4
-2.02873999E+3	9.52232687E-4
-2.02873999E+3	9.51684429E-4
-2.02873999E+3	9.47656983E-4
-2.02873999E+3	9.53815645E-4
-2.02875000E+3	9.59828263E-4
-2.02873999E+3	9.62471880E-4
-2.02872998E+3	9.64946055E-4
-2.02872998E+3	9.64873179E-4
-2.02873999E+3	9.65776329E-4
-2.02873999E+3	9.62988648E-4
-2.02873999E+3	9.62808670E-4
-2.02873999E+3	9.64851060E-4
-2.02872998E+3	9.69300047E-4
-2.02871997E+3	9.66462132E-4
-2.02871997E+3	9.60807898E-4
-2.02872998E+3	9.59851139E-4
-2.02872998E+3	9.60996607E-4
-2.02872998E+3	9.60795907E-4
-2.02872998E+3	9.63698316E-4
-2.02872998E+3	9.67773958E-4
-2.02872998E+3	9.67092405E-4
-2.02872998E+3	9.61271988E-4
-2.02873999E+3	9.59446479E-4
-2.02873999E+3	9.56553442E-4
-2.02873999E+3	9.59480414E-4
-2.02873999E+3	9.57589073E-4
-2.02873999E+3	9.56506294E-4
-2.02873999E+3	9.51484835E-4
-2.02875000E+3	9.44315805E-4
-2.02875000E+3	9.32334631E-4
-2.02875000E+3	9.29809117E-4
-2.02873999E+3	9.35319345E-4
-2.02873999E+3	9.35063348E-4
-2.02875000E+3	9.41319566E-4
-2.02875000E+3	9.42434417E-4
-2.02875000E+3	9.49010951E-4
-2.02875000E+3	9.52228438E-4
-2.02875000E+3	9.53508192E-4
-2.02875000E+3	9.51119233E-4
-2.02875000E+3	9.52081173E-4
-2.02873999E+3	9.51327791E-4
-2.02873999E+3	9.46320244E-4
-2.02873999E+3	9.38977988E-4
-2.02873999E+3	9.37827979E-4
-2.02873999E+3	9.37514938E-4
-2.02873999E+3	9.33242147E-4
-2.02873999E+3	9.30108945E-4
-2.02872998E+3	9.34377371E-4
-2.02872998E+3	9.43137507E-4
-2.02871997E+3	9.51103866E-4
-2.02872998E+3	9.53860406E-4
-2.02872998E+3	9.52664705E-4
-2.02872998E+3	9.57085576E-4
-2.02872998E+3	9.53844108E-4
-2.02872998E+3	9.60918260E-4
-2.02871997E+3	9.62829799E-4
-2.02871997E+3	9.60841950E-4
-2.02872998E+3	9.57037613E-4
-2.02871997E+3	9.52146540E-4
-2.02871997E+3	9.53622279E-4
-2.02871997E+3	9.59719298E-4
-2.02871997E+3	9.66283900E-4
-2.02871997E+3	9.71651694E-4
-2.02871997E+3	9.77965654E-4
-2.02871997E+3	9.67961852E-4
-2.02872998E+3	9.60428559E-4
-2.02872998E+3	9.60774778E-4
-2.02872998E+3	9.64119739E-4
-2.02872998E+3	9.64920851E-4
-2.02871997E+3	9.63033701E-4
-2.02871997E+3	9.57903801E-4
-2.02871997E+3	9.54034622E-4
-2.02871997E+3	9.59883910E-4
-2.02872998E+3	9.53475130E-4
-2.02871997E+3	9.58417484E-4
-2.02872998E+3	9.57962708E-4
-2.02871997E+3	9.58712713E-4
-2.02870996E+3	9.52274830E-4
-2.02871997E+3	9.52912087E-4
-2.02871997E+3	9.53960756E-4
-2.02871997E+3	9.53133800E-4
-2.02871997E+3	9.55602212E-4
-2.02871997E+3	9.47056222E-4
-2.02871997E+3	9.41650535E-4
-2.02871997E+3	9.40429396E-4
-2.02872998E+3	9.52324248E-4
-2.02871997E+3	9.49575275E-4
-2.02871997E+3	9.62072634E-4
-2.02870996E+3	9.62126302E-4
-2.02870996E+3	9.63092549E-4
-2.02871997E+3	9.59968718E-4
-2.02871997E+3	9.56736796E-4
-2.02871997E+3	9.60184378E-4
-2.02871997E+3	9.70675319E-4
-2.02871997E+3	9.64036852E-4
-2.02871997E+3	9.62410704E-4
-2.02872998E+3	9.62622173E-4
-2.02872998E+3	9.55135096E-4
-2.02872998E+3	9.54462739E-4
-2.02871997E+3	9.48513974E-4
-2.02871997E+3	9.52091126E-4
-2.02871997E+3	9.49381734E-4
-2.02870996E+3	9.49152687E-4
-2.02870996E+3	9.47102322E-4
-2.02869995E+3	9.53875366E-4
-2.02869995E+3	9.53044393E-4
-2.02869995E+3	9.54676128E-4
-2.02869995E+3	9.56145464E-4
-2.02869995E+3	9.58447694E-4
-2.02869995E+3	9.56630742E-4
-2.02869995E+3	9.53861745E-4
-2.02869995E+3	9.59171914E-4
-2.02868994E+3	9.57347860E-4
-2.02868994E+3	9.52874660E-4
-2.02869995E+3	9.49804205E-4
-2.02868994E+3	9.47420427E-4
-2.02869995E+3	9.48652276E-4
-2.02869995E+3	9.49970854E-4
-2.02870996E+3	9.48095752E-4
-2.02870996E+3	9.49407404E-4
-2.02869995E+3	9.51489201E-4
-2.02870996E+3	9.48375149E-4
-2.02869995E+3	9.56860837E-4
-2.02870996E+3	9.61141195E-4
