# Begin of measurement: 19.07.2019 13:37:33
# R-Sample[Ohm]	I-Coil[A]	U-Magnetometer[V]
# Kei2000	HP E3631A +6V : I	Kei2000
1.05762988E+3	-1.78952200E-2	-1.77969264E-1
1.05765888E+3	-1.78524600E-2	-1.77992741E-1
1.05768549E+3	-1.77086400E-2	-1.77977671E-1
1.05763443E+3	-1.77241900E-2	-1.77963048E-1
1.05757746E+3	-1.77164200E-2	-1.77987733E-1
1.05759239E+3	-1.77475100E-2	-1.78017694E-1
1.05762630E+3	-1.78369100E-2	-1.78002177E-1
1.05764107E+3	-1.76892100E-2	-1.77984021E-1
1.05761837E+3	-1.78602300E-2	-1.78005173E-1
1.05765363E+3	-1.78330300E-2	-1.77996371E-1
1.05766507E+3	-1.76620000E-2	-1.77941058E-1
1.05775171E+3	-1.63482400E-2	-1.77989443E-1
1.05775519E+3	-1.49100900E-2	-1.70666857E-1
1.05771691E+3	-1.36157600E-2	-1.63342348E-1
1.05777230E+3	-1.20998700E-2	-1.56948915E-1
1.05775631E+3	-1.05645500E-2	-1.49708073E-1
1.05787213E+3	-9.00979800E-3	-1.42343318E-1
1.05790666E+3	-7.42394900E-3	-1.35160879E-1
1.05798401E+3	-6.00523700E-3	-1.27853184E-1
1.05783002E+3	-4.63316600E-3	-1.20572543E-1
1.05774739E+3	-2.89961600E-3	-1.13222366E-1
1.05760974E+3	-1.42260000E-3	-1.04980689E-1
1.05772100E+3	-2.33213100E-5	-9.76055150E-2
1.05766030E+3	1.47312900E-3	-9.03891344E-2
1.05754114E+3	2.83742600E-3	-8.31065711E-2
1.05752159E+3	4.19783500E-3	-7.70917227E-2
1.05745144E+3	5.75258900E-3	-6.97181605E-2
1.05741519E+3	7.18685000E-3	-6.24801359E-2
1.05750736E+3	8.71828200E-3	-5.51760180E-2
1.05752002E+3	1.01564300E-2	-4.78385851E-2
1.05750169E+3	1.15634800E-2	-4.14295444E-2
1.05744861E+3	1.30988000E-2	-3.41064213E-2
1.05760445E+3	1.43931300E-2	-2.67853553E-2
1.05766947E+3	1.61033600E-2	-1.95881583E-2
1.05763305E+3	1.76347900E-2	-1.22482212E-2
1.05763989E+3	1.90690600E-2	-4.95675850E-3
1.05783632E+3	2.05655100E-2	2.35023270E-3
1.05778562E+3	2.18870500E-2	9.64307200E-3
1.05772974E+3	2.34884400E-2	1.69436029E-2
1.05760177E+3	2.48955000E-2	2.42427027E-2
1.05764459E+3	2.62559000E-2	3.15661741E-2
1.05773690E+3	2.76163100E-2	3.77171765E-2
1.05777477E+3	2.92837900E-2	4.49956639E-2
1.05780775E+3	3.07297100E-2	5.22861336E-2
1.05773327E+3	3.20590200E-2	5.95967712E-2
1.05771049E+3	3.35632400E-2	6.68965423E-2
1.05770076E+3	3.51218900E-2	7.41931385E-2
1.05770751E+3	3.67116200E-2	8.14874092E-2
1.05761840E+3	3.80603700E-2	8.88242071E-2
1.05750646E+3	3.97356200E-2	9.60475993E-2
1.05742388E+3	4.11659900E-2	1.03354660E-1
1.05736408E+3	4.24797600E-2	1.10707422E-1
1.05739011E+3	4.40073100E-2	1.17111977E-1
1.05747499E+3	4.56670000E-2	1.25329726E-1
1.05739502E+3	4.71556800E-2	1.32675020E-1
1.05734373E+3	4.85005400E-2	1.39898233E-1
1.05738112E+3	5.01213700E-2	1.47240129E-1
1.05751117E+3	5.15089900E-2	1.54503679E-1
1.05759483E+3	5.26750600E-2	1.61819871E-1
1.05759154E+3	5.42142600E-2	1.68263779E-1
1.05758461E+3	5.57495800E-2	1.75655894E-1
1.05746173E+3	5.72382600E-2	1.82884698E-1
1.05740326E+3	5.89212800E-2	1.90199853E-1
1.05736295E+3	6.02622600E-2	1.97537948E-1
1.05738939E+3	6.16965200E-2	2.04823499E-1
1.05737709E+3	6.32862500E-2	2.12048904E-1
1.05738777E+3	6.46816400E-2	2.19416021E-1
1.05738398E+3	6.60887000E-2	2.26684177E-1
1.05733742E+3	6.77833800E-2	2.33971338E-1
1.05742820E+3	6.91515600E-2	2.41262479E-1
1.05751367E+3	7.04808800E-2	2.48593598E-1
1.05749619E+3	7.20667300E-2	2.54968103E-1
1.05754104E+3	7.34776600E-2	2.62263358E-1
1.05753100E+3	7.48614000E-2	2.69268749E-1
1.05756500E+3	7.64278100E-2	2.76532836E-1
1.05755280E+3	7.77804400E-2	2.83879114E-1
1.05746292E+3	7.93585200E-2	2.91131618E-1
1.05744572E+3	8.09443700E-2	2.98435281E-1
1.05749246E+3	8.23008900E-2	3.05770290E-1
1.05740717E+3	8.37429200E-2	3.12983934E-1
1.05744774E+3	8.53987300E-2	3.20379582E-1
1.05748570E+3	8.67863600E-2	3.27561878E-1
1.05742424E+3	8.82672600E-2	3.34910661E-1
1.05745045E+3	8.98725400E-2	3.42225279E-1
1.05751349E+3	9.10658200E-2	3.49537702E-1
1.05744410E+3	9.26827500E-2	3.55967594E-1
1.05744491E+3	9.41675500E-2	3.63233290E-1
1.05752673E+3	9.56795500E-2	3.70523000E-1
1.05757748E+3	9.69855400E-2	3.77830194E-1
1.05763286E+3	9.84936500E-2	3.85121469E-1
1.05777578E+3	9.99784400E-2	3.92303074E-1
1.05775305E+3	1.01653700E-1	3.99613981E-1
1.05769019E+3	1.03107400E-1	4.06856826E-1
1.05764609E+3	1.04576600E-1	4.14165988E-1
1.05751767E+3	1.05851500E-1	4.21478863E-1
1.05749362E+3	1.07441300E-1	4.28814079E-1
1.05757521E+3	1.08875500E-1	4.36095371E-1
1.05763524E+3	1.10546900E-1	4.43450771E-1
1.05761155E+3	1.11709100E-1	4.50657260E-1
1.05746945E+3	1.13279400E-1	4.57000820E-1
1.05741945E+3	1.14791400E-1	4.64305868E-1
1.05734362E+3	1.16311100E-1	4.71572771E-1
1.05737848E+3	1.17694900E-1	4.78920659E-1
1.05742512E+3	1.19187400E-1	4.86187696E-1
1.05753085E+3	1.20633300E-1	4.93538133E-1
1.05753036E+3	1.22040400E-1	5.00794348E-1
1.05748303E+3	1.23688400E-1	5.07774148E-1
1.05748636E+3	1.25181000E-1	5.15093283E-1
1.05747123E+3	1.26514200E-1	5.22399807E-1
1.05754688E+3	1.28069000E-1	5.29677130E-1
1.05754504E+3	1.29476000E-1	5.36945554E-1
1.05755251E+3	1.31093000E-1	5.44269384E-1
1.05756138E+3	1.32608800E-1	5.51518534E-1
1.05751026E+3	1.33926500E-1	5.58842722E-1
1.05743457E+3	1.35457900E-1	5.66083286E-1
1.05752507E+3	1.36826100E-1	5.73414853E-1
1.05757965E+3	1.38229300E-1	5.79783634E-1
1.05756686E+3	1.39826800E-1	5.87067709E-1
1.05746226E+3	1.41198800E-1	5.94372445E-1
1.05743385E+3	1.42839100E-1	6.01696811E-1
1.05750107E+3	1.44358900E-1	6.08977443E-1
1.05748446E+3	1.45878700E-1	6.16275918E-1
1.05760793E+3	1.47126400E-1	6.23565181E-1
1.05765912E+3	1.48716100E-1	6.30859542E-1
1.05763626E+3	1.50270800E-1	6.38170180E-1
1.05773091E+3	1.51813900E-1	6.45456178E-1
1.05770660E+3	1.53259800E-1	6.52770528E-1
1.05757989E+3	1.54725200E-1	6.60048700E-1
1.05756233E+3	1.56241100E-1	6.67347622E-1
1.05753459E+3	1.57694800E-1	6.74670334E-1
1.05745858E+3	1.59206800E-1	6.81825845E-1
1.05741938E+3	1.60765400E-1	6.89151911E-1
1.05739146E+3	1.62036400E-1	6.96414700E-1
1.05747044E+3	1.63521200E-1	7.02814203E-1
1.05754361E+3	1.64862200E-1	7.10088082E-1
1.05755757E+3	1.66327500E-1	7.17343002E-1
1.05752330E+3	1.67901700E-1	7.24625065E-1
1.05755981E+3	1.69390400E-1	7.31934182E-1
1.05763118E+3	1.70875200E-1	7.38927455E-1
1.05766504E+3	1.72293900E-1	7.46238406E-1
1.05763951E+3	1.73864200E-1	7.53550520E-1
1.05751352E+3	1.75306300E-1	7.60866837E-1
1.05755206E+3	1.76787200E-1	7.68055573E-1
1.05764548E+3	1.78248600E-1	7.75388849E-1
1.05773816E+3	1.79857800E-1	7.82674395E-1
1.05777396E+3	1.81315400E-1	7.89950198E-1
1.05772520E+3	1.82773000E-1	7.97145508E-1
1.05766337E+3	1.84288800E-1	8.04456460E-1
1.05770975E+3	1.85777500E-1	8.11695997E-1
1.05773375E+3	1.86990200E-1	8.19008245E-1
1.05770517E+3	1.88537200E-1	8.25421298E-1
1.05770850E+3	1.89909300E-1	8.32704479E-1
1.05775528E+3	1.91425200E-1	8.39888565E-1
1.05778298E+3	1.93049900E-1	8.47232206E-1
1.05780846E+3	1.94355900E-1	8.54359856E-1
1.05777469E+3	1.95829000E-1	8.61623507E-1
1.05773007E+3	1.97395400E-1	8.68901010E-1
1.05766883E+3	1.98946300E-1	8.76222158E-1
1.05774101E+3	2.00489400E-1	8.83499482E-1
1.05774740E+3	2.01884800E-1	8.90780965E-1
1.05768364E+3	2.03400700E-1	8.98071480E-1
1.05759192E+3	2.04784400E-1	9.05270950E-1
1.05751192E+3	2.06323600E-1	9.12539867E-1
1.05752099E+3	2.07808400E-1	9.19816609E-1
1.05757282E+3	2.09219300E-1	9.27087225E-1
1.05765144E+3	2.10886800E-1	9.34298858E-1
1.05770101E+3	2.12278300E-1	9.41694909E-1
1.05774618E+3	2.13467700E-1	9.48983413E-1
1.05782226E+3	2.15107900E-1	9.55330685E-1
1.05782414E+3	2.16476200E-1	9.62640340E-1
1.05783720E+3	2.18108600E-1	9.69613849E-1
1.05785157E+3	2.19589500E-1	9.76952910E-1
1.05777614E+3	2.21097600E-1	9.84193296E-1
1.05769077E+3	2.22648500E-1	9.91492710E-1
1.05764610E+3	2.23950600E-1	9.98753041E-1
1.05761787E+3	2.25439300E-1	1.00594213E+0
1.05760882E+3	2.26924100E-1	1.01328790E+0
1.05756365E+3	2.28521600E-1	1.02055633E+0
1.05771432E+3	2.29994700E-1	1.02780637E+0
1.05773039E+3	2.31370700E-1	1.03509353E+0
1.05762764E+3	2.32913800E-1	1.04234474E+0
1.05750064E+3	2.34414100E-1	1.04964397E+0
1.05745926E+3	2.35770600E-1	1.05689192E+0
1.05755900E+3	2.37201000E-1	1.06330032E+0
1.05779256E+3	2.38759600E-1	1.07058878E+0
1.05782197E+3	2.40337700E-1	1.07783287E+0
1.05771638E+3	2.41795300E-1	1.08516833E+0
1.05762699E+3	2.43144100E-1	1.09242891E+0
1.05763528E+3	2.44609400E-1	1.09960070E+0
1.05776023E+3	2.46241900E-1	1.10691317E+0
1.05772016E+3	2.47668400E-1	1.11416178E+0
1.05778077E+3	2.49017100E-1	1.12147005E+0
1.05787384E+3	2.50704100E-1	1.12871026E+0
1.05784137E+3	2.52052800E-1	1.13598034E+0
1.05778316E+3	2.53689200E-1	1.14320418E+0
1.05777613E+3	2.55162300E-1	1.15048106E+0
1.05780188E+3	2.56456600E-1	1.15766702E+0
1.05788622E+3	2.58093000E-1	1.16490754E+0
1.05793278E+3	2.59507800E-1	1.17226044E+0
1.05790572E+3	2.61016000E-1	1.17951294E+0
1.05789728E+3	2.62318000E-1	1.18679908E+0
1.05786848E+3	2.63845600E-1	1.19320260E+0
1.05770079E+3	2.65377000E-1	1.20015277E+0
1.05770097E+3	2.66706300E-1	1.20742110E+0
1.05757976E+3	2.68311600E-1	1.21467490E+0
1.05744949E+3	2.69843100E-1	1.22195420E+0
1.05741563E+3	2.71343400E-1	1.22925424E+0
1.05738492E+3	2.72804900E-1	1.23651993E+0
1.05740284E+3	2.74262500E-1	1.24373644E+0
1.05738712E+3	2.75727800E-1	1.25102382E+0
1.05743553E+3	2.77158200E-1	1.25819543E+0
1.05744161E+3	2.78596300E-1	1.26546846E+0
1.05742441E+3	2.80092800E-1	1.27271283E+0
1.05748300E+3	2.81585300E-1	1.27997021E+0
1.05754105E+3	2.83245000E-1	1.28721449E+0
1.05758212E+3	2.84399500E-1	1.29446060E+0
1.05759013E+3	2.85919200E-1	1.30087365E+0
1.05747698E+3	2.87423400E-1	1.30817253E+0
1.05744658E+3	2.88861600E-1	1.31538758E+0
1.05744426E+3	2.90474700E-1	1.32251942E+0
1.05742772E+3	2.91866200E-1	1.32984190E+0
1.05746757E+3	2.93304300E-1	1.33704687E+0
1.05742348E+3	2.94804600E-1	1.34431700E+0
1.05740552E+3	2.96382700E-1	1.35158535E+0
1.05752250E+3	2.97727600E-1	1.35882822E+0
1.05747869E+3	2.99387300E-1	1.36606096E+0
1.05759661E+3	3.00747700E-1	1.37330036E+0
1.05759544E+3	3.02290800E-1	1.38052697E+0
1.05753429E+3	3.03732800E-1	1.38776875E+0
1.05762156E+3	3.05198200E-1	1.39502595E+0
1.05768374E+3	3.06706300E-1	1.40227358E+0
1.05780725E+3	3.08350400E-1	1.40956320E+0
1.05786550E+3	3.09672000E-1	1.41679088E+0
1.05792813E+3	3.11156700E-1	1.42404844E+0
1.05786014E+3	3.12490000E-1	1.43032161E+0
1.05780602E+3	3.13935900E-1	1.43733237E+0
1.05778125E+3	3.15556700E-1	1.44455419E+0
1.05774361E+3	3.16932700E-1	1.45179726E+0
1.05768322E+3	3.18363000E-1	1.45904972E+0
1.05758637E+3	3.19863400E-1	1.46629131E+0
1.05761901E+3	3.21546400E-1	1.47356068E+0
1.05770506E+3	3.22984600E-1	1.48081264E+0
1.05772699E+3	3.24457700E-1	1.48807838E+0
1.05756592E+3	3.25965800E-1	1.49522983E+0
1.05754143E+3	3.27376700E-1	1.50249592E+0
1.05758218E+3	3.28900400E-1	1.50976435E+0
1.05761262E+3	3.30435700E-1	1.51699794E+0
1.05759087E+3	3.31951600E-1	1.52423945E+0
1.05754782E+3	3.33463600E-1	1.53144826E+0
1.05763955E+3	3.34586900E-1	1.53876091E+0
1.05765931E+3	3.36075600E-1	1.54506177E+0
1.05757638E+3	3.37575900E-1	1.55233895E+0
1.05763037E+3	3.38955800E-1	1.55953534E+0
1.05765672E+3	3.40673800E-1	1.56675341E+0
1.05767117E+3	3.42228500E-1	1.57401454E+0
1.05764042E+3	3.43678300E-1	1.58125603E+0
1.05760421E+3	3.45186400E-1	1.58852587E+0
1.05755267E+3	3.46667300E-1	1.59576111E+0
1.05751600E+3	3.48097700E-1	1.60300101E+0
1.05747381E+3	3.49493100E-1	1.61013022E+0
1.05750317E+3	3.51094500E-1	1.61739154E+0
1.05744679E+3	3.52536500E-1	1.62462341E+0
1.05752820E+3	3.54025200E-1	1.63172589E+0
1.05762074E+3	3.55622700E-1	1.63907525E+0
1.05752431E+3	3.56905400E-1	1.64630084E+0
1.05756222E+3	3.58440700E-1	1.65356595E+0
1.05763184E+3	3.59770000E-1	1.66080218E+0
1.05754300E+3	3.61324800E-1	1.66701382E+0
1.05756429E+3	3.62665700E-1	1.67417429E+0
1.05757190E+3	3.64146700E-1	1.68139277E+0
1.05750030E+3	3.65775300E-1	1.68860726E+0
1.05754213E+3	3.67260100E-1	1.69588163E+0
1.05753628E+3	3.68577700E-1	1.70317089E+0
1.05764313E+3	3.70050800E-1	1.71024649E+0
1.05773468E+3	3.71543400E-1	1.71746546E+0
1.05774999E+3	3.73059300E-1	1.72460456E+0
1.05771225E+3	3.74551800E-1	1.73191712E+0
1.05775586E+3	3.76025000E-1	1.73916072E+0
1.05774271E+3	3.77490300E-1	1.74643281E+0
1.05771529E+3	3.79181100E-1	1.75357156E+0
1.05774812E+3	3.80634800E-1	1.76084964E+0
1.05778464E+3	3.82177900E-1	1.76806073E+0
1.05779016E+3	3.83285700E-1	1.77535125E+0
1.05776703E+3	3.84743200E-1	1.78124664E+0
1.05770611E+3	3.86212500E-1	1.78850702E+0
1.05777721E+3	3.87674000E-1	1.79571601E+0
1.05787798E+3	3.89325900E-1	1.80296690E+0
1.05786650E+3	3.90857300E-1	1.81016825E+0
1.05772475E+3	3.92342100E-1	1.81737890E+0
1.05758262E+3	3.93873500E-1	1.82463458E+0
1.05757001E+3	3.95199000E-1	1.83182063E+0
1.05762027E+3	3.96796500E-1	1.83901648E+0
1.05763585E+3	3.98164700E-1	1.84618563E+0
1.05757934E+3	3.99711600E-1	1.85341972E+0
1.05755957E+3	4.01134200E-1	1.86066252E+0
1.05750643E+3	4.02825000E-1	1.86792634E+0
1.05748072E+3	4.04146600E-1	1.87512769E+0
1.05753048E+3	4.05623600E-1	1.88236543E+0
1.05761887E+3	4.07193900E-1	1.88957404E+0
1.05763022E+3	4.08348300E-1	1.89646510E+0
1.05753615E+3	4.09961400E-1	1.90283661E+0
1.05759205E+3	4.11473300E-1	1.90998425E+0
1.05770884E+3	4.12853200E-1	1.91719620E+0
1.05769429E+3	4.14442900E-1	1.92448962E+0
1.05761864E+3	4.15943300E-1	1.93171659E+0
1.05774553E+3	4.17432000E-1	1.93890282E+0
1.05768938E+3	4.18811800E-1	1.94613627E+0
1.05764823E+3	4.20304300E-1	1.95322091E+0
1.05755917E+3	4.21948500E-1	1.96047909E+0
1.05760001E+3	4.23297300E-1	1.96766513E+0
1.05774460E+3	4.24770400E-1	1.97489166E+0
1.05780651E+3	4.26259000E-1	1.98212350E+0
1.05766512E+3	4.27681600E-1	1.98932695E+0
1.05755782E+3	4.29321900E-1	1.99653080E+0
1.05750207E+3	4.30833900E-1	2.00372338E+0
1.05753476E+3	4.32237100E-1	2.01091172E+0
1.05750122E+3	4.33640200E-1	2.01819110E+0
1.05746011E+3	4.35008400E-1	2.02449714E+0
1.05743372E+3	4.36466000E-1	2.03168243E+0
1.05747415E+3	4.38005200E-1	2.03889058E+0
1.05774716E+3	4.39575500E-1	2.04610485E+0
1.05766085E+3	4.40943700E-1	2.05331670E+0
1.05748938E+3	4.42475100E-1	2.06050482E+0
1.05743521E+3	4.43971600E-1	2.06761632E+0
1.05750649E+3	4.45584700E-1	2.07485599E+0
1.05744287E+3	4.46867300E-1	2.08205291E+0
1.05754060E+3	4.48418200E-1	2.08931781E+0
1.05756975E+3	4.49918500E-1	2.10236545E+0
1.05758497E+3	4.51395600E-1	2.10354851E+0
1.05758790E+3	4.52969700E-1	2.11073703E+0
1.05753760E+3	4.54439000E-1	2.11799785E+0
1.05753873E+3	4.55923700E-1	2.12496210E+0
1.05758096E+3	4.57486300E-1	2.13217369E+0
1.05748973E+3	4.58932200E-1	2.13942986E+0
1.05749316E+3	4.60510300E-1	2.14657880E+0
1.05747541E+3	4.61796900E-1	2.15383041E+0
1.05749887E+3	4.63304900E-1	2.16102116E+0
1.05757412E+3	4.64712000E-1	2.16818942E+0
1.05759240E+3	4.66371700E-1	2.17542944E+0
1.05761487E+3	4.67724300E-1	2.18251909E+0
1.05770533E+3	4.69391800E-1	2.18975232E+0
1.05772150E+3	4.70903800E-1	2.19690792E+0
1.05765782E+3	4.72167100E-1	2.20418949E+0
1.05759861E+3	4.73644100E-1	2.21037748E+0
1.05748424E+3	4.74961700E-1	2.21766669E+0
1.05749086E+3	4.76485400E-1	2.22483701E+0
1.05745132E+3	4.78001300E-1	2.23206268E+0
1.05748127E+3	4.79649300E-1	2.23919194E+0
1.05752571E+3	4.81103000E-1	2.24649695E+0
1.05756930E+3	4.82467300E-1	2.25349787E+0
1.05764720E+3	4.84076500E-1	2.26069761E+0
1.05773365E+3	4.85394100E-1	2.26788527E+0
1.05778104E+3	4.86917800E-1	2.27506484E+0
1.05775528E+3	4.88554100E-1	2.28226028E+0
1.05776217E+3	4.89926200E-1	2.28947518E+0
1.05779918E+3	4.91418800E-1	2.29667613E+0
1.05767918E+3	4.92907500E-1	2.30387457E+0
1.05759507E+3	4.94388400E-1	2.31100826E+0
1.05754608E+3	4.95674900E-1	2.31825763E+0
1.05757292E+3	4.97140300E-1	2.32460678E+0
1.05760871E+3	4.98683400E-1	2.33177969E+0
1.05762141E+3	5.00156500E-1	2.33892679E+0
1.05755319E+3	5.01691800E-1	2.34616436E+0
1.05758548E+3	5.03137800E-1	2.35334483E+0
1.05761772E+3	5.04642000E-1	2.36026422E+0
1.05764843E+3	5.06134500E-1	2.36751427E+0
1.05767509E+3	5.07580500E-1	2.37467331E+0
1.05770269E+3	5.09069200E-1	2.38187551E+0
1.05773200E+3	5.10546200E-1	2.38903080E+0
1.05771354E+3	5.12182500E-1	2.39629216E+0
1.05779905E+3	5.13527400E-1	2.40339763E+0
1.05795841E+3	5.15062700E-1	2.41065452E+0
1.05795972E+3	5.16493100E-1	2.41773061E+0
1.05790618E+3	5.18137200E-1	2.42493531E+0
1.05775840E+3	5.19505400E-1	2.43213831E+0
1.05767451E+3	5.20959100E-1	2.43937186E+0
1.05760102E+3	5.22249600E-1	2.44567195E+0
1.05752465E+3	5.23749900E-1	2.45283699E+0
1.05751488E+3	5.25316300E-1	2.45999317E+0
1.05758904E+3	5.26808900E-1	2.46720538E+0
1.05760413E+3	5.28285900E-1	2.47443642E+0
1.05770040E+3	5.29883400E-1	2.48161340E+0
1.05777217E+3	5.31197100E-1	2.48874606E+0
1.05762192E+3	5.32818000E-1	2.49595604E+0
1.05748483E+3	5.34193900E-1	2.50315962E+0
1.05747560E+3	5.35799200E-1	2.51041852E+0
1.05749033E+3	5.37237400E-1	2.51758816E+0
1.05759286E+3	5.38827100E-1	2.52478522E+0
1.05770754E+3	5.40195300E-1	2.53192740E+0
1.05776263E+3	5.41641200E-1	2.53913580E+0
1.05772637E+3	5.43203800E-1	2.54633979E+0
1.05774042E+3	5.44420400E-1	2.55355384E+0
1.05764514E+3	5.45951800E-1	2.55982799E+0
1.05762632E+3	5.47533800E-1	2.56704897E+0
1.05757193E+3	5.48921300E-1	2.57428170E+0
1.05757499E+3	5.50503300E-1	2.58150151E+0
1.05762947E+3	5.51988100E-1	2.58838688E+0
1.05779797E+3	5.53469000E-1	2.59558970E+0
1.05787538E+3	5.54887700E-1	2.60280755E+0
1.05783260E+3	5.56415300E-1	2.60998834E+0
1.05769089E+3	5.57931100E-1	2.61722702E+0
1.05768301E+3	5.59462600E-1	2.62445355E+0
1.05768684E+3	5.61021200E-1	2.63167399E+0
1.05768063E+3	5.62366100E-1	2.63983052E+0
1.05766306E+3	5.63940300E-1	2.64601313E+0
1.05761457E+3	5.65421200E-1	2.65323019E+0
1.05762668E+3	5.66933200E-1	2.66045278E+0
1.05756089E+3	5.68410200E-1	2.66764379E+0
1.05745623E+3	5.69677300E-1	2.67495063E+0
1.05747998E+3	5.71286500E-1	2.68215519E+0
1.05756986E+3	5.72841200E-1	2.68935256E+0
1.05762371E+3	5.74170500E-1	2.69661678E+0
1.05757819E+3	5.75849700E-1	2.70365973E+0
1.05774713E+3	5.77338400E-1	2.71093572E+0
1.05783935E+3	5.78694900E-1	2.71812454E+0
1.05778158E+3	5.80276900E-1	2.72540034E+0
1.05764947E+3	5.81734400E-1	2.73263505E+0
1.05752861E+3	5.83153200E-1	2.73992766E+0
1.05746845E+3	5.84711800E-1	2.74713107E+0
1.05741167E+3	5.85963400E-1	2.75442610E+0
1.05738411E+3	5.87553100E-1	2.76067047E+0
1.05736915E+3	5.88917400E-1	2.76793474E+0
1.05734303E+3	5.90421600E-1	2.77519668E+0
1.05742309E+3	5.91964700E-1	2.78244551E+0
1.05752238E+3	5.93449500E-1	2.78973142E+0
1.05753729E+3	5.95012000E-1	2.79703853E+0
1.05746875E+3	5.96539500E-1	2.80439737E+0
1.05742974E+3	5.97837800E-1	2.81162268E+0
1.05736883E+3	5.99427500E-1	2.81872543E+0
1.05744222E+3	6.00959000E-1	2.82598830E+0
1.05749171E+3	6.02338800E-1	2.83331732E+0
1.05751607E+3	6.03881900E-1	2.84069289E+0
1.05750576E+3	6.05292800E-1	2.84801251E+0
1.05754079E+3	6.06902000E-1	2.85531707E+0
1.05744934E+3	6.08204100E-1	2.86266089E+0
1.05754475E+3	6.09681100E-1	2.86917371E+0
1.05766016E+3	6.11158100E-1	2.87646570E+0
1.05755651E+3	6.12576900E-1	2.88386380E+0
1.05742083E+3	6.14108300E-1	2.89123481E+0
1.05736883E+3	6.15530900E-1	2.89866717E+0
1.05744646E+3	6.16969100E-1	2.90612538E+0
1.05744560E+3	6.18481100E-1	2.91358157E+0
1.05740593E+3	6.19993000E-1	2.92109761E+0
1.05742489E+3	6.21606100E-1	2.92863595E+0
1.05745623E+3	6.23009300E-1	2.93626901E+0
1.05747928E+3	6.24424100E-1	2.94395313E+0
1.05739737E+3	6.25963300E-1	2.95183514E+0
1.05734802E+3	6.27654100E-1	2.95973293E+0
1.05738936E+3	6.28975600E-1	2.96789120E+0
1.05737099E+3	6.30429300E-1	2.97600610E+0
1.05741476E+3	6.31766400E-1	2.98431663E+0
1.05736473E+3	6.33243500E-1	2.99168022E+0
1.05742596E+3	6.34883700E-1	3.00012415E+0
1.05740543E+3	6.36248000E-1	3.00885026E+0
1.05756438E+3	6.37892200E-1	3.01778784E+0
1.05750408E+3	6.39182600E-1	3.02706116E+0
1.05748693E+3	6.40815100E-1	3.03670292E+0
1.05749103E+3	6.42264900E-1	3.04642955E+0
1.05752894E+3	6.43640800E-1	3.05657658E+0
1.05755978E+3	6.45094500E-1	3.06710247E+0
1.05757307E+3	6.46602600E-1	3.07728098E+0
1.05753754E+3	6.48145700E-1	3.08860182E+0
1.05752169E+3	6.49611100E-1	3.10027334E+0
1.05752615E+3	6.51068700E-1	3.11300616E+0
1.05755461E+3	6.52911100E-1	3.12931573E+0
1.05757007E+3	6.54357000E-1	3.15041325E+0
1.05757818E+3	6.55892300E-1	3.17022708E+0
1.05756557E+3	6.57361500E-1	3.19050853E+0
1.05754180E+3	6.58873600E-1	3.21282971E+0
1.05758394E+3	6.60556600E-1	3.23800871E+0
1.05762105E+3	6.61893700E-1	3.26126102E+0
1.05759336E+3	6.63362900E-1	3.28568889E+0
1.05756891E+3	6.64874900E-1	3.30993180E+0
1.05753514E+3	6.66519100E-1	3.33427832E+0
1.05750794E+3	6.68034900E-1	3.36233906E+0
1.05749930E+3	6.69523600E-1	3.38778766E+0
1.05752059E+3	6.71136700E-1	3.41254854E+0
1.05751817E+3	6.72808000E-1	3.43778080E+0
1.05755306E+3	6.74288900E-1	3.46516334E+0
1.05757661E+3	6.75680400E-1	3.49121367E+0
1.05759327E+3	6.77157400E-1	3.51618303E+0
1.05760547E+3	6.78681100E-1	3.53986093E+0
1.05763524E+3	6.80301900E-1	3.55889532E+0
1.05766809E+3	6.81883900E-1	3.57573507E+0
1.05756229E+3	6.83361000E-1	3.58818648E+0
1.05760290E+3	6.84783500E-1	3.59890022E+0
1.05754648E+3	6.86540400E-1	3.60822005E+0
1.05744044E+3	6.87990200E-1	3.61777126E+0
1.05732080E+3	6.89459500E-1	3.62583240E+0
1.05734767E+3	6.90955900E-1	3.63372196E+0
1.05737431E+3	6.92343500E-1	3.64167909E+0
1.05738633E+3	6.94069300E-1	3.64926215E+0
1.05729533E+3	6.95542400E-1	3.65824266E+0
1.05730033E+3	6.97035000E-1	3.66616156E+0
1.05732599E+3	6.98683000E-1	3.67402834E+0
1.05746372E+3	7.00218300E-1	3.68205027E+0
1.05759428E+3	7.01846900E-1	3.69099966E+0
1.05771617E+3	7.03366700E-1	3.69889606E+0
1.05777926E+3	7.04661000E-1	3.70680605E+0
1.05756177E+3	7.06157500E-1	3.71471520E+0
1.05752332E+3	7.07976500E-1	3.72258942E+0
1.05743290E+3	7.09321400E-1	3.73149342E+0
1.05739566E+3	7.10864500E-1	3.73946535E+0
1.05741682E+3	7.12314300E-1	3.74734686E+0
1.05742650E+3	7.14086700E-1	3.75528870E+0
1.05742358E+3	7.15653100E-1	3.76420231E+0
1.05741993E+3	7.16982500E-1	3.77218139E+0
1.05733933E+3	7.18459500E-1	3.78003737E+0
1.05732343E+3	7.20107500E-1	3.78794361E+0
1.05734221E+3	7.21821600E-1	3.79586299E+0
1.05728624E+3	7.23162600E-1	3.80475677E+0
1.05735766E+3	7.24830100E-1	3.81269503E+0
1.05739278E+3	7.26175000E-1	3.82064908E+0
1.05740363E+3	7.27861800E-1	3.82855876E+0
1.05753691E+3	7.29276700E-1	3.83749822E+0
1.05759374E+3	7.30955800E-1	3.84532678E+0
1.05761364E+3	7.32265700E-1	3.85324321E+0
1.05762260E+3	7.33902000E-1	3.86111833E+0
1.05763161E+3	7.35585100E-1	3.86905194E+0
1.05758482E+3	7.37019300E-1	3.87798732E+0
1.05747610E+3	7.38453600E-1	3.88592621E+0
1.05752157E+3	7.39961800E-1	3.89383589E+0
1.05759650E+3	7.41629200E-1	3.90169871E+0
1.05752653E+3	7.43187900E-1	3.91022841E+0
1.05750329E+3	7.44567700E-1	3.91815920E+0
1.05753801E+3	7.46087500E-1	3.92611669E+0
1.05748839E+3	7.47828800E-1	3.93404636E+0
1.05740529E+3	7.49340800E-1	3.94295036E+0
1.05735955E+3	7.50646800E-1	3.95085038E+0
1.05737675E+3	7.52337600E-1	3.95870036E+0
1.05737756E+3	7.53857300E-1	3.96655752E+0
1.05734793E+3	7.55260500E-1	3.97545337E+0
1.05742539E+3	7.56931800E-1	3.98336596E+0
1.05745796E+3	7.58319500E-1	3.99129402E+0
1.05747565E+3	7.59866500E-1	3.99921158E+0
1.05744999E+3	7.61716600E-1	4.00710936E+0
1.05748439E+3	7.63119700E-1	4.01603992E+0
1.05737150E+3	7.64192600E-1	4.02398547E+0
1.05733265E+3	7.65828900E-1	4.03042083E+0
1.05732863E+3	7.67535300E-1	4.03837510E+0
1.05731260E+3	7.68891800E-1	4.04722777E+0
1.05739050E+3	7.70512600E-1	4.05512106E+0
1.05739932E+3	7.72024600E-1	4.06302086E+0
1.05738442E+3	7.73412200E-1	4.07095121E+0
1.05733954E+3	7.75075900E-1	4.07882400E+0
1.05734398E+3	7.76692800E-1	4.08769975E+0
1.05729900E+3	7.78045400E-1	4.09558791E+0
1.05727378E+3	7.79514700E-1	4.10350224E+0
1.05737582E+3	7.81170500E-1	4.11140030E+0
1.05733673E+3	7.82764100E-1	4.12029244E+0
1.05733781E+3	7.84217800E-1	4.12817690E+0
1.05727886E+3	7.85807500E-1	4.13607562E+0
1.05728278E+3	7.87218500E-1	4.14395481E+0
1.05730372E+3	7.88781000E-1	4.15186060E+0
1.05722456E+3	7.90269700E-1	4.16047102E+0
1.05727796E+3	7.91840000E-1	4.16837807E+0
1.05725102E+3	7.93449100E-1	4.17630582E+0
1.05729834E+3	7.94941700E-1	4.18416443E+0
1.05728434E+3	7.96469200E-1	4.19307996E+0
1.05729303E+3	7.97950200E-1	4.20098338E+0
1.05726529E+3	7.99423300E-1	4.20883332E+0
1.05729726E+3	8.01071300E-1	4.21668501E+0
1.05730541E+3	8.02781500E-1	4.22564736E+0
1.05742691E+3	8.04103100E-1	4.23347463E+0
1.05736788E+3	8.05560700E-1	4.24135064E+0
1.05732132E+3	8.07111500E-1	4.24923599E+0
1.05743470E+3	8.08903400E-1	4.25713628E+0
1.05749927E+3	8.10318300E-1	4.26598532E+0
1.05745262E+3	8.11737000E-1	4.27395908E+0
1.05749002E+3	8.13287800E-1	4.28177906E+0
1.05748966E+3	8.14998100E-1	4.28967099E+0
1.05750163E+3	8.16564500E-1	4.29857727E+0
1.05742387E+3	8.18045300E-1	4.30648816E+0
1.05740113E+3	8.19522300E-1	4.31428721E+0
1.05742882E+3	8.20875000E-1	4.32226772E+0
1.05736907E+3	8.22577400E-1	4.33015657E+0
1.05731702E+3	8.24136100E-1	4.33896467E+0
1.05741000E+3	8.25741400E-1	4.34685703E+0
1.05735993E+3	8.27031800E-1	4.35475392E+0
1.05737677E+3	8.28652700E-1	4.36262636E+0
1.05737767E+3	8.30289000E-1	4.37145433E+0
1.05741116E+3	8.31870900E-1	4.37933920E+0
1.05755250E+3	8.33266400E-1	4.38718979E+0
1.05756655E+3	8.35023200E-1	4.39509009E+0
1.05748735E+3	8.36441900E-1	4.40381758E+0
1.05742948E+3	8.37887900E-1	4.41149522E+0
1.05739567E+3	8.39287200E-1	4.41939569E+0
1.05731807E+3	8.40888600E-1	4.42718705E+0
1.05728963E+3	8.42490000E-1	4.43510867E+0
1.05721168E+3	8.44118500E-1	4.44406141E+0
1.05727342E+3	8.45471200E-1	4.45192087E+0
1.05728395E+3	8.46921100E-1	4.45971044E+0
1.05730129E+3	8.48771200E-1	4.46765077E+0
1.05740271E+3	8.50263700E-1	4.47641181E+0
1.05740156E+3	8.51538600E-1	4.48428107E+0
1.05727805E+3	8.53229400E-1	4.49211258E+0
1.05723995E+3	8.54570400E-1	4.50000688E+0
1.05726904E+3	8.56276800E-1	4.50789260E+0
1.05736216E+3	8.57784800E-1	4.51673063E+0
1.05744794E+3	8.59176300E-1	4.52465480E+0
1.05746999E+3	8.60750600E-1	4.53237345E+0
1.05745747E+3	8.62558000E-1	4.54029936E+0
1.05750754E+3	8.63856100E-1	4.54912796E+0
1.05745986E+3	8.65383700E-1	4.55697490E+0
1.05737840E+3	8.67047300E-1	4.56489505E+0
1.05738808E+3	8.68703100E-1	4.57278161E+0
1.05733071E+3	8.70125700E-1	4.58164796E+0
1.05718595E+3	8.71672700E-1	4.58952267E+0
1.05713358E+3	8.73165200E-1	4.59733129E+0
1.05715263E+3	8.74486800E-1	4.60522456E+0
1.05715065E+3	8.76224200E-1	4.61308268E+0
1.05714650E+3	8.77646800E-1	4.62189666E+0
1.05719418E+3	8.79178200E-1	4.62973653E+0
1.05724637E+3	8.80682500E-1	4.63755347E+0
1.05717608E+3	8.82493800E-1	4.64540229E+0
1.05726375E+3	8.83803700E-1	4.65429810E+0
1.05722624E+3	8.85432200E-1	4.66190974E+0
1.05721548E+3	8.86831600E-1	4.66980828E+0
1.05709872E+3	8.88359100E-1	4.67763519E+0
1.05716892E+3	8.89941000E-1	4.68546259E+0
1.05712277E+3	8.91472400E-1	4.69438470E+0
1.05710129E+3	8.93015600E-1	4.70221004E+0
1.05728991E+3	8.94422600E-1	4.71008883E+0
1.05731508E+3	8.96074600E-1	4.71795456E+0
1.05728694E+3	8.97574900E-1	4.72674054E+0
1.05726717E+3	8.99234600E-1	4.73468027E+0
1.05732341E+3	9.00563900E-1	4.74252172E+0
1.05730554E+3	9.02239100E-1	4.75034397E+0
1.05733193E+3	9.03755000E-1	4.75913148E+0
1.05736714E+3	9.05220400E-1	4.76704093E+0
1.05740453E+3	9.06814000E-1	4.77490930E+0
1.05728127E+3	9.08275500E-1	4.78280011E+0
1.05723363E+3	9.09954600E-1	4.79058990E+0
1.05729951E+3	9.11540400E-1	4.79946737E+0
1.05737124E+3	9.12881500E-1	4.80729419E+0
1.05737961E+3	9.14420600E-1	4.81523697E+0
1.05729919E+3	9.16130800E-1	4.82311351E+0
1.05724543E+3	9.17592300E-1	4.83190307E+0
1.05718518E+3	9.19057700E-1	4.83971844E+0
1.05713074E+3	9.20569700E-1	4.84754978E+0
1.05709890E+3	9.22171000E-1	4.85538219E+0
1.05708787E+3	9.23702500E-1	4.86324979E+0
1.05705133E+3	9.25175700E-1	4.87213478E+0
1.05704334E+3	9.26633300E-1	4.87997096E+0
1.05707986E+3	9.28168600E-1	4.88763673E+0
1.05728523E+3	9.29898200E-1	4.89564028E+0
1.05743734E+3	9.31293600E-1	4.90444039E+0
1.05737146E+3	9.32930000E-1	4.91201719E+0
1.05726449E+3	9.34267000E-1	4.91985456E+0
1.05717786E+3	9.36136600E-1	4.92772972E+0
1.05712090E+3	9.37586500E-1	4.93659825E+0
1.05709172E+3	9.39071300E-1	4.94439426E+0
1.05732664E+3	9.40493900E-1	4.95224732E+0
1.05732204E+3	9.42075800E-1	4.96007938E+0
1.05732414E+3	9.43537300E-1	4.96797425E+0
1.05730535E+3	9.45134800E-1	4.97667737E+0
1.05749497E+3	9.46709000E-1	4.98457994E+0
1.05765568E+3	9.48193800E-1	4.99242755E+0
1.05756170E+3	9.49888500E-1	5.00842306E+0
1.05740500E+3	9.51443200E-1	5.00914558E+0
1.05730382E+3	9.52920200E-1	5.01703178E+0
1.05727444E+3	9.54420600E-1	5.02489308E+0
1.05718105E+3	9.55866400E-1	5.03282253E+0
1.05721478E+3	9.57440700E-1	5.04051836E+0
1.05723158E+3	9.58878800E-1	5.04926728E+0
1.05725576E+3	9.60379100E-1	5.05712990E+0
1.05732091E+3	9.61871700E-1	5.06493794E+0
1.05724752E+3	9.63523700E-1	5.07274857E+0
1.05720271E+3	9.65066700E-1	5.08159827E+0
1.05725215E+3	9.66640900E-1	5.08949145E+0
1.05722968E+3	9.68040300E-1	5.09725244E+0
1.05715642E+3	9.69921500E-1	5.10510560E+0
1.05717817E+3	9.71278000E-1	5.11396948E+0
1.05711603E+3	9.72727800E-1	5.12185537E+0
1.05715935E+3	9.74352500E-1	5.12962019E+0
1.05712387E+3	9.75763400E-1	5.13744897E+0
1.05715705E+3	9.77555300E-1	5.14530450E+0
1.05703210E+3	9.78931200E-1	5.15415679E+0
1.05703840E+3	9.80066200E-1	5.16168820E+0
1.05701510E+3	9.80105100E-1	5.16853940E+0
1.05701249E+3	9.80085700E-1	5.16855112E+0
1.05709791E+3	9.80140100E-1	5.16852795E+0
1.05718680E+3	9.80276100E-1	5.16849652E+0
1.05711952E+3	9.80124600E-1	5.16852281E+0
1.05709809E+3	9.80264500E-1	5.16852228E+0
1.05707594E+3	9.80283800E-1	5.16851856E+0
1.05713426E+3	9.80295600E-1	5.16845269E+0
1.05724715E+3	9.80221700E-1	5.16852183E+0
1.05730069E+3	9.80081800E-1	5.16848364E+0
