# Begin of measurement: 19.07.2019 14:01:54
# R-Sample[Ohm]	I-Coil[A]	U-Magnetometer[V]
# Kei2000	HP E3631A +6V : I	Kei2000
8.98692155E+2	-1.78524600E-2	-5.52859141E+0
8.98663426E+2	-1.80040500E-2	-5.52861341E+0
8.98592957E+2	-1.79768400E-2	-5.52857708E+0
8.98891722E+2	-1.80118200E-2	-5.52859650E+0
8.98706339E+2	-1.78485700E-2	-5.52861345E+0
8.98350477E+2	-1.78135900E-2	-5.52862087E+0
8.98066616E+2	-1.79846100E-2	-5.52862302E+0
8.98397264E+2	-1.78408000E-2	-5.52865826E+0
8.98507541E+2	-1.63793300E-2	-5.52860629E+0
8.98555091E+2	-1.49722800E-2	-5.52156223E+0
8.98469221E+2	-1.35496800E-2	-5.51445189E+0
8.98679505E+2	-1.20765500E-2	-5.50838705E+0
8.98519518E+2	-1.07200300E-2	-5.50127814E+0
8.98795560E+2	-9.24689800E-3	-5.49417039E+0
8.98811613E+2	-7.66104900E-3	-5.48723195E+0
8.98513793E+2	-6.14516400E-3	-5.48016762E+0
8.98042883E+2	-4.76143300E-3	-5.47311246E+0
8.97943820E+2	-3.16392400E-3	-5.46600941E+0
8.98249430E+2	-1.69856800E-3	-5.45898748E+0
8.98167118E+2	-3.57593400E-4	-5.45194247E+0
8.99096227E+2	1.21270800E-3	-5.44486315E+0
8.99774944E+2	2.50704000E-3	-5.43777848E+0
9.00427995E+2	3.91409300E-3	-5.43199778E+0
8.99981310E+2	5.42220400E-3	-5.42491526E+0
9.00344692E+2	6.89533300E-3	-5.41784811E+0
9.01333476E+2	8.32570600E-3	-5.41080857E+0
9.00039729E+2	9.97374500E-3	-5.40373450E+0
8.99971211E+2	1.14740800E-2	-5.39665438E+0
8.99072664E+2	1.29821900E-2	-5.38959037E+0
8.99022277E+2	1.41638100E-2	-5.38249447E+0
8.98988145E+2	1.57574300E-2	-5.37643617E+0
8.98792631E+2	1.72266700E-2	-5.36936737E+0
8.98459824E+2	1.85870800E-2	-5.36231798E+0
8.98131195E+2	2.00757600E-2	-5.35526099E+0
8.98714091E+2	2.15100200E-2	-5.34818418E+0
8.98885245E+2	2.30997500E-2	-5.34113018E+0
8.99752361E+2	2.47011500E-2	-5.33406905E+0
8.99456658E+2	2.61470700E-2	-5.32698415E+0
8.99090350E+2	2.76046500E-2	-5.32022686E+0
8.99254146E+2	2.89961600E-2	-5.31311236E+0
8.99000383E+2	3.04070900E-2	-5.30605327E+0
8.98801626E+2	3.17869400E-2	-5.29985866E+0
8.98474358E+2	3.32872700E-2	-5.29280346E+0
8.98672574E+2	3.47837300E-2	-5.28565743E+0
8.98944817E+2	3.63618000E-2	-5.27864489E+0
8.98777890E+2	3.77377600E-2	-5.27158808E+0
8.98757341E+2	3.91759100E-2	-5.26456744E+0
8.98646300E+2	4.06645800E-2	-5.25757475E+0
8.98519499E+2	4.21416000E-2	-5.25052103E+0
8.99149270E+2	4.36808100E-2	-5.24346336E+0
8.99550071E+2	4.49362700E-2	-5.23637239E+0
9.00031202E+2	4.65882000E-2	-5.23020014E+0
9.00362156E+2	4.81312900E-2	-5.22310339E+0
8.99862473E+2	4.95577800E-2	-5.21602838E+0
8.99782592E+2	5.10814400E-2	-5.20899343E+0
8.99612564E+2	5.25312400E-2	-5.20194167E+0
8.99089241E+2	5.38372300E-2	-5.19486098E+0
8.98773590E+2	5.53336900E-2	-5.18778666E+0
8.98421330E+2	5.68767800E-2	-5.18071706E+0
8.98609460E+2	5.84548500E-2	-5.17364934E+0
8.98681281E+2	5.98968900E-2	-5.16660670E+0
8.98481714E+2	6.14710800E-2	-5.15949430E+0
8.98212352E+2	6.26682300E-2	-5.15252344E+0
8.97960822E+2	6.43007300E-2	-5.14632329E+0
8.98590241E+2	6.57699700E-2	-5.13921084E+0
8.99149168E+2	6.72275500E-2	-5.13218802E+0
8.98626925E+2	6.85996200E-2	-5.12510294E+0
8.98345046E+2	7.02437800E-2	-5.11797601E+0
8.97880034E+2	7.16041900E-2	-5.11089282E+0
8.97800784E+2	7.31161800E-2	-5.10390317E+0
8.97855494E+2	7.45193400E-2	-5.09684372E+0
8.97784107E+2	7.61712700E-2	-5.09002802E+0
8.98332151E+2	7.75899800E-2	-5.08297233E+0
8.97781226E+2	7.89814900E-2	-5.07587590E+0
8.98045229E+2	8.04623900E-2	-5.06874029E+0
8.97996192E+2	8.19083100E-2	-5.06173665E+0
8.98695758E+2	8.32920500E-2	-5.05553028E+0
8.98721934E+2	8.49362000E-2	-5.04848912E+0
8.97948157E+2	8.62927200E-2	-5.04135585E+0
8.98253721E+2	8.78241500E-2	-5.03443916E+0
8.98454504E+2	8.93439200E-2	-5.02732118E+0
8.99288524E+2	9.06654600E-2	-5.02024840E+0
8.98820587E+2	9.21813500E-2	-5.01318027E+0
8.98226532E+2	9.36933400E-2	-5.00613258E+0
8.98261814E+2	9.52947400E-2	-4.99900033E+0
8.98034914E+2	9.67601000E-2	-4.99198292E+0
8.98109842E+2	9.81788100E-2	-4.98490133E+0
8.99012126E+2	9.95819900E-2	-4.97794750E+0
8.98645503E+2	1.01214500E-1	-4.97084427E+0
8.98431392E+2	1.02423300E-1	-4.96378974E+0
8.97896705E+2	1.03873100E-1	-4.95760095E+0
8.97964519E+2	1.05381200E-1	-4.95052294E+0
8.98191148E+2	1.06974800E-1	-4.94352042E+0
8.98172911E+2	1.08385800E-1	-4.93645886E+0
8.97946552E+2	1.09932800E-1	-4.92935648E+0
8.97739601E+2	1.11425300E-1	-4.92236308E+0
8.98292969E+2	1.13003400E-1	-4.91523664E+0
8.98291536E+2	1.14301600E-1	-4.90820858E+0
8.98330576E+2	1.15922400E-1	-4.90106319E+0
8.98192878E+2	1.17387800E-1	-4.89399206E+0
8.98632223E+2	1.18837600E-1	-4.88701270E+0
8.98869659E+2	1.20201900E-1	-4.87986145E+0
8.99530890E+2	1.21729400E-1	-4.87277852E+0
8.99225047E+2	1.23206500E-1	-4.86597736E+0
8.99344012E+2	1.24718500E-1	-4.85886214E+0
8.99200596E+2	1.26098300E-1	-4.85182630E+0
8.98519448E+2	1.27435400E-1	-4.84559874E+0
8.98377428E+2	1.28997900E-1	-4.83854967E+0
8.98351807E+2	1.30467200E-1	-4.83143772E+0
8.98461602E+2	1.31959700E-1	-4.82438247E+0
8.99417248E+2	1.33568900E-1	-4.81727186E+0
8.98711379E+2	1.35038100E-1	-4.81024224E+0
8.98075440E+2	1.36383000E-1	-4.80320899E+0
8.98325889E+2	1.37906700E-1	-4.79609355E+0
8.98045406E+2	1.39399200E-1	-4.78904627E+0
8.98276409E+2	1.40992800E-1	-4.78193514E+0
8.99215494E+2	1.42539800E-1	-4.77487156E+0
8.99533081E+2	1.44047900E-1	-4.76777205E+0
8.99579955E+2	1.45330600E-1	-4.76066059E+0
8.99909160E+2	1.46943700E-1	-4.75356210E+0
8.99719769E+2	1.48366300E-1	-4.74654236E+0
8.99032993E+2	1.49936600E-1	-4.73946967E+0
8.98980538E+2	1.51137600E-1	-4.73235365E+0
8.98363375E+2	1.52661300E-1	-4.72612913E+0
8.98301281E+2	1.54270400E-1	-4.71900421E+0
8.98006028E+2	1.55580300E-1	-4.71192952E+0
8.97931505E+2	1.57240000E-1	-4.70483572E+0
8.98314069E+2	1.58616000E-1	-4.69781392E+0
8.98353178E+2	1.60155200E-1	-4.69069943E+0
8.99168420E+2	1.61616700E-1	-4.68365196E+0
8.99527883E+2	1.63233600E-1	-4.67657368E+0
8.99025454E+2	1.64706700E-1	-4.66945046E+0
8.99150228E+2	1.66055500E-1	-4.66232492E+0
8.98531309E+2	1.67653000E-1	-4.65529964E+0
8.98353707E+2	1.68939500E-1	-4.64820821E+0
8.98429078E+2	1.70447600E-1	-4.64130711E+0
8.97934529E+2	1.71955800E-1	-4.63428857E+0
8.98623917E+2	1.73436700E-1	-4.62718257E+0
8.98312094E+2	1.74867000E-1	-4.62012746E+0
8.97833665E+2	1.76344100E-1	-4.61393867E+0
8.97943985E+2	1.77677300E-1	-4.60683128E+0
8.97665650E+2	1.79286400E-1	-4.59975725E+0
8.98294520E+2	1.80814000E-1	-4.59264249E+0
8.99922125E+2	1.82197700E-1	-4.58565664E+0
8.98671905E+2	1.83674700E-1	-4.57852801E+0
8.99140248E+2	1.85287800E-1	-4.57144915E+0
8.99617371E+2	1.86624900E-1	-4.56437101E+0
8.99227961E+2	1.88125200E-1	-4.55727945E+0
8.99313579E+2	1.89746000E-1	-4.55018173E+0
8.98495499E+2	1.91273600E-1	-4.54309790E+0
8.97735956E+2	1.92645700E-1	-4.53602204E+0
8.97799266E+2	1.94103200E-1	-4.52903275E+0
8.97454617E+2	1.95525800E-1	-4.52199289E+0
8.96977860E+2	1.97177800E-1	-4.51483260E+0
8.97294605E+2	1.98577000E-1	-4.50776617E+0
8.97088734E+2	2.00011300E-1	-4.50069496E+0
8.97751510E+2	2.01511600E-1	-4.49357121E+0
8.98124167E+2	2.02864300E-1	-4.48743823E+0
8.98255650E+2	2.04349100E-1	-4.48028496E+0
8.99095614E+2	2.05787200E-1	-4.47327810E+0
8.99030963E+2	2.07423600E-1	-4.46617115E+0
8.98681811E+2	2.08838400E-1	-4.45908112E+0
8.98737511E+2	2.10393200E-1	-4.45199206E+0
8.97916775E+2	2.11905200E-1	-4.44490775E+0
8.97613733E+2	2.13320000E-1	-4.43780178E+0
8.98416097E+2	2.14762000E-1	-4.43074760E+0
8.98391047E+2	2.16149600E-1	-4.42364160E+0
8.98230798E+2	2.17762700E-1	-4.41682604E+0
8.98279114E+2	2.19123100E-1	-4.40968190E+0
8.98222828E+2	2.20619600E-1	-4.40261352E+0
8.97970713E+2	2.22197600E-1	-4.39551360E+0
8.98699681E+2	2.23663000E-1	-4.38838077E+0
8.98456330E+2	2.25070000E-1	-4.38126689E+0
8.98370126E+2	2.26403200E-1	-4.37511558E+0
8.98610219E+2	2.28012400E-1	-4.36799978E+0
8.98263499E+2	2.29512800E-1	-4.36096953E+0
8.98196496E+2	2.30865400E-1	-4.35389291E+0
8.97914257E+2	2.32408500E-1	-4.34676553E+0
8.98455546E+2	2.34052600E-1	-4.33964585E+0
8.98688141E+2	2.35354700E-1	-4.33258304E+0
8.98425354E+2	2.36847300E-1	-4.32549439E+0
8.98425084E+2	2.38464200E-1	-4.31841768E+0
8.98443771E+2	2.39929600E-1	-4.31126638E+0
8.98876901E+2	2.41398800E-1	-4.30419964E+0
8.98766446E+2	2.42973000E-1	-4.29710106E+0
8.99378797E+2	2.44352900E-1	-4.28998120E+0
8.99461839E+2	2.45927000E-1	-4.28285959E+0
8.99172260E+2	2.47349700E-1	-4.27575726E+0
8.98586933E+2	2.48577900E-1	-4.26867715E+0
8.97853237E+2	2.50016100E-1	-4.26240558E+0
8.97458291E+2	2.51559100E-1	-4.25532766E+0
8.97915270E+2	2.53036200E-1	-4.24819617E+0
8.98263138E+2	2.54699800E-1	-4.24117683E+0
8.98362156E+2	2.56029100E-1	-4.23407852E+0
8.97730855E+2	2.57677100E-1	-4.22700669E+0
8.98254853E+2	2.59119200E-1	-4.21988848E+0
8.98722971E+2	2.60479500E-1	-4.21279343E+0
8.98656644E+2	2.62174200E-1	-4.20569355E+0
8.99077578E+2	2.63573500E-1	-4.19862503E+0
8.98560694E+2	2.64914500E-1	-4.19145056E+0
8.98783676E+2	2.66496400E-1	-4.18473191E+0
8.98889673E+2	2.67895700E-1	-4.17753938E+0
8.97767290E+2	2.69403800E-1	-4.17045265E+0
8.98038632E+2	2.70981900E-1	-4.16340849E+0
8.98024372E+2	2.72400600E-1	-4.15625464E+0
8.97460471E+2	2.73691100E-1	-4.14912811E+0
8.97021442E+2	2.75156500E-1	-4.14291762E+0
8.96816472E+2	2.76785000E-1	-4.13582474E+0
8.97075161E+2	2.78110500E-1	-4.12879892E+0
8.97641486E+2	2.79591300E-1	-4.12166720E+0
8.98030984E+2	2.81052800E-1	-4.11457502E+0
8.97701104E+2	2.82607600E-1	-4.10744572E+0
8.97244604E+2	2.84255600E-1	-4.10030788E+0
8.98491807E+2	2.85814300E-1	-4.09322706E+0
8.98968074E+2	2.87100800E-1	-4.08610004E+0
8.98996307E+2	2.88694500E-1	-4.07896470E+0
8.98805519E+2	2.89949900E-1	-4.07200864E+0
8.98161728E+2	2.91543600E-1	-4.06487156E+0
8.98130613E+2	2.92997200E-1	-4.05780469E+0
8.98480891E+2	2.94668600E-1	-4.05070813E+0
8.98041096E+2	2.96036800E-1	-4.04356022E+0
8.98290870E+2	2.97272800E-1	-4.03640575E+0
8.98324596E+2	2.98959700E-1	-4.03022411E+0
8.98164513E+2	3.00331800E-1	-4.02308927E+0
8.98955576E+2	3.01766000E-1	-4.01606242E+0
8.97960443E+2	3.03456900E-1	-4.00895901E+0
8.97836525E+2	3.04770600E-1	-4.00182685E+0
8.98230615E+2	3.06399200E-1	-3.99470265E+0
8.98431848E+2	3.07864500E-1	-3.98759219E+0
8.97977848E+2	3.09279400E-1	-3.98046513E+0
8.98304546E+2	3.10806900E-1	-3.97333015E+0
8.98117137E+2	3.12264500E-1	-3.96622545E+0
8.98860694E+2	3.13698800E-1	-3.95939410E+0
8.98636137E+2	3.15179700E-1	-3.95225260E+0
8.99264781E+2	3.16668400E-1	-3.94523800E+0
8.99269772E+2	3.18234800E-1	-3.93802186E+0
8.99410101E+2	3.19707900E-1	-3.93095637E+0
8.98953646E+2	3.21134400E-1	-3.92386558E+0
8.99445178E+2	3.22592000E-1	-3.91670838E+0
8.98769614E+2	3.23925200E-1	-3.90960394E+0
8.98636870E+2	3.25557700E-1	-3.90345920E+0
8.98294517E+2	3.27081300E-1	-3.89631063E+0
8.97755660E+2	3.28472800E-1	-3.88923365E+0
8.98765516E+2	3.29794400E-1	-3.88208288E+0
8.99404518E+2	3.31333600E-1	-3.87494831E+0
8.98852827E+2	3.32981600E-1	-3.86782272E+0
8.99153573E+2	3.34493600E-1	-3.86071610E+0
8.98980348E+2	3.35997800E-1	-3.85358358E+0
8.98615701E+2	3.37334900E-1	-3.84638407E+0
8.99230472E+2	3.38784700E-1	-3.83930209E+0
8.99636316E+2	3.40304500E-1	-3.83219653E+0
8.99457597E+2	3.41890300E-1	-3.82504268E+0
8.99195530E+2	3.43433500E-1	-3.81793588E+0
8.98956698E+2	3.44949300E-1	-3.81074178E+0
8.98495965E+2	3.46294200E-1	-3.80364325E+0
8.97902865E+2	3.47681800E-1	-3.79654011E+0
8.98351890E+2	3.48999500E-1	-3.79032749E+0
8.98387192E+2	3.50604700E-1	-3.78322100E+0
8.98407455E+2	3.52109000E-1	-3.77607153E+0
8.97960456E+2	3.53527700E-1	-3.76892944E+0
8.97977837E+2	3.55035800E-1	-3.76180133E+0
8.98048546E+2	3.56687700E-1	-3.75465276E+0
8.97978519E+2	3.58036500E-1	-3.74756505E+0
8.98336001E+2	3.59466800E-1	-3.74037503E+0
8.98863061E+2	3.60885600E-1	-3.73357016E+0
8.98293629E+2	3.62572500E-1	-3.72640191E+0
8.97753691E+2	3.64092200E-1	-3.71930687E+0
8.97681712E+2	3.65429300E-1	-3.71207418E+0
8.97703587E+2	3.67019100E-1	-3.70501732E+0
8.97592412E+2	3.68492200E-1	-3.69787229E+0
8.98180710E+2	3.69868100E-1	-3.69074970E+0
8.98739921E+2	3.71306300E-1	-3.68358942E+0
8.99011893E+2	3.72651200E-1	-3.67651611E+0
8.98659500E+2	3.74275900E-1	-3.67028108E+0
8.98785435E+2	3.75838400E-1	-3.66309812E+0
8.99215053E+2	3.77093900E-1	-3.65599516E+0
8.98725277E+2	3.78780700E-1	-3.64882307E+0
8.98794215E+2	3.80191700E-1	-3.64169708E+0
8.98333212E+2	3.81707600E-1	-3.63456541E+0
8.98571369E+2	3.83048600E-1	-3.62743531E+0
8.98549962E+2	3.84673300E-1	-3.62070646E+0
8.98738493E+2	3.86002600E-1	-3.61352451E+0
8.98459180E+2	3.87522400E-1	-3.60638759E+0
8.98147447E+2	3.89011000E-1	-3.59922775E+0
8.98781900E+2	3.90596900E-1	-3.59210019E+0
8.98508171E+2	3.91914600E-1	-3.58494710E+0
8.98643549E+2	3.93585900E-1	-3.57779495E+0
8.98349342E+2	3.94888000E-1	-3.57062344E+0
8.98635725E+2	3.96427200E-1	-3.56441864E+0
8.98680213E+2	3.97733200E-1	-3.55729225E+0
8.98860282E+2	3.99221900E-1	-3.55017860E+0
8.99031211E+2	4.00761100E-1	-3.54301138E+0
8.99132931E+2	4.02300300E-1	-3.53585932E+0
8.99713974E+2	4.03800600E-1	-3.52871263E+0
9.00013189E+2	4.05316500E-1	-3.52159420E+0
8.99324747E+2	4.06622600E-1	-3.51439719E+0
8.99066057E+2	4.08290000E-1	-3.50754215E+0
8.98210783E+2	4.09728100E-1	-3.50030707E+0
8.98217312E+2	4.11061300E-1	-3.49312141E+0
8.98601978E+2	4.12639400E-1	-3.48601160E+0
8.98757862E+2	4.14221400E-1	-3.47887770E+0
8.99618674E+2	4.15733400E-1	-3.47164456E+0
8.99089138E+2	4.16860600E-1	-3.46449932E+0
8.98191447E+2	4.18524200E-1	-3.45826311E+0
8.98047400E+2	4.19822400E-1	-3.45117553E+0
8.98397543E+2	4.21412100E-1	-3.44397120E+0
8.98556179E+2	4.22850300E-1	-3.43684230E+0
8.98476253E+2	4.24304000E-1	-3.42963712E+0
8.97857109E+2	4.25843100E-1	-3.42247007E+0
8.97727426E+2	4.27448500E-1	-3.41526301E+0
8.98791318E+2	4.28987600E-1	-3.40806717E+0
8.98210268E+2	4.30282000E-1	-3.40096537E+0
8.98261537E+2	4.31902800E-1	-3.39371994E+0
8.98768830E+2	4.33306000E-1	-3.38653420E+0
8.98930348E+2	4.34802400E-1	-3.37934024E+0
8.98902025E+2	4.36252300E-1	-3.37222150E+0
8.99524095E+2	4.37853600E-1	-3.36505817E+0
8.99634325E+2	4.39210100E-1	-3.35784779E+0
8.98851232E+2	4.40516100E-1	-3.35063916E+0
8.99134958E+2	4.42102000E-1	-3.34427627E+0
8.99884414E+2	4.43602300E-1	-3.33710055E+0
9.00059081E+2	4.45040500E-1	-3.32999915E+0
8.99335245E+2	4.46673000E-1	-3.32280170E+0
8.99122440E+2	4.48045100E-1	-3.31559925E+0
8.98806564E+2	4.49627000E-1	-3.30838766E+0
8.98365541E+2	4.50917400E-1	-3.30117219E+0
8.98300249E+2	4.52503300E-1	-3.29400546E+0
8.99385439E+2	4.54143600E-1	-3.28679357E+0
8.98764359E+2	4.55410700E-1	-3.27959147E+0
8.97885130E+2	4.56907100E-1	-3.27266155E+0
8.97575063E+2	4.58508500E-1	-3.26542730E+0
8.98498356E+2	4.59853400E-1	-3.25824675E+0
8.98880224E+2	4.61415900E-1	-3.25096120E+0
9.00171195E+2	4.62846300E-1	-3.24386097E+0
9.00953613E+2	4.64377700E-1	-3.23664961E+0
8.99837848E+2	4.65679800E-1	-3.22944308E+0
8.99368830E+2	4.67110200E-1	-3.22312756E+0
8.99244506E+2	4.68906000E-1	-3.21602107E+0
8.99333303E+2	4.70293600E-1	-3.20789514E+0
9.00277688E+2	4.71922200E-1	-3.20066535E+0
9.00557091E+2	4.73274800E-1	-3.19344076E+0
9.00310694E+2	4.74755700E-1	-3.18620905E+0
8.99970098E+2	4.76275500E-1	-3.17200098E+0
8.99387247E+2	4.77869100E-1	-3.17174591E+0
8.99003011E+2	4.79245100E-1	-3.16448711E+0
8.98521970E+2	4.80838700E-1	-3.15736320E+0
8.97899900E+2	4.82199100E-1	-3.15011919E+0
8.97424352E+2	4.83691600E-1	-3.14288405E+0
8.97261078E+2	4.85219200E-1	-3.13560176E+0
8.97825827E+2	4.86626300E-1	-3.12834515E+0
8.98162507E+2	4.88332600E-1	-3.12109422E+0
8.98310516E+2	4.89809600E-1	-3.11384064E+0
8.98315424E+2	4.91150600E-1	-3.10656552E+0
8.97961499E+2	4.92654800E-1	-3.09943680E+0
8.98711991E+2	4.94089100E-1	-3.09218958E+0
8.98325510E+2	4.95744900E-1	-3.08489218E+0
8.98798131E+2	4.97000400E-1	-3.07764527E+0
8.98990101E+2	4.98570600E-1	-3.07130779E+0
8.98245507E+2	4.99950500E-1	-3.06402591E+0
8.98358304E+2	5.01536400E-1	-3.05669037E+0
8.98427558E+2	5.02799600E-1	-3.04934933E+0
8.99157472E+2	5.04393200E-1	-3.04240675E+0
8.99263379E+2	5.05749700E-1	-3.03516472E+0
8.99339478E+2	5.07273400E-1	-3.02783405E+0
8.98732312E+2	5.08855300E-1	-3.02050384E+0
8.98895901E+2	5.10476200E-1	-3.01315403E+0
8.98321200E+2	5.11887100E-1	-3.00579519E+0
8.98403693E+2	5.13247500E-1	-2.99837026E+0
8.97417791E+2	5.14736200E-1	-2.99096326E+0
8.96966262E+2	5.16201500E-1	-2.98357312E+0
8.97348858E+2	5.17787400E-1	-2.97618217E+0
8.97248535E+2	5.19388800E-1	-2.96875702E+0
8.97276497E+2	5.20527600E-1	-2.96130705E+0
8.96941890E+2	5.21942500E-1	-2.95483971E+0
8.96910325E+2	5.23508900E-1	-2.94728657E+0
8.97101512E+2	5.25149200E-1	-2.93971219E+0
8.98687586E+2	5.26622300E-1	-2.93237334E+0
8.98635577E+2	5.28009900E-1	-2.92492959E+0
8.98285570E+2	5.29642400E-1	-2.91729457E+0
8.99456179E+2	5.31107800E-1	-2.90960728E+0
8.99158360E+2	5.32596400E-1	-2.90205848E+0
8.99397282E+2	5.34046200E-1	-2.89414152E+0
9.00175985E+2	5.35503800E-1	-2.88628045E+0
8.98996640E+2	5.36965300E-1	-2.87844926E+0
8.99296666E+2	5.38399600E-1	-2.86988088E+0
8.99285453E+2	5.39954300E-1	-2.86175746E+0
8.99667476E+2	5.41373000E-1	-2.85319266E+0
8.99142893E+2	5.42702300E-1	-2.84559861E+0
8.99064900E+2	5.44144400E-1	-2.83614719E+0
8.99639462E+2	5.45874100E-1	-2.82607236E+0
8.99284276E+2	5.47323800E-1	-2.81666320E+0
8.98459172E+2	5.48816400E-1	-2.80514729E+0
8.98052473E+2	5.50281800E-1	-2.79310160E+0
8.99046030E+2	5.51743200E-1	-2.78110635E+0
8.98795941E+2	5.53231900E-1	-2.76912139E+0
8.99203112E+2	5.54600000E-1	-2.75125754E+0
8.98826403E+2	5.56135400E-1	-2.73198301E+0
8.98799611E+2	5.57604700E-1	-2.71003890E+0
8.99174114E+2	5.59054400E-1	-2.68901308E+0
8.98673801E+2	5.60776400E-1	-2.66546543E+0
8.98381385E+2	5.62214500E-1	-2.63924901E+0
8.98945982E+2	5.63687600E-1	-2.61377021E+0
8.98618248E+2	5.64826500E-1	-2.59172142E+0
8.98927865E+2	5.66424000E-1	-2.56793297E+0
8.98621670E+2	5.67749500E-1	-2.54412788E+0
8.97588938E+2	5.69416900E-1	-2.51436640E+0
8.97372756E+2	5.70773400E-1	-2.48273633E+0
8.97642908E+2	5.72406000E-1	-2.45544475E+0
8.98102181E+2	5.73711900E-1	-2.43177601E+0
8.98411258E+2	5.75387100E-1	-2.41044261E+0
8.97785945E+2	5.76759200E-1	-2.38690132E+0
8.97667970E+2	5.78348900E-1	-2.36548095E+0
8.98009917E+2	5.79756000E-1	-2.35360640E+0
8.97613665E+2	5.81380700E-1	-2.34340595E+0
8.98492528E+2	5.82760600E-1	-2.33411807E+0
8.98793274E+2	5.84179300E-1	-2.32557213E+0
8.98859106E+2	5.85753400E-1	-2.31697416E+0
8.98584657E+2	5.87125500E-1	-2.30874631E+0
8.98016710E+2	5.88719100E-1	-2.30045600E+0
8.97713668E+2	5.90106800E-1	-2.29236130E+0
8.97420405E+2	5.91661500E-1	-2.28533498E+0
8.97355271E+2	5.93095800E-1	-2.27715373E+0
8.97999631E+2	5.94568900E-1	-2.26915194E+0
8.98913307E+2	5.95913800E-1	-2.26101890E+0
8.98837704E+2	5.97328600E-1	-2.25302153E+0
8.98577259E+2	5.98887300E-1	-2.24526998E+0
8.98075088E+2	6.00554700E-1	-2.23717687E+0
8.98527071E+2	6.01895700E-1	-2.22910464E+0
8.98047966E+2	6.03516500E-1	-2.22100407E+0
8.98496992E+2	6.04997400E-1	-2.21298304E+0
8.98857491E+2	6.06350100E-1	-2.20488318E+0
8.98542065E+2	6.07889300E-1	-2.19680148E+0
8.98960066E+2	6.09296300E-1	-2.18872899E+0
8.99072886E+2	6.10987100E-1	-2.18075876E+0
8.99980708E+2	6.12133700E-1	-2.17262706E+0
8.99870748E+2	6.13723500E-1	-2.16559775E+0
8.98719456E+2	6.15177200E-1	-2.15745648E+0
8.98563116E+2	6.16595900E-1	-2.14939374E+0
8.98547131E+2	6.18154500E-1	-2.14132272E+0
8.98601286E+2	6.19557700E-1	-2.13317009E+0
8.98437567E+2	6.21081400E-1	-2.12514840E+0
8.98804370E+2	6.22706100E-1	-2.11703803E+0
8.98240026E+2	6.24050900E-1	-2.10890709E+0
8.97637767E+2	6.25516300E-1	-2.10084577E+0
8.97666180E+2	6.27160500E-1	-2.09277185E+0
8.97806310E+2	6.28513100E-1	-2.08464838E+0
8.98736888E+2	6.30141700E-1	-2.07653421E+0
8.99006160E+2	6.31513800E-1	-2.06844705E+0
8.98860042E+2	6.33150100E-1	-2.06037142E+0
8.99762011E+2	6.34510500E-1	-2.05235469E+0
8.99015480E+2	6.35890400E-1	-2.04417778E+0
8.98270526E+2	6.37526800E-1	-2.03617445E+0
8.97759676E+2	6.38895000E-1	-2.02804420E+0
8.98415834E+2	6.40403000E-1	-2.02092384E+0
8.97945555E+2	6.41771300E-1	-2.01288855E+0
8.98267194E+2	6.43244400E-1	-2.00475609E+0
8.98890166E+2	6.44698100E-1	-1.99665829E+0
8.98707710E+2	6.46295500E-1	-1.98887610E+0
8.98782186E+2	6.47671500E-1	-1.98074051E+0
8.99110118E+2	6.49331200E-1	-1.97263859E+0
8.99149203E+2	6.50878200E-1	-1.96356974E+0
8.98450403E+2	6.52495100E-1	-1.95549724E+0
8.98861470E+2	6.53816700E-1	-1.94737102E+0
8.98544558E+2	6.55437500E-1	-1.93918706E+0
8.98664211E+2	6.57007800E-1	-1.93110244E+0
8.97834035E+2	6.58512100E-1	-1.92209727E+0
8.97739520E+2	6.60105700E-1	-1.91400161E+0
8.97930846E+2	6.61641000E-1	-1.90594454E+0
8.98074983E+2	6.63129700E-1	-1.89785497E+0
8.98736454E+2	6.64614400E-1	-1.88873276E+0
8.98379332E+2	6.66114800E-1	-1.88062972E+0
8.98896666E+2	6.67793900E-1	-1.87248993E+0
8.99309759E+2	6.69080500E-1	-1.86442007E+0
8.99321106E+2	6.70884000E-1	-1.85639055E+0
8.99325879E+2	6.72380400E-1	-1.84728691E+0
8.98669812E+2	6.73748600E-1	-1.83918204E+0
8.98291751E+2	6.75412200E-1	-1.83103786E+0
8.99073027E+2	6.77072000E-1	-1.82299260E+0
8.99011923E+2	6.78393500E-1	-1.81380815E+0
8.98910023E+2	6.79932600E-1	-1.80569724E+0
8.98980718E+2	6.81401900E-1	-1.79760722E+0
8.99099279E+2	6.82824500E-1	-1.78957667E+0
8.98890436E+2	6.84694100E-1	-1.78146111E+0
8.98042675E+2	6.86007900E-1	-1.77240998E+0
8.98077347E+2	6.87694800E-1	-1.76430489E+0
8.98228238E+2	6.89183500E-1	-1.75618173E+0
8.97975357E+2	6.90827600E-1	-1.74805437E+0
8.98871337E+2	6.92277400E-1	-1.73891164E+0
8.98122871E+2	6.93665000E-1	-1.73075950E+0
8.97713842E+2	6.95293700E-1	-1.72295554E+0
8.99090189E+2	6.96677400E-1	-1.71486686E+0
8.98656608E+2	6.98434300E-1	-1.70680939E+0
8.97701101E+2	6.99926800E-1	-1.69768763E+0
8.98118516E+2	7.01345500E-1	-1.68955611E+0
8.97371717E+2	7.02873000E-1	-1.68145182E+0
8.96978190E+2	7.04474400E-1	-1.67333895E+0
8.97293406E+2	7.05986500E-1	-1.66428811E+0
8.98041331E+2	7.07584000E-1	-1.65611505E+0
8.98758187E+2	7.09041500E-1	-1.64799117E+0
8.98081992E+2	7.10526400E-1	-1.63992454E+0
8.97987207E+2	7.12073300E-1	-1.63171498E+0
8.97766248E+2	7.13554200E-1	-1.62259895E+0
8.98496844E+2	7.15089600E-1	-1.61449278E+0
8.97624280E+2	7.16512200E-1	-1.60641591E+0
8.97366491E+2	7.18350600E-1	-1.59830509E+0
8.96922689E+2	7.19707200E-1	-1.58917359E+0
8.97841588E+2	7.21238600E-1	-1.58104694E+0
8.98286695E+2	7.22700100E-1	-1.57286167E+0
8.98546414E+2	7.24437500E-1	-1.56474100E+0
8.98994088E+2	7.25976700E-1	-1.55562333E+0
9.00169515E+2	7.27527600E-1	-1.54748014E+0
9.00463327E+2	7.28969600E-1	-1.53935609E+0
9.00757003E+2	7.30547700E-1	-1.53133242E+0
9.01073644E+2	7.32079100E-1	-1.52320010E+0
8.99990205E+2	7.33478400E-1	-1.51405196E+0
8.98719047E+2	7.35068100E-1	-1.50587858E+0
8.98397768E+2	7.36689000E-1	-1.49775667E+0
8.98693696E+2	7.38239800E-1	-1.48961164E+0
8.98732781E+2	7.39864500E-1	-1.48044155E+0
8.97441000E+2	7.41155000E-1	-1.47229147E+0
8.97788927E+2	7.42616500E-1	-1.46453186E+0
8.97940783E+2	7.44470500E-1	-1.45642239E+0
8.97620044E+2	7.45854300E-1	-1.44722532E+0
8.98020078E+2	7.47486700E-1	-1.43908526E+0
8.97619369E+2	7.48936600E-1	-1.43102618E+0
8.97765712E+2	7.50308600E-1	-1.42276824E+0
8.97897634E+2	7.51991700E-1	-1.41470760E+0
8.98397035E+2	7.53449200E-1	-1.40566866E+0
8.98352187E+2	7.54957300E-1	-1.39747704E+0
8.97595391E+2	7.56372200E-1	-1.38935495E+0
8.97955755E+2	7.58179600E-1	-1.38125822E+0
8.98495288E+2	7.59629400E-1	-1.37205167E+0
8.98309652E+2	7.61172400E-1	-1.36394725E+0
8.97918169E+2	7.62618400E-1	-1.35585325E+0
8.97663307E+2	7.63831100E-1	-1.34775304E+0
8.98700360E+2	7.65510200E-1	-1.34103330E+0
8.98433611E+2	7.67026100E-1	-1.33190037E+0
8.98515203E+2	7.68475900E-1	-1.32374541E+0
8.97657505E+2	7.69999600E-1	-1.31562158E+0
8.96982897E+2	7.71799200E-1	-1.30742571E+0
8.96763248E+2	7.73186800E-1	-1.29831272E+0
8.97490549E+2	7.74718200E-1	-1.29020754E+0
8.97380139E+2	7.76117500E-1	-1.28202490E+0
8.98114060E+2	7.77769500E-1	-1.27399520E+0
8.97884459E+2	7.79335900E-1	-1.26587330E+0
8.97781350E+2	7.80960600E-1	-1.25676245E+0
8.97663195E+2	7.82282100E-1	-1.24859390E+0
8.98610100E+2	7.83774700E-1	-1.24050419E+0
8.98721861E+2	7.85551000E-1	-1.23232733E+0
8.97913779E+2	7.87129100E-1	-1.22313737E+0
8.97853035E+2	7.88571100E-1	-1.21500828E+0
8.98263599E+2	7.90017000E-1	-1.20715625E+0
8.97904181E+2	7.91676700E-1	-1.19904064E+0
8.97619376E+2	7.93072100E-1	-1.18990203E+0
8.98844963E+2	7.94580200E-1	-1.18173742E+0
8.98292147E+2	7.96099900E-1	-1.17360087E+0
8.98147020E+2	7.97573100E-1	-1.16546832E+0
8.98100641E+2	7.99376600E-1	-1.15735652E+0
8.98113024E+2	8.00725400E-1	-1.14808429E+0
8.99562989E+2	8.02221900E-1	-1.14003076E+0
9.00406013E+2	8.03815500E-1	-1.13192884E+0
9.00059609E+2	8.05494600E-1	-1.12374866E+0
9.00244901E+2	8.06878400E-1	-1.11465790E+0
8.99653748E+2	8.08370900E-1	-1.10650066E+0
8.99342162E+2	8.09851700E-1	-1.09833618E+0
9.00072841E+2	8.11503700E-1	-1.09013732E+0
9.00183161E+2	8.13159600E-1	-1.08102003E+0
8.99551320E+2	8.14512200E-1	-1.07287375E+0
8.99142055E+2	8.16016400E-1	-1.06477988E+0
8.98404741E+2	8.17625500E-1	-1.05658974E+0
8.98416523E+2	8.19184200E-1	-1.04849131E+0
8.98104430E+2	8.20641800E-1	-1.03934621E+0
8.97706017E+2	8.22320800E-1	-1.03113348E+0
8.97439538E+2	8.23638500E-1	-1.02301873E+0
8.98089525E+2	8.25426500E-1	-1.01494739E+0
8.98591923E+2	8.26794700E-1	-1.00576330E+0
8.98784914E+2	8.28279500E-1	-9.97653959E-1
8.98593633E+2	8.29849800E-1	-9.89459967E-1
8.98307836E+2	8.31350100E-1	-9.81446724E-1
8.98197742E+2	8.33091400E-1	-9.73270440E-1
8.98501414E+2	8.34448000E-1	-9.64144640E-1
8.98127940E+2	8.36088300E-1	-9.55941482E-1
8.97572443E+2	8.37530200E-1	-9.48071517E-1
8.98220989E+2	8.39162700E-1	-9.39953814E-1
8.97692624E+2	8.40589300E-1	-9.30772985E-1
8.97197265E+2	8.42004100E-1	-9.22593794E-1
8.97808122E+2	8.43605400E-1	-9.14483023E-1
8.97468427E+2	8.45362400E-1	-9.06369344E-1
8.97810785E+2	8.46889900E-1	-8.97187710E-1
8.97789892E+2	8.48230900E-1	-8.89040628E-1
8.97296064E+2	8.49851700E-1	-8.80947877E-1
8.97539758E+2	8.51363800E-1	-8.72762024E-1
8.97049938E+2	8.52899000E-1	-8.64694315E-1
8.96797102E+2	8.54399400E-1	-8.55460540E-1
8.97354787E+2	8.56031800E-1	-8.47305229E-1
8.97897066E+2	8.57357300E-1	-8.39177554E-1
8.97467449E+2	8.59226900E-1	-8.31069734E-1
8.97843933E+2	8.60532900E-1	-8.22018363E-1
8.98509725E+2	8.62002200E-1	-8.13895339E-1
8.98568037E+2	8.63545200E-1	-8.05722141E-1
8.97665976E+2	8.64998900E-1	-7.97566606E-1
8.97728656E+2	8.66705200E-1	-7.89460211E-1
8.97514590E+2	8.68333800E-1	-7.80269008E-1
8.98110318E+2	8.69752500E-1	-7.72146565E-1
8.98085868E+2	8.71163500E-1	-7.64006548E-1
8.97286295E+2	8.72970900E-1	-7.55946129E-1
8.97343946E+2	8.74482900E-1	-7.46771153E-1
8.97050037E+2	8.75812200E-1	-7.38598188E-1
8.97248748E+2	8.77448600E-1	-7.30443771E-1
8.97118390E+2	8.78987800E-1	-7.22319137E-1
8.97707139E+2	8.80577500E-1	-7.13146760E-1
8.97887928E+2	8.82070100E-1	-7.05025479E-1
8.98972868E+2	8.83403300E-1	-6.96884567E-1
8.99106903E+2	8.84857000E-1	-6.89054714E-1
8.98698899E+2	8.86540000E-1	-6.80842880E-1
8.98228531E+2	8.88188100E-1	-6.71794282E-1
8.98502034E+2	8.89513500E-1	-6.63634589E-1
8.98837992E+2	8.91041100E-1	-6.55443727E-1
8.99001428E+2	8.92891200E-1	-6.47272541E-1
8.98439827E+2	8.94224500E-1	-6.38116486E-1
8.97644713E+2	8.95713000E-1	-6.29973249E-1
8.97684518E+2	8.97229000E-1	-6.21874104E-1
8.97876160E+2	8.98752600E-1	-6.13709173E-1
8.96838746E+2	9.00482300E-1	-6.05610877E-1
8.96757661E+2	9.01846600E-1	-5.96350718E-1
8.96917359E+2	9.03346900E-1	-5.88205155E-1
8.96931814E+2	9.04827800E-1	-5.80034371E-1
8.96707751E+2	9.06557500E-1	-5.71889381E-1
8.96964549E+2	9.07995600E-1	-5.62758591E-1
8.97075185E+2	9.09554300E-1	-5.54587225E-1
8.97360936E+2	9.11221800E-1	-5.46396004E-1
8.97127022E+2	9.12729800E-1	-5.38224281E-1
8.96896340E+2	9.14168000E-1	-5.29181227E-1
8.97837933E+2	9.15831600E-1	-5.21004093E-1
8.97544887E+2	9.17285300E-1	-5.12827674E-1
8.98676591E+2	9.18637800E-1	-5.04707421E-1
8.98687038E+2	9.20340300E-1	-4.96614669E-1
8.97242256E+2	9.21937800E-1	-4.87379820E-1
8.96642295E+2	9.23341100E-1	-4.79243066E-1
8.97142923E+2	9.24786900E-1	-4.71143875E-1
8.97144860E+2	9.26547700E-1	-4.62956053E-1
8.97248515E+2	9.28094700E-1	-4.53776028E-1
8.97244733E+2	9.29560100E-1	-4.45703802E-1
8.97181468E+2	9.30963200E-1	-4.37526399E-1
8.97081729E+2	9.32801700E-1	-4.29676958E-1
8.98155527E+2	9.34224300E-1	-4.20460264E-1
8.98123286E+2	9.35538100E-1	-4.04871389E-1
8.98146971E+2	9.37252100E-1	-4.04216851E-1
8.97972035E+2	9.38558200E-1	-3.95039644E-1
8.97803788E+2	9.40256800E-1	-3.87950677E-1
8.97721373E+2	9.41865900E-1	-3.78779372E-1
8.97554542E+2	9.43210800E-1	-3.70578135E-1
8.97888204E+2	9.44695600E-1	-3.62587251E-1
8.97489160E+2	9.46390200E-1	-3.54337002E-1
8.97164639E+2	9.48007200E-1	-3.45180857E-1
8.97400240E+2	9.49429800E-1	-3.36989323E-1
8.97466640E+2	9.51031200E-1	-3.28813396E-1
8.97277789E+2	9.52535400E-1	-3.20685988E-1
8.98220104E+2	9.54047500E-1	-3.12516858E-1
8.97717314E+2	9.55524400E-1	-3.03331064E-1
8.97103979E+2	9.57052000E-1	-2.95400103E-1
8.97060076E+2	9.58567900E-1	-2.87263885E-1
8.96883261E+2	9.60204200E-1	-2.79056343E-1
8.97502495E+2	9.61809500E-1	-2.69831018E-1
8.97927295E+2	9.63243800E-1	-2.61751280E-1
8.98474123E+2	9.64689700E-1	-2.53603883E-1
9.00524187E+2	9.66462100E-1	-2.45449554E-1
8.99032793E+2	9.67877000E-1	-2.36401403E-1
8.97776218E+2	9.69470600E-1	-2.28230183E-1
8.98038374E+2	9.70768800E-1	-2.20003235E-1
8.97876451E+2	9.72273000E-1	-2.11905832E-1
8.98404502E+2	9.74057100E-1	-2.03688943E-1
8.97844346E+2	9.75666300E-1	-1.94488302E-1
8.97643923E+2	9.76972300E-1	-1.86326461E-1
8.97673565E+2	9.78581400E-1	-1.78198113E-1
8.97911136E+2	9.80124600E-1	-1.70387577E-1
8.97698511E+2	9.80089600E-1	-1.61279547E-1
8.98960033E+2	9.80077800E-1	-1.61241895E-1
8.99093768E+2	9.80116700E-1	-1.61243817E-1
8.98769427E+2	9.80128400E-1	-1.61201827E-1
8.98928558E+2	9.80132300E-1	-1.61221548E-1
8.98873706E+2	9.80272200E-1	-1.61204779E-1
8.98299811E+2	9.80221700E-1	-1.61213722E-1
8.97378029E+2	9.80101200E-1	-1.61221414E-1
8.96716424E+2	9.80182800E-1	-1.61243102E-1
8.96946745E+2	9.80136200E-1	-1.61290281E-1
8.97267484E+2	9.80190600E-1	-1.61293107E-1
8.97488395E+2	9.80241100E-1	-1.61354326E-1
8.97242358E+2	9.80077800E-1	-1.61319312E-1
8.97415055E+2	9.80217800E-1	-1.61364522E-1
8.97450538E+2	9.80233400E-1	-1.61309295E-1
8.96997910E+2	9.80081800E-1	-1.61366310E-1
8.96881961E+2	9.80085700E-1	-1.61304069E-1
8.97115165E+2	9.80245000E-1	-1.61328534E-1
8.97326304E+2	9.80023500E-1	-1.61323615E-1
8.97074639E+2	9.80050700E-1	-1.61339535E-1
8.96764707E+2	9.80054600E-1	-1.61272189E-1
8.96483876E+2	9.80093400E-1	-1.61296337E-1
8.96325240E+2	9.80097300E-1	-1.61247460E-1
8.96672996E+2	9.80256700E-1	-1.61269551E-1
8.97447579E+2	9.80198400E-1	-1.61258058E-1
8.98409391E+2	9.80101200E-1	-1.61295622E-1
8.98197756E+2	9.80101200E-1	-1.61266197E-1
8.97452442E+2	9.80085700E-1	-1.61291373E-1
8.96677904E+2	9.80206100E-1	-1.61310244E-1
8.96462815E+2	9.80085700E-1	-1.61323660E-1
8.96917604E+2	9.80268400E-1	-1.61290792E-1
8.96704259E+2	9.80124600E-1	-1.61280865E-1
8.96657204E+2	9.80283800E-1	-1.61284442E-1
8.96614382E+2	9.80066200E-1	-1.61309305E-1
8.97692142E+2	9.80085700E-1	-1.61312659E-1
8.97596411E+2	9.80213900E-1	-1.61381883E-1
8.98105460E+2	9.80225600E-1	-1.61340966E-1
8.97262839E+2	9.80066200E-1	-1.61332424E-1
8.96983977E+2	9.80093400E-1	-1.61318472E-1
8.97512298E+2	9.80116700E-1	-1.61265347E-1
8.97841997E+2	9.80077800E-1	-1.61276974E-1
8.98351677E+2	9.80116700E-1	-1.61316818E-1
8.98035756E+2	9.80241100E-1	-1.61316281E-1
8.98284809E+2	9.80295600E-1	-1.61275774E-1
8.98655706E+2	9.80198400E-1	-1.61273765E-1
8.97327236E+2	9.80089600E-1	-1.61260260E-1
8.97534188E+2	9.80070100E-1	-1.61310434E-1
8.98907336E+2	9.80248900E-1	-1.61277029E-1
8.99574121E+2	9.80272200E-1	-1.61253329E-1
8.99367754E+2	9.80151700E-1	-1.61255296E-1
8.98616767E+2	9.80124600E-1	-1.61265000E-1
8.98498476E+2	9.80233400E-1	-1.61262406E-1
8.98075416E+2	9.80280000E-1	-1.61287225E-1
8.98044070E+2	9.80105100E-1	-1.61227661E-1
8.97701537E+2	9.80081800E-1	-1.61214782E-1
8.97654887E+2	9.80264500E-1	-1.61228957E-1
8.97445504E+2	9.80190600E-1	-1.61238661E-1
8.97606931E+2	9.80128400E-1	-1.61263346E-1
8.98431946E+2	9.80233400E-1	-1.61235710E-1
8.98224409E+2	9.80276100E-1	-1.61231506E-1
8.97745162E+2	9.80124600E-1	-1.61244743E-1
8.97094872E+2	9.80128400E-1	-1.61227929E-1
8.96847304E+2	9.80140100E-1	-1.61247918E-1
8.97023591E+2	9.80077800E-1	-1.61236515E-1
8.97713701E+2	9.80074000E-1	-1.61238303E-1
8.97550157E+2	9.80066200E-1	-1.61277298E-1
8.97538044E+2	9.80120700E-1	-1.61228644E-1
8.96867972E+2	9.80245000E-1	-1.61262541E-1
8.96949649E+2	9.80291700E-1	-1.61272513E-1
8.97153885E+2	9.80248900E-1	-1.61250780E-1
8.97277039E+2	9.80260600E-1	-1.61249135E-1
8.97596022E+2	9.80182800E-1	-1.61271182E-1
8.97796760E+2	9.80182800E-1	-1.61272747E-1
8.98381142E+2	9.80077800E-1	-1.61227894E-1
8.98229935E+2	9.80260600E-1	-1.61197889E-1
8.98311212E+2	9.80085700E-1	-1.61222305E-1
8.98405400E+2	9.80268400E-1	-1.61266933E-1
8.98491613E+2	9.80167300E-1	-1.61272791E-1
8.98692080E+2	9.80070100E-1	-1.61242294E-1
8.97755575E+2	9.80112800E-1	-1.61251774E-1
8.96981667E+2	9.80093400E-1	-1.61237241E-1
8.97048625E+2	9.80178900E-1	-1.61205759E-1
8.96728111E+2	9.80097300E-1	-1.61231740E-1
8.96424078E+2	9.80213900E-1	-1.61208934E-1
8.96414363E+2	9.80241100E-1	-1.61251550E-1
8.96674051E+2	9.80112800E-1	-1.61251729E-1
8.97258973E+2	9.80163400E-1	-1.61273015E-1
8.97390637E+2	9.80093400E-1	-1.61238537E-1
8.97316745E+2	9.80221700E-1	-1.61261031E-1
8.97232451E+2	9.80206100E-1	-1.61279633E-1
8.97664817E+2	9.80167300E-1	-1.61310326E-1
8.98563949E+2	9.80120700E-1	-1.61292130E-1
8.97977232E+2	9.80105100E-1	-1.61241509E-1
8.97240425E+2	9.80116700E-1	-1.61244058E-1
8.96503847E+2	9.80143900E-1	-1.61251437E-1
8.96343140E+2	9.80120700E-1	-1.61223533E-1
8.96688870E+2	9.80116700E-1	-1.61225322E-1
8.97135284E+2	9.80210000E-1	-1.61221297E-1
8.97191434E+2	9.80178900E-1	-1.61209134E-1
8.97009744E+2	9.80062300E-1	-1.61261856E-1
8.96484194E+2	9.80136200E-1	-1.61261990E-1
8.96288462E+2	9.80221700E-1	-1.61246026E-1
8.96620548E+2	9.80241100E-1	-1.61243611E-1
8.96660759E+2	9.80097300E-1	-1.61245710E-1
8.96235644E+2	9.80132300E-1	-1.61240560E-1
8.96693135E+2	9.80237300E-1	-1.61259565E-1
8.97364286E+2	9.80245000E-1	-1.61258313E-1
