# Begin of measurement: 19.07.2019 13:15:53
# R-Sample[Ohm]	I-Coil[A]	U-Magnetometer[V]
# Kei2000	HP E3631A +6V : I	Kei2000
1.10229542E+3	-1.77164200E-2	-1.78689931E-1
1.10229537E+3	-1.76581200E-2	-1.78718104E-1
1.10229659E+3	-1.76658900E-2	-1.78700038E-1
1.10228614E+3	-1.78485700E-2	-1.78702139E-1
1.10228803E+3	-1.76969800E-2	-1.78708221E-1
1.10229704E+3	-1.76853200E-2	-1.78696416E-1
1.10228420E+3	-1.77125300E-2	-1.78690200E-1
1.10229483E+3	-1.77203100E-2	-1.78681077E-1
1.10229699E+3	-1.78446900E-2	-1.78712693E-1
1.10228952E+3	-1.77708300E-2	-1.78722933E-1
1.10227416E+3	-1.76697800E-2	-1.78700619E-1
1.10226268E+3	-1.77358500E-2	-1.78709652E-1
1.10226939E+3	-1.76697800E-2	-1.78671105E-1
1.10228247E+3	-1.76853200E-2	-1.78648836E-1
1.10228224E+3	-1.78174800E-2	-1.78708802E-1
1.10227432E+3	-1.77086400E-2	-1.78695879E-1
1.10229179E+3	-1.78097000E-2	-1.78708624E-1
1.10228810E+3	-1.78174800E-2	-1.78701880E-1
1.10229800E+3	-1.76969800E-2	-1.78682117E-1
1.10230039E+3	-1.76736600E-2	-1.78708367E-1
1.10229146E+3	-1.78097000E-2	-1.78726120E-1
1.10229789E+3	-1.78796700E-2	-1.78726478E-1
1.10230285E+3	-1.76658900E-2	-1.78744857E-1
1.10228862E+3	-1.78174800E-2	-1.78726699E-1
1.10228610E+3	-1.78213600E-2	-1.78726198E-1
1.10229807E+3	-1.77164200E-2	-1.78691318E-1
1.10229668E+3	-1.78058200E-2	-1.78687472E-1
1.10229663E+3	-1.77319700E-2	-1.78627326E-1
1.10229650E+3	-1.78446900E-2	-1.78692570E-1
1.10230244E+3	-1.76736600E-2	-1.78705896E-1
1.10229816E+3	-1.78330300E-2	-1.78702318E-1
1.10229465E+3	-1.78835500E-2	-1.78670479E-1
1.10227898E+3	-1.62432900E-2	-1.78689574E-1
1.10229632E+3	-1.46846500E-2	-1.71408439E-1
1.10229001E+3	-1.33281300E-2	-1.64059242E-1
1.10229645E+3	-1.18977500E-2	-1.56795684E-1
1.10229213E+3	-1.03896400E-2	-1.50422557E-1
1.10229943E+3	-9.00202500E-3	-1.43056412E-1
1.10229843E+3	-7.56387700E-3	-1.35851297E-1
1.10230343E+3	-6.12961700E-3	-1.28583801E-1
1.10230096E+3	-4.46214300E-3	-1.21261390E-1
1.10230401E+3	-3.12894200E-3	-1.13893099E-1
1.10230352E+3	-1.63637800E-3	-1.06600292E-1
1.10229465E+3	-2.06004900E-4	-9.93082453E-2
1.10229407E+3	1.33320100E-3	-9.19736716E-2
1.10229222E+3	2.52647500E-3	-8.46753195E-2
1.10229803E+3	4.10066300E-3	-7.86445497E-2
1.10229316E+3	5.73704100E-3	-7.13172219E-2
1.10229389E+3	7.16352700E-3	-6.39957948E-2
1.10229911E+3	8.50450300E-3	-5.67160449E-2
1.10230047E+3	1.01486600E-2	-4.93920689E-2
1.10228349E+3	1.15362700E-2	-4.21260028E-2
1.10226579E+3	1.30171800E-2	-3.47566804E-2
1.10227827E+3	1.44941900E-2	-2.74686135E-2
1.10227246E+3	1.60917000E-2	-2.02392167E-2
1.10228961E+3	1.74210100E-2	-1.29504790E-2
1.10229925E+3	1.87464400E-2	-6.52082077E-3
1.10229430E+3	2.02545500E-2	7.73689324E-4
1.10230578E+3	2.16965900E-2	8.12493356E-3
1.10230141E+3	2.32513400E-2	1.54624493E-2
1.10227136E+3	2.48333000E-2	2.27358389E-2
1.10229881E+3	2.63336400E-2	3.00124930E-2
1.10229786E+3	2.76396400E-2	3.70620674E-2
1.10230538E+3	2.91477500E-2	4.43369775E-2
1.10229628E+3	3.06364300E-2	5.16903682E-2
1.10230173E+3	3.20823400E-2	5.89845072E-2
1.10230214E+3	3.35982300E-2	6.63336049E-2
1.10227737E+3	3.49430900E-2	7.36469727E-2
1.10226562E+3	3.64006700E-2	8.00366888E-2
1.10226400E+3	3.79282200E-2	8.73566307E-2
1.10227985E+3	3.94052400E-2	9.46123571E-2
1.10228908E+3	4.09561000E-2	1.01901443E-1
1.10229250E+3	4.23670400E-2	1.09200904E-1
1.10229273E+3	4.38362800E-2	1.16486189E-1
1.10230506E+3	4.54065800E-2	1.23801212E-1
1.10229786E+3	4.67747700E-2	1.31068252E-1
1.10230052E+3	4.84228100E-2	1.38364583E-1
1.10229412E+3	4.96199700E-2	1.45750574E-1
1.10229700E+3	5.11164100E-2	1.52062253E-1
1.10229873E+3	5.27372500E-2	1.59416145E-1
1.10230265E+3	5.42842300E-2	1.66758670E-1
1.10230418E+3	5.56524100E-2	1.74042525E-1
1.10229500E+3	5.72032800E-2	1.81294138E-1
1.10230090E+3	5.85520300E-2	1.88641492E-1
1.10230441E+3	6.00368200E-2	1.95920326E-1
1.10229788E+3	6.15177200E-2	2.03222336E-1
1.10230189E+3	6.30491500E-2	2.10494474E-1
1.10231621E+3	6.46116800E-2	2.17798138E-1
1.10231265E+3	6.57388700E-2	2.25040538E-1
1.10230036E+3	6.73052900E-2	2.31498140E-1
1.10229356E+3	6.88445000E-2	2.38804182E-1
1.10228451E+3	7.04536700E-2	2.46131503E-1
1.10230873E+3	7.18218500E-2	2.53455738E-1
1.10229756E+3	7.33960300E-2	2.60761102E-1
1.10231035E+3	7.48030900E-2	2.68068255E-1
1.10230031E+3	7.61751600E-2	2.75125639E-1
1.10230342E+3	7.77143700E-2	2.82378995E-1
1.10230265E+3	7.91447400E-2	2.89673492E-1
1.10231220E+3	8.06178700E-2	2.96942723E-1
1.10231341E+3	8.23086600E-2	3.04315299E-1
1.10230887E+3	8.36185500E-2	3.11560338E-1
1.10230761E+3	8.50800100E-2	3.18816601E-1
1.10230400E+3	8.63860000E-2	3.26129164E-1
1.10230720E+3	8.78552500E-2	3.32396571E-1
1.10230246E+3	8.94877300E-2	3.39694332E-1
1.10229470E+3	9.08714700E-2	3.46989679E-1
1.10230483E+3	9.23718100E-2	3.54319101E-1
1.10230749E+3	9.40237300E-2	3.61647227E-1
1.10230506E+3	9.53452800E-2	3.68890298E-1
1.10227691E+3	9.67912000E-2	3.76229290E-1
1.10228732E+3	9.83304000E-2	3.83490561E-1
1.10229024E+3	9.98657200E-2	3.90702240E-1
1.10229943E+3	1.01404900E-1	3.98030097E-1
1.10229934E+3	1.02784800E-1	4.05293202E-1
1.10229979E+3	1.04397800E-1	4.12571198E-1
1.10230231E+3	1.05874800E-1	4.19898339E-1
1.10230200E+3	1.07208000E-1	4.27226599E-1
1.10230445E+3	1.08615100E-1	4.33577003E-1
1.10228194E+3	1.10080500E-1	4.40925251E-1
1.10229149E+3	1.11646900E-1	4.48121905E-1
1.10229144E+3	1.12960600E-1	4.55441444E-1
1.10229991E+3	1.14457100E-1	4.62811784E-1
1.10228127E+3	1.16093500E-1	4.70029142E-1
1.10230015E+3	1.17605500E-1	4.77268188E-1
1.10229424E+3	1.18954200E-1	4.84563669E-1
1.10229122E+3	1.20582800E-1	4.91857451E-1
1.10227497E+3	1.22021000E-1	4.99163932E-1
1.10229037E+3	1.23501900E-1	5.06204295E-1
1.10228222E+3	1.25006100E-1	5.13488150E-1
1.10229275E+3	1.26327600E-1	5.20748258E-1
1.10230302E+3	1.27789100E-1	5.28095389E-1
1.10230018E+3	1.29308900E-1	5.35356482E-1
1.10230316E+3	1.30918000E-1	5.42709962E-1
1.10230018E+3	1.32095800E-1	5.49977986E-1
1.10229919E+3	1.33611700E-1	5.56395244E-1
1.10231257E+3	1.35283000E-1	5.63620338E-1
1.10231482E+3	1.36581200E-1	5.70969168E-1
1.10230033E+3	1.38023300E-1	5.78249803E-1
1.10227975E+3	1.39558600E-1	5.85538218E-1
1.10227160E+3	1.41128900E-1	5.92938608E-1
1.10226561E+3	1.42551500E-1	6.00188477E-1
