# Mess-Beginn: 27.05.2019 14:41:02
# DTM-151	DTM-151
-4.05595996E+3	-1.90905668E-3
-4.05594995E+3	-1.91270222E-3
-4.05593994E+3	-1.90447154E-3
-4.05592993E+3	-1.90033345E-3
-4.05079004E+3	-1.89021509E-3
-4.04495996E+3	-1.89930934E-3
-4.03884009E+3	-1.89270638E-3
-4.03309009E+3	-1.90690206E-3
-4.02729004E+3	-1.88762951E-3
-4.02273999E+3	-1.88954698E-3
-4.01567993E+3	-1.88390329E-3
-4.01098999E+3	-1.89268414E-3
-4.00482007E+3	-1.88913802E-3
-3.99992993E+3	-1.89367565E-3
-3.99225000E+3	-1.90359727E-3
-3.98639990E+3	-1.90415198E-3
-3.98046997E+3	-1.91588863E-3
-3.97563989E+3	-1.90298539E-3
-3.96938989E+3	-1.91768457E-3
-3.96363989E+3	-1.91540876E-3
-3.95767993E+3	-1.91982463E-3
-3.95165991E+3	-1.90556794E-3
-3.94568994E+3	-1.89727906E-3
-3.94008008E+3	-1.88844127E-3
-3.93394995E+3	-1.87913596E-3
-3.92748999E+3	-1.87942258E-3
-3.92265991E+3	-1.86374946E-3
-3.91692993E+3	-1.86037982E-3
-3.91119995E+3	-1.87141821E-3
-3.90504004E+3	-1.89284689E-3
-3.90016992E+3	-1.88636768E-3
-3.89337012E+3	-1.88399386E-3
-3.88632007E+3	-1.90765038E-3
-3.88054004E+3	-1.91798178E-3
-3.87458008E+3	-1.91994582E-3
-3.86884009E+3	-1.92406005E-3
-3.86366992E+3	-1.93512719E-3
-3.85812988E+3	-1.94018264E-3
-3.85193994E+3	-1.92222069E-3
-3.84606006E+3	-1.91688724E-3
-3.84112012E+3	-1.93390052E-3
-3.83414990E+3	-1.94082130E-3
-3.82772998E+3	-1.93605770E-3
-3.82212012E+3	-1.94651086E-3
-3.81617993E+3	-1.94078323E-3
-3.81027002E+3	-1.95050146E-3
-3.80543994E+3	-1.94865884E-3
-3.79848999E+3	-1.94826187E-3
-3.79336011E+3	-1.96142285E-3
-3.78653003E+3	-1.97337614E-3
-3.78093994E+3	-1.98417786E-3
-3.77494995E+3	-1.98749779E-3
-3.76922998E+3	-2.00019008E-3
-3.76338989E+3	-1.99861103E-3
-3.75757007E+3	-2.02754629E-3
-3.75172998E+3	-2.04110774E-3
-3.74595996E+3	-2.05066102E-3
-3.74021997E+3	-2.06198962E-3
-3.73343994E+3	-2.05561472E-3
-3.72743994E+3	-2.06060917E-3
-3.72185010E+3	-2.06584902E-3
-3.71597998E+3	-2.07970408E-3
-3.71013989E+3	-2.06865883E-3
-3.70457007E+3	-2.07173801E-3
-3.69866992E+3	-2.06968654E-3
-3.69280005E+3	-2.06240732E-3
-3.68689990E+3	-2.06142967E-3
-3.67988989E+3	-2.07358995E-3
-3.67486011E+3	-2.08518654E-3
-3.66926001E+3	-2.08213227E-3
-3.66315991E+3	-2.09245621E-3
-3.65729004E+3	-2.10603839E-3
-3.65154004E+3	-2.13004043E-3
-3.64561011E+3	-2.16640299E-3
-3.63982007E+3	-2.20008357E-3
-3.63277002E+3	-2.22885399E-3
-3.62740991E+3	-2.25953665E-3
-3.62161011E+3	-2.28459388E-3
-3.61562988E+3	-2.32007657E-3
-3.60980005E+3	-2.34205718E-3
-3.60397998E+3	-2.34387349E-3
-3.59830005E+3	-2.35421117E-3
-3.59264990E+3	-2.36713514E-3
-3.58672998E+3	-2.37105810E-3
-3.58006006E+3	-2.37791520E-3
-3.57408008E+3	-2.39037350E-3
-3.56830005E+3	-2.40870449E-3
-3.56239990E+3	-2.42474163E-3
-3.55730005E+3	-2.44062440E-3
-3.55144995E+3	-2.46368139E-3
-3.54513989E+3	-2.50242301E-3
-3.54035010E+3	-2.54003471E-3
-3.53356006E+3	-2.56978767E-3
-3.52670996E+3	-2.59164604E-3
-3.52103003E+3	-2.61184131E-3
-3.51530005E+3	-2.63509876E-3
-3.50954004E+3	-2.66931532E-3
-3.50368994E+3	-2.69535719E-3
-3.49778003E+3	-2.74345581E-3
-3.49188989E+3	-2.79557728E-3
-3.48629004E+3	-2.85694865E-3
-3.48037988E+3	-2.89327744E-3
-3.47462012E+3	-2.94847274E-3
-3.46787012E+3	-3.00288782E-3
-3.46204004E+3	-3.06352437E-3
-3.45665991E+3	-3.13156284E-3
-3.45100000E+3	-3.19989561E-3
-3.44459009E+3	-3.26820742E-3
-3.43878003E+3	-3.32003529E-3
-3.43385010E+3	-3.39598581E-3
-3.42771997E+3	-3.45389335E-3
-3.42116992E+3	-3.54091963E-3
-3.41491992E+3	-3.61949857E-3
-3.40901001E+3	-3.70470132E-3
-3.40307007E+3	-3.79953976E-3
-3.39717993E+3	-3.90008511E-3
-3.39120996E+3	-3.99126019E-3
-3.38640991E+3	-4.10272926E-3
-3.38025000E+3	-4.22514835E-3
-3.37445996E+3	-4.35078004E-3
-3.36848999E+3	-4.48005181E-3
-3.36258008E+3	-4.62697912E-3
-3.35665991E+3	-4.78692353E-3
-3.35072998E+3	-4.97211469E-3
-3.34367993E+3	-5.15664369E-3
-3.33897998E+3	-5.36202593E-3
-3.33311011E+3	-5.58632147E-3
-3.32682007E+3	-5.82813751E-3
-3.32091992E+3	-6.06933935E-3
-3.31511011E+3	-6.33059349E-3
-3.30901001E+3	-6.61478098E-3
-3.30309009E+3	-6.90559996E-3
-3.29653003E+3	-7.23237032E-3
-3.29172998E+3	-7.59193115E-3
-3.28581006E+3	-7.96754193E-3
-3.27979004E+3	-8.39541014E-3
-3.27393994E+3	-8.82566441E-3
-3.26788989E+3	-9.26556624E-3
-3.26202002E+3	-9.71237384E-3
-3.25614990E+3	-1.00741163E-2
-3.25031006E+3	-1.03436308E-2
-3.24343994E+3	-1.04733082E-2
-3.23745996E+3	-1.04633607E-2
-3.23163989E+3	-1.03288759E-2
-3.22656006E+3	-1.01524955E-2
-3.22070996E+3	-9.91408899E-3
-3.21479004E+3	-9.67671629E-3
-3.20986011E+3	-9.44687054E-3
-3.20287988E+3	-9.24744084E-3
-3.19701001E+3	-9.14208312E-3
-3.19177002E+3	-9.15817916E-3
-3.18452002E+3	-9.29272082E-3
-3.17965991E+3	-9.51418094E-3
-3.17325000E+3	-9.76390485E-3
-3.16712012E+3	-9.90014151E-3
-3.16123999E+3	-9.83134378E-3
-3.15552002E+3	-9.40559618E-3
-3.14971997E+3	-8.47978797E-3
-3.14340991E+3	-6.86179427E-3
-3.13920996E+3	-4.36188793E-3
-3.13185010E+3	-8.14493455E-4
-3.12571997E+3	3.78204416E-3
-3.11984009E+3	9.38631967E-3
-3.11386011E+3	1.57472752E-2
-3.10803003E+3	2.24144142E-2
-3.10295996E+3	2.89471485E-2
-3.09683008E+3	3.48176956E-2
-3.09092993E+3	3.96467559E-2
-3.08491992E+3	4.31204215E-2
-3.07901001E+3	4.50190268E-2
-3.07220996E+3	4.52213325E-2
-3.06704004E+3	4.38046455E-2
-3.06112988E+3	4.09104303E-2
-3.05507007E+3	3.68658751E-2
-3.05002002E+3	3.21122408E-2
-3.04391992E+3	2.71287281E-2
-3.03783008E+3	2.23308466E-2
-3.03200000E+3	1.80188250E-2
-3.02504004E+3	1.43632190E-2
-3.01905005E+3	1.14404121E-2
-3.01429004E+3	9.18230694E-3
-3.00703003E+3	7.47106271E-3
-3.00187988E+3	6.21292042E-3
-2.99591992E+3	5.26232133E-3
-2.99003003E+3	4.52481164E-3
-2.98510010E+3	3.89000098E-3
-2.97854004E+3	3.32899648E-3
-2.97170996E+3	2.79827439E-3
-2.96640991E+3	2.23887339E-3
-2.96041992E+3	1.63324259E-3
-2.95456006E+3	1.00384420E-3
-2.94862012E+3	3.67620843E-4
-2.94286011E+3	-2.79929634E-4
-2.93702002E+3	-9.14174016E-4
-2.93097998E+3	-1.48931984E-3
-2.92526001E+3	-1.99070387E-3
-2.91898999E+3	-2.43606605E-3
-2.91280005E+3	-2.82860477E-3
-2.90687988E+3	-3.12164938E-3
-2.90220996E+3	-3.35120293E-3
-2.89606006E+3	-3.50298267E-3
-2.88968994E+3	-3.61959939E-3
-2.88355005E+3	-3.70088336E-3
-2.87875000E+3	-3.72964097E-3
-2.87139990E+3	-3.74431675E-3
-2.86554004E+3	-3.75935202E-3
-2.85957007E+3	-3.73621774E-3
-2.85334009E+3	-3.66906472E-3
-2.84818994E+3	-3.64369992E-3
-2.84204004E+3	-3.59343993E-3
-2.83630005E+3	-3.53421364E-3
-2.83039990E+3	-3.46331159E-3
-2.82459009E+3	-3.39152850E-3
-2.81848999E+3	-3.33504379E-3
-2.81222998E+3	-3.26245278E-3
-2.80640991E+3	-3.17433360E-3
-2.80164990E+3	-3.10363644E-3
-2.79469995E+3	-3.03443731E-3
-2.78875000E+3	-2.94174394E-3
-2.78382007E+3	-2.87491526E-3
-2.77680005E+3	-2.80849426E-3
-2.77214990E+3	-2.75831274E-3
-2.76469995E+3	-2.70017027E-3
-2.75883008E+3	-2.63780216E-3
-2.75292993E+3	-2.59211240E-3
-2.74703003E+3	-2.54083797E-3
-2.74106006E+3	-2.46490119E-3
-2.73512988E+3	-2.41396995E-3
-2.73000000E+3	-2.35579745E-3
-2.72405005E+3	-2.28916993E-3
-2.71788989E+3	-2.25651334E-3
-2.71265991E+3	-2.19468493E-3
-2.70598999E+3	-2.15289602E-3
-2.69983008E+3	-2.10637413E-3
-2.69390991E+3	-2.04589567E-3
-2.68797998E+3	-1.99336233E-3
-2.68208008E+3	-1.97788840E-3
-2.67605005E+3	-1.95314432E-3
-2.67025000E+3	-1.91749074E-3
-2.66498999E+3	-1.88599352E-3
-2.65926001E+3	-1.84650952E-3
-2.65251001E+3	-1.82080956E-3
-2.64616992E+3	-1.79214834E-3
-2.64030005E+3	-1.76731183E-3
-2.63383008E+3	-1.74371293E-3
-2.62854004E+3	-1.71787129E-3
-2.62267993E+3	-1.66719209E-3
-2.61650000E+3	-1.62778958E-3
-2.61057007E+3	-1.60237181E-3
-2.60451001E+3	-1.57581456E-3
-2.59967993E+3	-1.54803263E-3
-2.59311011E+3	-1.51958375E-3
-2.58607007E+3	-1.47420308E-3
-2.58015991E+3	-1.44244276E-3
-2.57433008E+3	-1.42669980E-3
-2.56816992E+3	-1.41582033E-3
-2.56217993E+3	-1.41189341E-3
-2.55628003E+3	-1.40523107E-3
-2.55011011E+3	-1.37866172E-3
-2.54307007E+3	-1.36400759E-3
-2.53737012E+3	-1.34669454E-3
-2.53137988E+3	-1.32968242E-3
-2.52529004E+3	-1.32177351E-3
-2.51931006E+3	-1.30403647E-3
-2.51323999E+3	-1.27307442E-3
-2.50733008E+3	-1.24032004E-3
-2.50135010E+3	-1.21478783E-3
-2.49545996E+3	-1.18377421E-3
-2.48994995E+3	-1.16424961E-3
-2.48196997E+3	-1.15647411E-3
-2.47585010E+3	-1.13237486E-3
-2.47044995E+3	-1.10842113E-3
-2.46445996E+3	-1.09846808E-3
-2.45862012E+3	-1.08404958E-3
-2.45184009E+3	-1.06532325E-3
-2.44601001E+3	-1.06288621E-3
-2.44052002E+3	-1.06465130E-3
-2.43442993E+3	-1.07701565E-3
-2.42706006E+3	-1.06835552E-3
-2.42112012E+3	-1.03433966E-3
-2.41456006E+3	-1.03064859E-3
-2.40911011E+3	-1.01859751E-3
-2.40341992E+3	-9.95424809E-4
