# Mess-Beginn: 27.05.2019 15:01:38
# DTM-151	DTM-151
-3.27411011E+3	-3.82707035E-3
-3.27410010E+3	-3.82462260E-3
-3.27410010E+3	-3.82121862E-3
-3.27171997E+3	-3.81795038E-3
-3.26600000E+3	-3.82999214E-3
-3.26003003E+3	-3.86405690E-3
-3.25408008E+3	-3.89533141E-3
-3.24840991E+3	-3.89484013E-3
-3.24257007E+3	-3.84421786E-3
-3.23726001E+3	-3.75233102E-3
-3.23137988E+3	-3.62709234E-3
-3.22417993E+3	-3.48996045E-3
-3.21825000E+3	-3.34785366E-3
-3.21316992E+3	-3.20357271E-3
-3.20741992E+3	-3.05737788E-3
-3.20127002E+3	-2.89850333E-3
-3.19537012E+3	-2.75520002E-3
-3.18964990E+3	-2.66425638E-3
-3.18494995E+3	-2.63596885E-3
-3.17890991E+3	-2.66670575E-3
-3.17080005E+3	-2.74924701E-3
-3.16593994E+3	-2.86819437E-3
-3.15970996E+3	-3.00348643E-3
-3.15378003E+3	-3.14294803E-3
-3.14854004E+3	-3.28316400E-3
-3.14173999E+3	-3.41216498E-3
-3.13593994E+3	-3.50296241E-3
-3.13083008E+3	-3.55018908E-3
-3.12492993E+3	-3.52987065E-3
-3.11887988E+3	-3.40197003E-3
-3.11275000E+3	-3.16027878E-3
-3.10648999E+3	-2.77719577E-3
-3.10165991E+3	-2.21244385E-3
-3.09478003E+3	-1.45639770E-3
-3.08897998E+3	-4.80041635E-4
-3.08328003E+3	7.17030780E-4
-3.07741992E+3	2.09691492E-3
-3.07048999E+3	3.63299530E-3
-3.06456006E+3	5.25796879E-3
-3.05941992E+3	6.90416060E-3
-3.05402002E+3	8.50377604E-3
-3.04711011E+3	9.99172125E-3
-3.04182007E+3	1.12623135E-2
-3.03601001E+3	1.22887092E-2
-3.02994995E+3	1.30153522E-2
-3.02388989E+3	1.34432744E-2
-3.01891992E+3	1.35714235E-2
-3.01234009E+3	1.34213716E-2
-3.00597998E+3	1.30468542E-2
-3.00016992E+3	1.24877430E-2
-2.99465991E+3	1.17969988E-2
-2.98855005E+3	1.10063516E-2
-2.98298999E+3	1.01642879E-2
-2.97687988E+3	9.30552091E-3
-2.97078003E+3	8.45789164E-3
-2.96445996E+3	7.61328125E-3
-2.95852002E+3	6.80284249E-3
-2.95240991E+3	6.02917187E-3
-2.94648999E+3	5.28933341E-3
-2.94083008E+3	4.57895314E-3
-2.93482007E+3	3.91623564E-3
-2.92900000E+3	3.30883870E-3
-2.92304004E+3	2.77633895E-3
-2.91827002E+3	2.29725800E-3
-2.91094995E+3	1.87468936E-3
-2.90495996E+3	1.50938751E-3
-2.89901001E+3	1.19953742E-3
-2.89412012E+3	9.36564640E-4
-2.88847998E+3	7.12027948E-4
-2.88265991E+3	5.36083011E-4
-2.87671997E+3	3.86476546E-4
-2.87039990E+3	2.71029130E-4
-2.86442993E+3	1.82843738E-4
-2.85837988E+3	1.02124664E-4
-2.85162012E+3	3.38750433E-5
-2.84680005E+3	-1.51334862E-5
-2.84044995E+3	-6.25416287E-5
-2.83490991E+3	-1.00082187E-4
-2.82873999E+3	-1.22508558E-4
-2.82288989E+3	-1.41839482E-4
-2.81684009E+3	-1.52435023E-4
-2.81085010E+3	-1.79402603E-4
-2.80397998E+3	-2.02920579E-4
-2.79836011E+3	-2.08487982E-4
-2.79351001E+3	-2.10794067E-4
-2.78662012E+3	-2.10259939E-4
-2.78141992E+3	-2.06919794E-4
-2.77589990E+3	-2.02735828E-4
-2.76994995E+3	-1.98913403E-4
-2.76369995E+3	-1.93779968E-4
-2.75859009E+3	-1.92046122E-4
-2.75261011E+3	-1.78477712E-4
-2.74640991E+3	-1.68893283E-4
-2.73948999E+3	-1.63463046E-4
-2.73366992E+3	-1.55701317E-4
-2.72779004E+3	-1.41191427E-4
-2.72179004E+3	-1.32433735E-4
-2.71681006E+3	-1.22011232E-4
-2.71067993E+3	-1.11636451E-4
-2.70478003E+3	-1.03736216E-4
-2.69895996E+3	-9.26618159E-5
-2.69337988E+3	-7.58146489E-5
-2.68711011E+3	-6.55544573E-5
-2.67991992E+3	-5.45893017E-5
-2.67393994E+3	-4.01565339E-5
-2.66872998E+3	-2.91159140E-5
-2.66317993E+3	-2.15340351E-5
-2.65692993E+3	-2.01736948E-5
-2.65071997E+3	-1.14911018E-5
-2.64476001E+3	-2.05003835E-6
-2.63987988E+3	1.58142084E-5
-2.63259009E+3	2.17340748E-5
-2.62673999E+3	3.05001649E-5
-2.62067993E+3	3.89150482E-5
-2.61480005E+3	4.25171856E-5
-2.60887012E+3	4.11633009E-5
-2.60295996E+3	5.36855696E-5
-2.59695996E+3	6.49652793E-5
-2.59084009E+3	6.39732680E-5
-2.58480005E+3	7.15640999E-5
-2.57877002E+3	6.82291720E-5
-2.57247998E+3	7.80670234E-5
-2.56687988E+3	8.59583597E-5
-2.56102002E+3	1.04940817E-4
-2.55398999E+3	1.08182081E-4
-2.54811011E+3	1.18412405E-4
-2.54319995E+3	1.27267806E-4
-2.53637012E+3	1.44307283E-4
-2.53028003E+3	1.64702476E-4
-2.52450000E+3	1.60392665E-4
-2.51756006E+3	1.70552943E-4
-2.51060010E+3	1.76276415E-4
-2.50561011E+3	1.79205876E-4
-2.49994995E+3	1.78840884E-4
-2.49353003E+3	1.91679588E-4
-2.48748999E+3	1.93063883E-4
-2.48197998E+3	1.90055245E-4
-2.47584009E+3	1.96185836E-4
-2.46764990E+3	1.96137698E-4
-2.46182007E+3	2.03866584E-4
-2.45597998E+3	2.04604992E-4
-2.45089990E+3	2.09198901E-4
-2.44384009E+3	2.06853467E-4
-2.43863989E+3	2.08885671E-4
-2.43260010E+3	2.14849919E-4
-2.42670996E+3	2.26205710E-4
-2.42018994E+3	2.37709901E-4
-2.41416992E+3	2.35060841E-4
-2.40744995E+3	2.37565269E-4
-2.40154004E+3	2.50747253E-4
-2.39469995E+3	2.56769388E-4
-2.38888989E+3	2.64416332E-4
-2.38228003E+3	2.71441007E-4
-2.37626001E+3	2.71516590E-4
-2.37039990E+3	2.71822442E-4
-2.36439990E+3	2.68233503E-4
-2.35845996E+3	2.55815248E-4
-2.35143994E+3	2.59494409E-4
-2.34557007E+3	2.69432901E-4
-2.33962988E+3	2.72929872E-4
-2.33350000E+3	2.74932245E-4
-2.32739990E+3	2.68546748E-4
-2.32058008E+3	2.79472471E-4
-2.31471997E+3	2.78238149E-4
-2.30894995E+3	2.87444942E-4
-2.30295996E+3	2.95594044E-4
-2.29732007E+3	3.07227398E-4
-2.29011011E+3	3.18820821E-4
-2.28427002E+3	3.15566023E-4
-2.27864990E+3	3.19562649E-4
-2.27260010E+3	3.22983280E-4
-2.26562988E+3	3.30484385E-4
-2.25958008E+3	3.35171237E-4
-2.25370996E+3	3.43938591E-4
-2.24658008E+3	3.39618331E-4
-2.24060010E+3	3.45637207E-4
-2.23460010E+3	3.52730858E-4
-2.22781006E+3	3.50364688E-4
-2.22206006E+3	3.50383081E-4
-2.21718994E+3	3.47081543E-4
-2.21015991E+3	3.44511471E-4
-2.20437012E+3	3.50276561E-4
-2.19846997E+3	3.42175917E-4
-2.19237012E+3	3.48746660E-4
-2.18671997E+3	3.54694377E-4
-2.18068994E+3	3.55281984E-4
-2.17312012E+3	3.56681208E-4
-2.16707007E+3	3.40419356E-4
-2.16107007E+3	3.44828877E-4
-2.15511011E+3	3.53158364E-4
-2.14901001E+3	3.65984801E-4
-2.14354004E+3	3.67164757E-4
-2.13769995E+3	3.82094091E-4
-2.12962988E+3	3.87478212E-4
-2.12338989E+3	3.85696156E-4
-2.11740991E+3	3.88043496E-4
-2.11156006E+3	3.85088671E-4
-2.10544995E+3	4.03260114E-4
-2.09965991E+3	4.11170709E-4
-2.09369995E+3	4.03043057E-4
