# Mess-Beginn: 27.05.2019 15:04:35
# DTM-151	DTM-151
-3.45406006E+3	-5.81179163E-4
-3.45406006E+3	-5.90725627E-4
-3.45406006E+3	-5.93023142E-4
-3.45406006E+3	-5.97968465E-4
-3.45406006E+3	-6.08001952E-4
-3.45406006E+3	-6.05149893E-4
-3.44950000E+3	-6.02701737E-4
-3.44363989E+3	-6.13029813E-4
-3.43752002E+3	-6.11790805E-4
-3.43177002E+3	-6.19637838E-4
-3.42636011E+3	-6.35532197E-4
-3.42018994E+3	-6.45944616E-4
-3.41426001E+3	-6.56356919E-4
-3.40862012E+3	-6.88103260E-4
-3.40210010E+3	-7.07847881E-4
-3.39757007E+3	-7.46790611E-4
-3.39163989E+3	-7.98966386E-4
-3.38442993E+3	-8.31696729E-4
-3.37879004E+3	-8.79351865E-4
-3.37257007E+3	-9.26359091E-4
-3.36695996E+3	-9.71037778E-4
-3.36079004E+3	-1.01830438E-3
-3.35606006E+3	-1.08145352E-3
-3.35016992E+3	-1.13345636E-3
-3.34339990E+3	-1.19678373E-3
-3.33750000E+3	-1.25795079E-3
-3.33170996E+3	-1.32331206E-3
-3.32487988E+3	-1.39985792E-3
-3.31903003E+3	-1.47867226E-3
-3.31426001E+3	-1.57453783E-3
-3.30834009E+3	-1.67976599E-3
-3.30221997E+3	-1.79079827E-3
-3.29735010E+3	-1.90986728E-3
-3.29092993E+3	-2.04589707E-3
-3.28382007E+3	-2.20173434E-3
-3.27763989E+3	-2.36134557E-3
-3.27171997E+3	-2.54189805E-3
-3.26656006E+3	-2.72971462E-3
-3.26063989E+3	-2.91576353E-3
-3.25477002E+3	-3.07924626E-3
-3.24880005E+3	-3.19540966E-3
-3.24262012E+3	-3.25576914E-3
-3.23779004E+3	-3.25201731E-3
-3.23154004E+3	-3.18322843E-3
-3.22434009E+3	-3.06871673E-3
-3.21940991E+3	-2.93450849E-3
-3.21350000E+3	-2.75091105E-3
-3.20725000E+3	-2.56516575E-3
-3.20144995E+3	-2.36798264E-3
-3.19572998E+3	-2.18538032E-3
-3.18987988E+3	-2.04405654E-3
-3.18403003E+3	-1.95739581E-3
-3.17828003E+3	-1.93449506E-3
-3.17230005E+3	-1.96920475E-3
-3.16644995E+3	-2.02476745E-3
-3.16064990E+3	-2.11661286E-3
-3.15380005E+3	-2.22914317E-3
-3.14803003E+3	-2.33355467E-3
-3.14313989E+3	-2.44819839E-3
-3.13695996E+3	-2.56108865E-3
-3.13080005E+3	-2.65835249E-3
-3.12463989E+3	-2.75158370E-3
-3.11987988E+3	-2.79883365E-3
-3.11408008E+3	-2.80295848E-3
-3.10692993E+3	-2.77339085E-3
-3.10091992E+3	-2.66224076E-3
-3.09488989E+3	-2.46206345E-3
-3.08943994E+3	-2.16407608E-3
-3.08305005E+3	-1.73833093E-3
-3.07833008E+3	-1.16725056E-3
-3.07214990E+3	-4.47704428E-4
-3.06621997E+3	4.48485604E-4
-3.06038989E+3	1.50332856E-3
-3.05336011E+3	2.69611483E-3
-3.04746997E+3	4.01127897E-3
-3.04253003E+3	5.40843932E-3
-3.03632007E+3	6.83252793E-3
-3.02991992E+3	8.22012685E-3
-3.02526001E+3	9.52641945E-3
-3.01928003E+3	1.06925229E-2
-3.01264990E+3	1.16688572E-2
-3.00677002E+3	1.24157341E-2
-3.00085010E+3	1.28965629E-2
-2.99504004E+3	1.31208245E-2
-2.98887988E+3	1.30927116E-2
-2.98276001E+3	1.28080919E-2
-2.97784009E+3	1.23026799E-2
-2.97076001E+3	1.16342288E-2
-2.96519995E+3	1.08247139E-2
-2.95923999E+3	9.92947165E-3
-2.95352002E+3	8.97649024E-3
-2.94728003E+3	8.01098626E-3
-2.94078003E+3	7.06701307E-3
-2.93618994E+3	6.15352765E-3
-2.92992993E+3	5.29749785E-3
-2.92413989E+3	4.52204375E-3
-2.91819995E+3	3.83309112E-3
-2.91231006E+3	3.21114366E-3
-2.90629004E+3	2.67146272E-3
-2.90035010E+3	2.20655859E-3
-2.89351001E+3	1.81787217E-3
-2.88759009E+3	1.48921204E-3
-2.88192993E+3	1.20623410E-3
-2.87606006E+3	9.69671935E-4
-2.87123999E+3	7.70566170E-4
-2.86532007E+3	5.95846737E-4
-2.85903003E+3	4.46321064E-4
-2.85306006E+3	3.31557123E-4
-2.84723999E+3	2.35424188E-4
-2.84146997E+3	1.52693246E-4
-2.83425000E+3	8.84519613E-5
-2.82912012E+3	3.01445671E-5
-2.82310010E+3	-1.71559768E-5
-2.81696997E+3	-5.27211741E-5
-2.81108008E+3	-8.61784574E-5
-2.80587012E+3	-1.02212107E-4
-2.79992993E+3	-1.16906347E-4
-2.79387988E+3	-1.26567815E-4
-2.78791992E+3	-1.27829320E-4
-2.78171997E+3	-1.31241002E-4
-2.77564990E+3	-1.39922413E-4
-2.76983008E+3	-1.37459050E-4
-2.76394995E+3	-1.30725501E-4
-2.75797998E+3	-1.28353015E-4
-2.75206006E+3	-1.23967606E-4
-2.74728003E+3	-1.23007019E-4
-2.74135010E+3	-1.14505136E-4
-2.73379004E+3	-1.02868769E-4
-2.72779004E+3	-1.04096973E-4
-2.72187012E+3	-9.47649969E-5
-2.71614990E+3	-8.59982974E-5
-2.71123999E+3	-8.84005640E-5
-2.70509009E+3	-8.02661016E-5
-2.69941992E+3	-6.52342569E-5
-2.69326001E+3	-5.70511111E-5
-2.68626001E+3	-5.00687747E-5
