# Mess-Beginn: 27.05.2019 15:06:37
# DTM-151	DTM-151
-3.49905005E+3	-5.01990493E-4
-3.49905005E+3	-4.97435627E-4
-3.49906006E+3	-4.91438608E-4
-3.49906006E+3	-4.91927611E-4
-3.49907007E+3	-4.86938661E-4
-3.49906006E+3	-4.83348616E-4
-3.49906006E+3	-4.84133285E-4
-3.49650000E+3	-4.79565904E-4
-3.49066992E+3	-4.75247041E-4
-3.48465991E+3	-4.75174747E-4
-3.47897998E+3	-4.81246068E-4
-3.47191992E+3	-4.86386998E-4
-3.46609009E+3	-4.89705766E-4
-3.46141992E+3	-4.96875378E-4
-3.45551001E+3	-5.11844002E-4
-3.44865991E+3	-5.33408544E-4
-3.44414990E+3	-5.45602874E-4
-3.43741992E+3	-5.70457254E-4
-3.43145996E+3	-5.95756515E-4
-3.42680005E+3	-6.16354693E-4
-3.42012012E+3	-6.40846323E-4
-3.41413989E+3	-6.67187502E-4
-3.40718994E+3	-7.06610095E-4
-3.40241992E+3	-7.43648619E-4
-3.39611011E+3	-7.76024885E-4
-3.39032007E+3	-7.99829199E-4
-3.38539990E+3	-8.36023013E-4
-3.37902002E+3	-8.69239273E-4
-3.37186011E+3	-9.00958781E-4
-3.36644995E+3	-9.40129452E-4
-3.36042993E+3	-9.86532075E-4
-3.35493994E+3	-1.03859557E-3
-3.34844995E+3	-1.09784352E-3
-3.34253003E+3	-1.15286571E-3
-3.33735010E+3	-1.22597360E-3
-3.33133008E+3	-1.31557346E-3
-3.32548999E+3	-1.39972218E-3
-3.31852002E+3	-1.49145501E-3
-3.31377002E+3	-1.58565515E-3
-3.30785010E+3	-1.68860413E-3
-3.30197998E+3	-1.79883605E-3
-3.29507007E+3	-1.91872881E-3
-3.28996997E+3	-2.05479865E-3
-3.28410010E+3	-2.20731064E-3
-3.27822998E+3	-2.36136839E-3
-3.27220996E+3	-2.52022641E-3
-3.26620996E+3	-2.70213699E-3
-3.26026001E+3	-2.87996675E-3
-3.25451001E+3	-3.04010161E-3
-3.24865991E+3	-3.14809522E-3
-3.24234009E+3	-3.19393608E-3
-3.23756006E+3	-3.16971098E-3
-3.23184009E+3	-3.06431414E-3
-3.22466992E+3	-2.92129000E-3
-3.21972998E+3	-2.74896808E-3
-3.21245996E+3	-2.55100452E-3
-3.20758008E+3	-2.32901121E-3
-3.20053003E+3	-2.11124076E-3
-3.19444995E+3	-1.90045149E-3
-3.18927002E+3	-1.74270314E-3
-3.18337012E+3	-1.64478645E-3
-3.17745996E+3	-1.60196295E-3
-3.17161011E+3	-1.61309296E-3
-3.16579004E+3	-1.65085657E-3
-3.15990991E+3	-1.72272604E-3
-3.15401001E+3	-1.80535496E-3
-3.14780005E+3	-1.89800479E-3
-3.14212012E+3	-1.99699425E-3
-3.13619995E+3	-2.09967350E-3
-3.13037012E+3	-2.19689892E-3
-3.12502002E+3	-2.28024344E-3
-3.11901001E+3	-2.35744682E-3
-3.11290991E+3	-2.42791488E-3
-3.10700000E+3	-2.47567636E-3
-3.10014990E+3	-2.47816439E-3
-3.09416992E+3	-2.44307145E-3
-3.08829004E+3	-2.34888587E-3
-3.08310010E+3	-2.18384666E-3
-3.07690991E+3	-1.93407258E-3
-3.07112988E+3	-1.57509337E-3
-3.06512012E+3	-1.10867457E-3
-3.06033008E+3	-5.02175477E-4
-3.05402002E+3	2.48880388E-4
-3.04690991E+3	1.14048284E-3
-3.04082007E+3	2.18565110E-3
-3.03509009E+3	3.35984537E-3
-3.03044995E+3	4.63662669E-3
-3.02388989E+3	5.98239200E-3
-3.01794995E+3	7.35293934E-3
-3.01186011E+3	8.68952740E-3
-3.00617993E+3	9.93847381E-3
-3.00041992E+3	1.10297352E-2
-2.99445996E+3	1.19222850E-2
-2.98816992E+3	1.25836106E-2
-2.98225000E+3	1.29756257E-2
-2.97646997E+3	1.30994609E-2
-2.97027002E+3	1.29464045E-2
-2.96544995E+3	1.25510152E-2
-2.95909009E+3	1.19344397E-2
-2.95316992E+3	1.11419903E-2
-2.94697998E+3	1.02414778E-2
-2.94078003E+3	9.26444307E-3
-2.93500000E+3	8.27228930E-3
-2.92906006E+3	7.29738222E-3
-2.92278003E+3	6.35147654E-3
-2.91714990E+3	5.47222141E-3
-2.91148999E+3	4.67536086E-3
-2.90538989E+3	3.97342816E-3
-2.89955005E+3	3.35169281E-3
-2.89486011E+3	2.81344051E-3
-2.88845996E+3	2.34764232E-3
-2.88255005E+3	1.95129262E-3
-2.87650000E+3	1.60418137E-3
-2.86944995E+3	1.31031929E-3
-2.86356006E+3	1.07166823E-3
-2.85836011E+3	8.61876586E-4
-2.85241992E+3	6.87650812E-4
-2.84638989E+3	5.30026620E-4
-2.84072998E+3	3.97570751E-4
-2.83453003E+3	2.89507181E-4
-2.82837988E+3	1.91342231E-4
-2.82247998E+3	1.12561953E-4
-2.81673999E+3	4.26709557E-5
-2.81062012E+3	-2.23453535E-5
-2.80573999E+3	-7.38194940E-5
-2.79883008E+3	-1.15602445E-4
-2.79414990E+3	-1.45163489E-4
-2.78810010E+3	-1.65064164E-4
-2.78180005E+3	-1.78241404E-4
-2.77497998E+3	-1.86424601E-4
-2.76908008E+3	-1.90545325E-4
-2.76323999E+3	-1.93357744E-4
-2.75715991E+3	-1.86992445E-4
-2.75194995E+3	-1.86530087E-4
-2.74594995E+3	-1.84907141E-4
-2.74005005E+3	-1.77707800E-4
-2.73428003E+3	-1.79647701E-4
-2.72814990E+3	-1.78635688E-4
-2.72228003E+3	-1.78033399E-4
-2.71639990E+3	-1.74885674E-4
-2.71032007E+3	-1.72311324E-4
-2.70421997E+3	-1.64947254E-4
-2.69832007E+3	-1.61409203E-4
-2.69241992E+3	-1.47342958E-4
-2.68645996E+3	-1.39491516E-4
-2.68054004E+3	-1.35232331E-4
-2.67458008E+3	-1.28009182E-4
-2.66864990E+3	-1.13168804E-4
-2.66397998E+3	-1.04532548E-4
-2.65657007E+3	-9.12099276E-5
-2.65063989E+3	-7.82531133E-5
-2.64478003E+3	-7.15338174E-5
-2.63867993E+3	-5.85227281E-5
-2.63294995E+3	-3.78944169E-5
-2.62693994E+3	-3.07437222E-5
-2.62216992E+3	-2.14023130E-5
-2.61412988E+3	-5.50491541E-6
-2.60966992E+3	3.44144928E-6
-2.60404004E+3	8.32091519E-6
-2.59683008E+3	1.41665350E-5
-2.59121997E+3	1.57542818E-5
-2.58483008E+3	2.84405378E-5
-2.57894995E+3	3.27722410E-5
-2.57307007E+3	2.44041603E-5
-2.56678003E+3	3.82092585E-5
-2.56068994E+3	4.46054037E-5
-2.55488989E+3	4.85008968E-5
-2.54889990E+3	5.07318327E-5
-2.54161011E+3	6.69555520E-5
-2.53592993E+3	7.11572284E-5
-2.52991992E+3	7.36217044E-5
-2.52401001E+3	7.95997839E-5
-2.51807007E+3	8.24808230E-5
-2.51187988E+3	9.80677360E-5
-2.50607007E+3	1.07692518E-4
-2.49883008E+3	1.09859742E-4
-2.49316992E+3	1.17161253E-4
-2.48648999E+3	1.23480684E-4
-2.48058008E+3	1.24940430E-4
-2.47485010E+3	1.27765583E-4
-2.46895996E+3	1.38704127E-4
-2.46335010E+3	1.43654528E-4
