# Mess-Beginn: 27.05.2019 15:08:56
# DTM-151	DTM-151
-3.43098999E+3	-7.71509716E-4
-3.43098999E+3	-7.78688176E-4
-3.43098999E+3	-7.85253535E-4
-3.43098999E+3	-7.90134887E-4
-3.43100000E+3	-7.96149252E-4
-3.42740991E+3	-7.91891711E-4
-3.42146997E+3	-7.83549214E-4
-3.41686011E+3	-7.84024305E-4
-3.41084009E+3	-7.99589034E-4
-3.40482007E+3	-8.04402109E-4
-3.39969995E+3	-8.25078576E-4
-3.39404004E+3	-8.42454785E-4
-3.38828003E+3	-8.69523617E-4
-3.38344995E+3	-9.04761488E-4
-3.37763989E+3	-9.35204385E-4
-3.37073999E+3	-9.76825715E-4
-3.36556006E+3	-1.02915918E-3
-3.35973999E+3	-1.08650199E-3
-3.35394995E+3	-1.13677233E-3
-3.34798999E+3	-1.20080577E-3
-3.34117993E+3	-1.25977094E-3
-3.33522998E+3	-1.33727991E-3
-3.32931006E+3	-1.41666259E-3
-3.32346997E+3	-1.50292844E-3
-3.31806006E+3	-1.59050990E-3
-3.31221997E+3	-1.68584089E-3
-3.30637988E+3	-1.79692451E-3
-3.30042993E+3	-1.90729531E-3
-3.29461011E+3	-2.02685106E-3
-3.28831006E+3	-2.17194436E-3
-3.28183008E+3	-2.31844303E-3
-3.27643994E+3	-2.47123861E-3
-3.27057007E+3	-2.63109826E-3
-3.26569995E+3	-2.80538807E-3
-3.26006006E+3	-2.97493627E-3
-3.25315991E+3	-3.11556482E-3
-3.24738989E+3	-3.19197774E-3
-3.24143994E+3	-3.20589845E-3
-3.23492993E+3	-3.16276588E-3
-3.22908008E+3	-3.04220966E-3
-3.22318994E+3	-2.89030187E-3
-3.21740991E+3	-2.70380615E-3
-3.21143994E+3	-2.49495520E-3
-3.20533008E+3	-2.26849597E-3
-3.19954004E+3	-2.04866193E-3
-3.19487988E+3	-1.85150641E-3
-3.18897998E+3	-1.69554830E-3
-3.18178003E+3	-1.60231441E-3
-3.17792993E+3	-1.56385277E-3
-3.17008008E+3	-1.57901447E-3
-3.16422998E+3	-1.62760413E-3
-3.15833008E+3	-1.69725786E-3
-3.15239990E+3	-1.78998639E-3
-3.14759009E+3	-1.88017369E-3
-3.14162988E+3	-1.97115983E-3
-3.13491992E+3	-2.06340360E-3
-3.12850000E+3	-2.16788403E-3
-3.12380005E+3	-2.26137834E-3
-3.11666992E+3	-2.35095597E-3
-3.11084009E+3	-2.42759404E-3
-3.10472998E+3	-2.48624082E-3
-3.09962012E+3	-2.52717244E-3
-3.09376001E+3	-2.52348371E-3
-3.08785010E+3	-2.48006429E-3
-3.08194995E+3	-2.38947617E-3
-3.07694995E+3	-2.23770668E-3
-3.07093994E+3	-1.99884851E-3
-3.06422998E+3	-1.65633962E-3
-3.05781006E+3	-1.18990743E-3
-3.05194995E+3	-5.94395155E-4
-3.04607007E+3	1.38788586E-4
-3.04031006E+3	1.03411172E-3
-3.03450000E+3	2.08314206E-3
-3.02863989E+3	3.27148545E-3
-3.02276001E+3	4.59109852E-3
-3.01748999E+3	5.98858902E-3
-3.01044995E+3	7.42940838E-3
-3.00469995E+3	8.84101540E-3
-2.99890991E+3	1.01674134E-2
-2.99303003E+3	1.13424715E-2
-2.98711011E+3	1.23178381E-2
-2.98154004E+3	1.30383214E-2
-2.97562012E+3	1.34707028E-2
-2.96956006E+3	1.36090396E-2
-2.96431006E+3	1.34460358E-2
-2.95846997E+3	1.30268820E-2
-2.95303003E+3	1.23761902E-2
-2.94571997E+3	1.15376385E-2
-2.93978003E+3	1.05877034E-2
-2.93396997E+3	9.56231542E-3
-2.92820996E+3	8.51760805E-3
-2.92221997E+3	7.49425590E-3
-2.91653003E+3	6.51747966E-3
-2.91071997E+3	5.61469141E-3
-2.90487988E+3	4.80050175E-3
-2.89827002E+3	4.07096930E-3
-2.89219995E+3	3.42301140E-3
-2.88631006E+3	2.87036947E-3
-2.88137988E+3	2.37180362E-3
-2.87532007E+3	1.95405027E-3
-2.86925000E+3	1.59110839E-3
-2.86336011E+3	1.28695427E-3
-2.85731006E+3	1.02259894E-3
-2.85026001E+3	7.97329471E-4
-2.84562012E+3	6.06826390E-4
-2.83939990E+3	4.46782215E-4
-2.83342993E+3	3.11020267E-4
-2.82756006E+3	1.94564156E-4
-2.82161011E+3	1.04083811E-4
-2.81559009E+3	2.95477512E-5
-2.80977002E+3	-3.03337547E-5
-2.80497998E+3	-8.91526070E-5
-2.79805005E+3	-1.28510379E-4
-2.79182007E+3	-1.68898216E-4
-2.78577002E+3	-1.98563794E-4
-2.77975000E+3	-2.09274891E-4
-2.77502002E+3	-2.14250453E-4
-2.76897998E+3	-2.18076078E-4
-2.76334009E+3	-2.30928243E-4
-2.75660010E+3	-2.40841720E-4
-2.75048999E+3	-2.51246500E-4
-2.74475000E+3	-2.53168371E-4
-2.73981006E+3	-2.45331146E-4
-2.73237988E+3	-2.38997221E-4
-2.72651001E+3	-2.30336009E-4
-2.72169995E+3	-2.32003033E-4
-2.71516992E+3	-2.30865102E-4
-2.70980005E+3	-2.33262166E-4
-2.70358008E+3	-2.16478293E-4
-2.69697998E+3	-2.07935838E-4
-2.69226001E+3	-1.99249422E-4
-2.68608008E+3	-1.97598711E-4
-2.67905005E+3	-1.85845871E-4
-2.67319995E+3	-1.64683923E-4
-2.66727002E+3	-1.61244170E-4
-2.66192993E+3	-1.56844064E-4
-2.65625000E+3	-1.40941629E-4
-2.65041992E+3	-1.32434943E-4
-2.64347998E+3	-1.37210038E-4
-2.63711011E+3	-1.30668632E-4
-2.63210010E+3	-1.17061798E-4
-2.62623999E+3	-1.00734433E-4
-2.61911011E+3	-1.02421836E-4
