# Mess-Beginn: 27.05.2019 15:10:45
# DTM-151	DTM-151
-3.38986011E+3	-1.20015314E-3
-3.38987012E+3	-1.20086630E-3
-3.38988989E+3	-1.19443610E-3
-3.38717993E+3	-1.19620061E-3
-3.38141992E+3	-1.18709810E-3
-3.37681006E+3	-1.20111380E-3
-3.37007007E+3	-1.22189953E-3
-3.36408008E+3	-1.25821936E-3
-3.35915991E+3	-1.28887082E-3
-3.35434009E+3	-1.32578833E-3
-3.34622998E+3	-1.38113520E-3
-3.34045996E+3	-1.43919582E-3
-3.33540991E+3	-1.51287846E-3
-3.32931006E+3	-1.60175457E-3
-3.32462012E+3	-1.69490301E-3
-3.31878003E+3	-1.79031247E-3
-3.31184009E+3	-1.89917372E-3
-3.30579004E+3	-1.99674186E-3
-3.29880005E+3	-2.12624529E-3
-3.29396997E+3	-2.25929776E-3
-3.28810010E+3	-2.39882292E-3
-3.28197998E+3	-2.55323341E-3
-3.27717993E+3	-2.72327731E-3
-3.27029004E+3	-2.90589570E-3
-3.26437012E+3	-3.10810562E-3
-3.25852002E+3	-3.29039618E-3
-3.25354004E+3	-3.43844271E-3
-3.24762012E+3	-3.52690043E-3
-3.24044995E+3	-3.52878124E-3
-3.23455005E+3	-3.47540434E-3
-3.22855005E+3	-3.34999524E-3
-3.22264990E+3	-3.18214367E-3
-3.21683008E+3	-2.96850246E-3
-3.21106006E+3	-2.72656977E-3
-3.20512988E+3	-2.46615638E-3
-3.19931006E+3	-2.20744452E-3
-3.19457007E+3	-1.98650523E-3
-3.18837012E+3	-1.82832265E-3
-3.18121997E+3	-1.73561368E-3
-3.17532007E+3	-1.70493696E-3
-3.16966992E+3	-1.74002151E-3
-3.16400000E+3	-1.80131616E-3
-3.15798999E+3	-1.89009320E-3
-3.15204004E+3	-1.99023937E-3
-3.14680005E+3	-2.10769032E-3
-3.14133008E+3	-2.23090104E-3
-3.13402002E+3	-2.34820927E-3
-3.12835010E+3	-2.47180671E-3
-3.12285010E+3	-2.58127856E-3
-3.11666992E+3	-2.68987427E-3
-3.11068994E+3	-2.77601811E-3
-3.10481006E+3	-2.86037126E-3
-3.09889990E+3	-2.91699031E-3
-3.09316992E+3	-2.94357934E-3
-3.08709009E+3	-2.91501754E-3
-3.08119995E+3	-2.83845281E-3
-3.07502002E+3	-2.69376929E-3
-3.06918994E+3	-2.44185864E-3
-3.06336011E+3	-2.08420050E-3
-3.05750000E+3	-1.59965071E-3
-3.05145996E+3	-9.61595390E-4
-3.04621997E+3	-1.48259729E-4
-3.04022998E+3	8.43350892E-4
-3.03430005E+3	2.02157861E-3
-3.02843994E+3	3.38229630E-3
-3.02260010E+3	4.89584403E-3
-3.01571997E+3	6.51699305E-3
-3.00988989E+3	8.17379914E-3
-3.00412988E+3	9.81682632E-3
-2.99827002E+3	1.13632167E-2
-2.99273999E+3	1.27298580E-2
-2.98670996E+3	1.38578415E-2
-2.98084009E+3	1.46863051E-2
-2.97480005E+3	1.51770227E-2
-2.96865991E+3	1.53025417E-2
-2.96271997E+3	1.50829488E-2
-2.95686011E+3	1.45599842E-2
-2.95096997E+3	1.37723926E-2
-2.94520996E+3	1.27711594E-2
-2.93935010E+3	1.16368914E-2
-2.93359009E+3	1.04279397E-2
-2.92657007E+3	9.20374133E-3
-2.92170996E+3	8.01246613E-3
-2.91470996E+3	6.89573679E-3
-2.90959009E+3	5.87051362E-3
-2.90367993E+3	4.95311152E-3
-2.89761011E+3	4.13388433E-3
-2.89242993E+3	3.41701275E-3
-2.88628003E+3	2.79416144E-3
-2.88023999E+3	2.26237904E-3
-2.87432007E+3	1.81017036E-3
-2.86807007E+3	1.42041093E-3
-2.86225000E+3	1.07951812E-3
-2.85628003E+3	7.86310062E-4
-2.85020996E+3	5.46276453E-4
-2.84529004E+3	3.38668469E-4
-2.83946997E+3	1.79209092E-4
-2.83312012E+3	4.31408989E-5
-2.82814990E+3	-6.80515004E-5
-2.82119995E+3	-1.67433493E-4
-2.81517993E+3	-2.39113870E-4
-2.81047998E+3	-2.95267790E-4
-2.80248999E+3	-3.39188235E-4
-2.79715991E+3	-3.74171330E-4
-2.79120996E+3	-4.00221732E-4
-2.78515991E+3	-4.13067406E-4
-2.77946997E+3	-4.36225120E-4
-2.77357007E+3	-4.44822916E-4
-2.76766992E+3	-4.56731301E-4
-2.76080005E+3	-4.61432937E-4
-2.75501001E+3	-4.66644560E-4
-2.75035010E+3	-4.68338054E-4
-2.74400000E+3	-4.64964018E-4
-2.73803003E+3	-4.53122630E-4
-2.73128003E+3	-4.43825003E-4
-2.72642993E+3	-4.38879069E-4
-2.72025000E+3	-4.29942127E-4
-2.71444995E+3	-4.17798932E-4
-2.70807007E+3	-3.96114599E-4
-2.70416992E+3	-3.78280238E-4
-2.69597998E+3	-3.64482490E-4
-2.69117993E+3	-3.49619018E-4
-2.68412988E+3	-3.29492730E-4
-2.67893994E+3	-3.18817707E-4
-2.67307007E+3	-3.14311997E-4
-2.66718994E+3	-2.89095071E-4
-2.66112988E+3	-2.69700773E-4
-2.65512988E+3	-2.55790103E-4
-2.64879004E+3	-2.54705752E-4
-2.64278003E+3	-2.50449521E-4
-2.63689990E+3	-2.43185321E-4
-2.63096997E+3	-2.33472689E-4
-2.62510010E+3	-2.25203810E-4
-2.61932007E+3	-2.12423416E-4
-2.61334009E+3	-1.91264568E-4
-2.60781006E+3	-1.90976760E-4
-2.60153003E+3	-1.83214201E-4
