# Mess-Beginn: 27.05.2019 15:13:20
# DTM-151	DTM-151
-3.55846997E+3	-6.58656238E-4
-3.55846997E+3	-6.81089645E-4
-3.55846997E+3	-6.88737375E-4
-3.55846997E+3	-6.96562987E-4
-3.55846997E+3	-6.99964177E-4
-3.55846997E+3	-7.04824110E-4
-3.55328003E+3	-7.00800039E-4
-3.54846997E+3	-7.02096673E-4
-3.54203003E+3	-7.04832142E-4
-3.53577002E+3	-7.15122267E-4
-3.52998999E+3	-7.22450146E-4
-3.52426001E+3	-7.33574561E-4
-3.51842993E+3	-7.51017709E-4
-3.51260010E+3	-7.64053548E-4
-3.50668994E+3	-7.73311011E-4
-3.49968994E+3	-7.86741206E-4
-3.49385010E+3	-8.04232492E-4
-3.48805005E+3	-8.25884868E-4
-3.48211011E+3	-8.34389182E-4
-3.47709009E+3	-8.51460616E-4
-3.47103003E+3	-8.67287628E-4
-3.46502002E+3	-8.83949629E-4
-3.46002002E+3	-9.08021349E-4
-3.45381006E+3	-9.34236043E-4
-3.44800000E+3	-9.54917399E-4
-3.44095996E+3	-9.74516966E-4
-3.43510010E+3	-1.00235315E-3
-3.43030005E+3	-1.03192858E-3
-3.42322998E+3	-1.06630370E-3
-3.41748999E+3	-1.09434908E-3
-3.41263989E+3	-1.12980697E-3
-3.40651001E+3	-1.16706826E-3
-3.40073999E+3	-1.19003642E-3
-3.39381006E+3	-1.22204388E-3
-3.38944995E+3	-1.26610196E-3
-3.38212988E+3	-1.31215213E-3
-3.37629004E+3	-1.36766501E-3
-3.37019995E+3	-1.41304953E-3
-3.36440991E+3	-1.47831091E-3
-3.35920996E+3	-1.53726852E-3
-3.35366992E+3	-1.61495816E-3
-3.34798999E+3	-1.68667233E-3
-3.34229004E+3	-1.77501759E-3
-3.33500000E+3	-1.86441408E-3
-3.32895996E+3	-1.95919466E-3
-3.32301001E+3	-2.05980265E-3
-3.31719995E+3	-2.15020427E-3
-3.31119995E+3	-2.26735394E-3
-3.30612012E+3	-2.38733087E-3
-3.30019995E+3	-2.51133088E-3
-3.29437988E+3	-2.64548603E-3
-3.28845996E+3	-2.80663325E-3
-3.28254004E+3	-2.98409536E-3
-3.27664990E+3	-3.17017850E-3
-3.27072998E+3	-3.37340031E-3
-3.26450000E+3	-3.58068175E-3
-3.25838989E+3	-3.77633446E-3
-3.25246997E+3	-3.94360628E-3
-3.24646997E+3	-4.02614428E-3
-3.24171997E+3	-4.04462451E-3
-3.23588989E+3	-3.96926748E-3
-3.22911011E+3	-3.83275165E-3
-3.22326001E+3	-3.63441324E-3
-3.21708008E+3	-3.40762106E-3
-3.21126001E+3	-3.14938906E-3
-3.20576001E+3	-2.87661841E-3
-3.19954004E+3	-2.62073707E-3
-3.19418994E+3	-2.38124281E-3
-3.18753003E+3	-2.21886113E-3
-3.18178003E+3	-2.14241957E-3
-3.17752002E+3	-2.14652205E-3
-3.17054004E+3	-2.19024043E-3
-3.16371997E+3	-2.27393187E-3
-3.15881006E+3	-2.39570253E-3
-3.15202002E+3	-2.52875383E-3
-3.14722998E+3	-2.67284038E-3
-3.14063989E+3	-2.83027510E-3
-3.13465991E+3	-2.97981664E-3
-3.12893994E+3	-3.13460641E-3
-3.12269995E+3	-3.27930111E-3
-3.11645996E+3	-3.40817729E-3
-3.11051001E+3	-3.52756842E-3
-3.10467993E+3	-3.64090665E-3
-3.09869995E+3	-3.69689288E-3
-3.09265991E+3	-3.71886860E-3
-3.08787012E+3	-3.67983384E-3
-3.08162012E+3	-3.54066282E-3
-3.07562988E+3	-3.31420521E-3
-3.07089990E+3	-2.93186121E-3
-3.06302002E+3	-2.37237127E-3
-3.05723999E+3	-1.62359129E-3
-3.05126001E+3	-6.54240255E-4
-3.04650000E+3	5.56974148E-4
-3.03952002E+3	2.01086048E-3
-3.03442993E+3	3.69568286E-3
-3.02877002E+3	5.57775423E-3
-3.02284009E+3	7.59379705E-3
-3.01682007E+3	9.67171881E-3
-3.01065991E+3	1.17076812E-2
-3.00475000E+3	1.35901459E-2
-2.99875000E+3	1.52326981E-2
-2.99291992E+3	1.65631194E-2
-2.98681006E+3	1.75005738E-2
-2.98091992E+3	1.79985687E-2
-2.97497998E+3	1.80663466E-2
-2.96912012E+3	1.76926032E-2
-2.96336011E+3	1.69260390E-2
-2.95739990E+3	1.58538520E-2
-2.95153003E+3	1.45332655E-2
-2.94563989E+3	1.30820349E-2
-2.93975000E+3	1.15610603E-2
-2.93365991E+3	1.00350343E-2
-2.92771997E+3	8.57566856E-3
-2.92190991E+3	7.22174207E-3
-2.91710010E+3	5.98413916E-3
-2.90996997E+3	4.89431014E-3
-2.90415991E+3	3.95651115E-3
-2.89778003E+3	3.14379809E-3
-2.89182007E+3	2.45920639E-3
-2.88672998E+3	1.86357275E-3
-2.88036011E+3	1.38432882E-3
-2.87429004E+3	9.76394862E-4
-2.86835010E+3	6.43224339E-4
-2.86253003E+3	3.75650183E-4
-2.85640991E+3	1.53104018E-4
-2.85179004E+3	-3.54887416E-5
-2.84585010E+3	-1.94685432E-4
-2.83864990E+3	-3.17385216E-4
-2.83244995E+3	-4.25501668E-4
-2.82676001E+3	-4.94874839E-4
-2.82087012E+3	-5.64107089E-4
-2.81510010E+3	-5.97963110E-4
-2.80928003E+3	-6.30696421E-4
-2.80340991E+3	-6.68799039E-4
-2.79780005E+3	-6.97953743E-4
-2.79192993E+3	-7.14711903E-4
-2.78477002E+3	-7.24628218E-4
-2.77901001E+3	-7.36364513E-4
-2.77329004E+3	-7.33294873E-4
-2.76851001E+3	-7.31529377E-4
-2.76208008E+3	-7.26672937E-4
-2.75601001E+3	-7.29672960E-4
-2.75015991E+3	-7.21067539E-4
-2.74547998E+3	-7.04988197E-4
-2.73845996E+3	-6.90043846E-4
-2.73210010E+3	-6.68073713E-4
-2.72610010E+3	-6.56138232E-4
-2.72113989E+3	-6.42877305E-4
-2.71511011E+3	-6.28823065E-4
-2.70870996E+3	-6.19086495E-4
-2.70367993E+3	-6.06099551E-4
-2.69772998E+3	-5.92556957E-4
-2.69188989E+3	-5.84588153E-4
-2.68484009E+3	-5.71721699E-4
-2.67856006E+3	-5.56815416E-4
-2.67262988E+3	-5.38680819E-4
-2.66657007E+3	-5.18762914E-4
-2.66077002E+3	-4.93126048E-4
-2.65485010E+3	-4.76833229E-4
-2.64896997E+3	-4.55788686E-4
-2.64401001E+3	-4.32962668E-4
-2.63662012E+3	-4.21684526E-4
-2.63079004E+3	-3.96098709E-4
-2.62491992E+3	-3.75519943E-4
-2.61909009E+3	-3.58106714E-4
-2.61308008E+3	-3.36280296E-4
-2.60714990E+3	-3.22826585E-4
-2.60127002E+3	-3.21756030E-4
-2.59540991E+3	-3.07562877E-4
-2.58947998E+3	-2.96478160E-4
-2.58364990E+3	-2.87978328E-4
-2.57645996E+3	-2.72149569E-4
-2.57065991E+3	-2.73689919E-4
-2.56483008E+3	-2.76492501E-4
-2.55833008E+3	-2.60253524E-4
-2.55237012E+3	-2.65068462E-4
-2.54651001E+3	-2.53056118E-4
-2.54058008E+3	-2.43226285E-4
-2.53457007E+3	-2.36826920E-4
-2.52879004E+3	-2.29704150E-4
-2.52182007E+3	-2.19118607E-4
-2.51586011E+3	-2.10102749E-4
-2.50985010E+3	-1.93051746E-4
-2.50376001E+3	-1.75678477E-4
-2.49763989E+3	-1.76700574E-4
-2.49172998E+3	-1.64131503E-4
-2.48507007E+3	-1.60304189E-4
-2.47927002E+3	-1.48919498E-4
-2.47333008E+3	-1.38287229E-4
-2.46622998E+3	-1.30739121E-4
-2.46035010E+3	-1.23771038E-4
-2.45419995E+3	-1.18755219E-4
-2.44838989E+3	-1.19341887E-4
-2.44286011E+3	-1.18034448E-4
-2.43580005E+3	-1.10602952E-4
-2.42997998E+3	-1.06363419E-4
-2.42410010E+3	-8.55601320E-5
-2.41817993E+3	-7.86299279E-5
-2.41120996E+3	-7.20631506E-5
