# Mess-Beginn: 27.05.2019 15:16:31
# DTM-151	DTM-151
-3.27027002E+3	-4.91637783E-3
-3.27026001E+3	-4.89988830E-3
-3.27025000E+3	-4.88576293E-3
-3.27025000E+3	-4.88379411E-3
-3.27025000E+3	-4.86863498E-3
-3.27023999E+3	-4.87396354E-3
-3.26418994E+3	-4.87359334E-3
-3.25809009E+3	-4.86022653E-3
-3.25193994E+3	-4.83256765E-3
-3.24643994E+3	-4.76292707E-3
-3.24069995E+3	-4.61136317E-3
-3.23437012E+3	-4.41983435E-3
-3.22844995E+3	-4.19273740E-3
-3.22229004E+3	-3.94153548E-3
-3.21753003E+3	-3.68556706E-3
-3.21052002E+3	-3.41692101E-3
-3.20485010E+3	-3.16085084E-3
-3.19782007E+3	-2.91651860E-3
-3.19219995E+3	-2.71663512E-3
-3.18739990E+3	-2.58109183E-3
-3.18135010E+3	-2.54280213E-3
-3.17481006E+3	-2.57190061E-3
-3.17010010E+3	-2.66107544E-3
-3.16441992E+3	-2.80332169E-3
-3.15850000E+3	-2.97024101E-3
-3.15098999E+3	-3.16441152E-3
-3.14490991E+3	-3.36544379E-3
-3.13962012E+3	-3.57599976E-3
-3.13410010E+3	-3.78308026E-3
-3.12788989E+3	-3.98658961E-3
-3.12181006E+3	-4.18634946E-3
-3.11702002E+3	-4.36876575E-3
-3.11104004E+3	-4.51366091E-3
-3.10486011E+3	-4.60161129E-3
-3.09880005E+3	-4.61926870E-3
-3.09284009E+3	-4.53446945E-3
-3.08705005E+3	-4.31666244E-3
-3.08080005E+3	-3.92911024E-3
-3.07467993E+3	-3.31389252E-3
-3.06878003E+3	-2.45840754E-3
-3.06294995E+3	-1.30312308E-3
-3.05687988E+3	1.69357780E-4
-3.05187012E+3	1.95565401E-3
-3.04470996E+3	4.01783781E-3
-3.03883008E+3	6.30194787E-3
-3.03291992E+3	8.71204771E-3
-3.02812012E+3	1.11453068E-2
-3.02181006E+3	1.34686958E-2
-3.01585010E+3	1.55466534E-2
-3.01004004E+3	1.73011478E-2
-3.00426001E+3	1.86434202E-2
-2.99825000E+3	1.94989555E-2
-2.99228003E+3	1.98356193E-2
-2.98581006E+3	1.96712334E-2
-2.97977002E+3	1.90273579E-2
-2.97390991E+3	1.79928821E-2
-2.96798999E+3	1.66428648E-2
-2.96220996E+3	1.51035441E-2
-2.95621997E+3	1.34640010E-2
-2.95130005E+3	1.17874695E-2
-2.94548999E+3	1.01530710E-2
-2.93921997E+3	8.61124229E-3
-2.93333008E+3	7.18385167E-3
-2.92728003E+3	5.89830009E-3
-2.92106006E+3	4.77347197E-3
-2.91560010E+3	3.80312325E-3
-2.90928003E+3	2.97118141E-3
-2.90346997E+3	2.26099486E-3
-2.89790991E+3	1.66729023E-3
-2.89191992E+3	1.18666701E-3
-2.88589990E+3	7.73307052E-4
-2.87897998E+3	4.30357148E-4
-2.87298999E+3	1.70740881E-4
-2.86712012E+3	-4.97249239E-5
-2.86250000E+3	-2.41098547E-4
-2.85626001E+3	-3.91909300E-4
-2.85066992E+3	-5.09749458E-4
-2.84378003E+3	-6.03826542E-4
-2.83967993E+3	-6.73539238E-4
-2.83176001E+3	-7.30477565E-4
-2.82547998E+3	-7.60082447E-4
-2.82040991E+3	-7.87888537E-4
-2.81431006E+3	-8.19383771E-4
-2.80828003E+3	-8.35010025E-4
-2.80243994E+3	-8.42646637E-4
-2.79759009E+3	-8.45465576E-4
-2.79064990E+3	-8.39071465E-4
-2.78511011E+3	-8.32355523E-4
-2.77920996E+3	-8.23726004E-4
-2.77283008E+3	-8.20354791E-4
-2.76680005E+3	-8.17709661E-4
-2.76094995E+3	-7.99924775E-4
-2.75506006E+3	-7.78545160E-4
-2.74915991E+3	-7.59279588E-4
-2.74326001E+3	-7.30968197E-4
-2.73720996E+3	-7.13178888E-4
-2.73151001E+3	-6.92214759E-4
-2.72588989E+3	-6.70976762E-4
-2.72119995E+3	-6.52120565E-4
-2.71307007E+3	-6.32304407E-4
-2.70707007E+3	-6.15665456E-4
-2.70248999E+3	-5.99185354E-4
-2.69546997E+3	-5.85162372E-4
-2.69031006E+3	-5.61502529E-4
-2.68422998E+3	-5.47683157E-4
-2.67833008E+3	-5.29008044E-4
-2.67350000E+3	-5.18582470E-4
-2.66609009E+3	-5.03318151E-4
-2.66011011E+3	-4.93996136E-4
-2.65408008E+3	-4.83334908E-4
-2.64835010E+3	-4.60097770E-4
-2.64244995E+3	-4.44211881E-4
-2.63741992E+3	-4.19671793E-4
-2.63051001E+3	-4.13810514E-4
-2.62550000E+3	-3.95515119E-4
-2.61852002E+3	-3.87773238E-4
-2.61220996E+3	-3.71264730E-4
-2.60637988E+3	-3.67166096E-4
-2.60041992E+3	-3.47090303E-4
-2.59443994E+3	-3.33305943E-4
-2.58842993E+3	-3.24444089E-4
-2.58255005E+3	-3.08451214E-4
-2.57663989E+3	-3.06084927E-4
-2.57083008E+3	-2.95495207E-4
