# Mess-Beginn: 27.05.2019 15:19:22
# DTM-151	DTM-151
-3.79887988E+3	-6.38773839E-4
-3.79883008E+3	-6.28247566E-4
-3.79881006E+3	-6.24863955E-4
-3.79881006E+3	-6.18540915E-4
-3.79877002E+3	-6.15295256E-4
-3.79873999E+3	-6.20712759E-4
-3.79234009E+3	-6.13139418E-4
-3.78652002E+3	-6.16003061E-4
-3.78171997E+3	-6.04294648E-4
-3.77580005E+3	-5.85190835E-4
-3.76976001E+3	-5.85926813E-4
-3.76509009E+3	-5.75089070E-4
-3.75912012E+3	-5.77898289E-4
-3.75296997E+3	-5.70971461E-4
-3.74632007E+3	-5.71533747E-4
-3.74129004E+3	-5.73878875E-4
-3.73537012E+3	-5.84779831E-4
-3.72938989E+3	-5.84537629E-4
-3.72364990E+3	-5.92304103E-4
-3.71879004E+3	-6.03154826E-4
-3.71178003E+3	-6.03232009E-4
-3.70708008E+3	-6.06080808E-4
-3.69988989E+3	-6.20068575E-4
-3.69396997E+3	-6.34407217E-4
-3.68814990E+3	-6.42044062E-4
-3.68242993E+3	-6.42658153E-4
-3.67667993E+3	-6.45445718E-4
-3.67180005E+3	-6.57456927E-4
-3.66552002E+3	-6.69975998E-4
-3.65946997E+3	-6.76124531E-4
-3.65357007E+3	-6.86046202E-4
-3.64670996E+3	-7.00007717E-4
-3.64067993E+3	-6.99253869E-4
-3.63503003E+3	-7.04225095E-4
-3.62920996E+3	-7.14341004E-4
-3.62347998E+3	-7.16224080E-4
-3.61758008E+3	-7.23575416E-4
-3.61183008E+3	-7.31969252E-4
-3.60567993E+3	-7.33046443E-4
-3.60088989E+3	-7.38327450E-4
-3.59363989E+3	-7.48668856E-4
-3.58781006E+3	-7.55015528E-4
-3.58209009E+3	-7.60970928E-4
-3.57615991E+3	-7.63885560E-4
-3.57020996E+3	-7.74477201E-4
-3.56425000E+3	-7.90172198E-4
-3.55937988E+3	-7.97345187E-4
-3.55362988E+3	-8.14855855E-4
-3.54676001E+3	-8.27869750E-4
-3.54027002E+3	-8.31382466E-4
-3.53446997E+3	-8.33344413E-4
-3.52868994E+3	-8.51212128E-4
-3.52281006E+3	-8.67936236E-4
-3.51697998E+3	-8.79261468E-4
-3.51212988E+3	-8.84112611E-4
-3.50529004E+3	-9.09589580E-4
-3.50037012E+3	-9.37432225E-4
-3.49442993E+3	-9.43996361E-4
-3.48827002E+3	-9.56598495E-4
-3.48137012E+3	-9.94527363E-4
-3.47559009E+3	-1.02041499E-3
-3.47086011E+3	-1.04079081E-3
-3.46467993E+3	-1.06370891E-3
-3.45889990E+3	-1.10203936E-3
-3.45320996E+3	-1.13495195E-3
-3.44739990E+3	-1.15543557E-3
-3.44152002E+3	-1.18246290E-3
-3.43438989E+3	-1.22660084E-3
-3.42847998E+3	-1.25810888E-3
-3.42266992E+3	-1.28838443E-3
-3.41678003E+3	-1.33226265E-3
-3.41086011E+3	-1.38031633E-3
-3.40482007E+3	-1.42455241E-3
-3.40002002E+3	-1.48525066E-3
-3.39378003E+3	-1.53909449E-3
-3.38779004E+3	-1.59334182E-3
-3.38189990E+3	-1.64863712E-3
-3.37496997E+3	-1.69516983E-3
-3.36912988E+3	-1.77013665E-3
-3.36357007E+3	-1.83994719E-3
-3.35769995E+3	-1.91236346E-3
-3.35186011E+3	-1.99043402E-3
-3.34579004E+3	-2.07979884E-3
-3.34095996E+3	-2.16109562E-3
-3.33466992E+3	-2.26264377E-3
-3.32982007E+3	-2.37338524E-3
-3.32186011E+3	-2.48521962E-3
-3.31605005E+3	-2.62079085E-3
-3.31129004E+3	-2.76586204E-3
-3.30507007E+3	-2.91608693E-3
-3.29914990E+3	-3.08536622E-3
-3.29315991E+3	-3.27429152E-3
-3.28726001E+3	-3.47963511E-3
-3.28143994E+3	-3.69529030E-3
-3.27550000E+3	-3.92865157E-3
-3.26964990E+3	-4.16908041E-3
-3.26318994E+3	-4.43194527E-3
-3.25834009E+3	-4.66607790E-3
-3.25153003E+3	-4.85004531E-3
-3.24681006E+3	-4.97033121E-3
-3.23970996E+3	-4.97960486E-3
-3.23510010E+3	-4.91787540E-3
-3.22801001E+3	-4.77638561E-3
-3.22283008E+3	-4.60565370E-3
-3.21697998E+3	-4.41213977E-3
-3.21145996E+3	-4.19302844E-3
-3.20426001E+3	-3.96431144E-3
-3.19833008E+3	-3.75535642E-3
-3.19247998E+3	-3.59547464E-3
-3.18743994E+3	-3.51837929E-3
-3.18127002E+3	-3.54515389E-3
-3.17537012E+3	-3.64589738E-3
-3.16959009E+3	-3.83621641E-3
-3.16368994E+3	-4.05838573E-3
-3.15761011E+3	-4.29909164E-3
-3.15061011E+3	-4.58209496E-3
-3.14506006E+3	-4.85939067E-3
-3.14019995E+3	-5.14013087E-3
-3.13423999E+3	-5.40711544E-3
-3.12730005E+3	-5.61778480E-3
-3.12226001E+3	-5.78521984E-3
-3.11645996E+3	-5.84321842E-3
-3.11051001E+3	-5.76754659E-3
-3.10497998E+3	-5.50176576E-3
-3.09885010E+3	-4.97546047E-3
-3.09168994E+3	-4.13572742E-3
-3.08685010E+3	-2.93409848E-3
-3.08093994E+3	-1.31259928E-3
-3.07416992E+3	7.45092053E-4
-3.06887988E+3	3.18987342E-3
-3.06273999E+3	5.96164539E-3
-3.05800000E+3	8.91459174E-3
-3.05077002E+3	1.19305002E-2
-3.04488989E+3	1.48197906E-2
-3.03889990E+3	1.74009856E-2
-3.03270996E+3	1.95725337E-2
-3.02757007E+3	2.12047826E-2
-3.02213989E+3	2.22319122E-2
-3.01633008E+3	2.26233471E-2
-3.00996997E+3	2.23898645E-2
-3.00400000E+3	2.16179546E-2
-2.99813989E+3	2.03978624E-2
-2.99171997E+3	1.88644491E-2
-2.98613989E+3	1.71248894E-2
-2.97991992E+3	1.53250340E-2
-2.97390991E+3	1.35272145E-2
-2.96916992E+3	1.17970118E-2
-2.96316992E+3	1.01700407E-2
-2.95660010E+3	8.65740981E-3
-2.95179004E+3	7.28033250E-3
-2.94487988E+3	6.02926826E-3
-2.93770996E+3	4.91760718E-3
-2.93242993E+3	3.90844932E-3
-2.92675000E+3	3.03363404E-3
-2.92078003E+3	2.26758514E-3
-2.91491992E+3	1.61196431E-3
-2.90900000E+3	1.06647774E-3
-2.90332007E+3	6.11677242E-4
-2.89744995E+3	2.39721499E-4
-2.89170996E+3	-6.00333369E-5
-2.88562012E+3	-3.07088834E-4
-2.87931006E+3	-5.11557737E-4
-2.87355005E+3	-6.63847022E-4
-2.86739990E+3	-7.79510883E-4
-2.86268994E+3	-8.71849654E-4
-2.85587012E+3	-9.44144267E-4
-2.84994995E+3	-9.95581737E-4
-2.84415991E+3	-1.04026904E-3
-2.83713989E+3	-1.06204767E-3
-2.83215991E+3	-1.08211278E-3
-2.82607007E+3	-1.08947523E-3
-2.82002002E+3	-1.08753541E-3
-2.81407007E+3	-1.08552957E-3
-2.80919995E+3	-1.07590517E-3
-2.80325000E+3	-1.06484024E-3
-2.79742993E+3	-1.04281155E-3
-2.79122998E+3	-1.02976640E-3
-2.78511011E+3	-1.00999360E-3
-2.77920996E+3	-9.90957371E-4
-2.77212988E+3	-9.67786764E-4
-2.76685010E+3	-9.38889803E-4
-2.76103003E+3	-9.06524656E-4
-2.75548999E+3	-8.80476204E-4
-2.74871997E+3	-8.55870196E-4
-2.74421997E+3	-8.24443530E-4
-2.73780005E+3	-8.09675723E-4
-2.73187012E+3	-7.84086238E-4
-2.72491992E+3	-7.59971736E-4
-2.71916992E+3	-7.39724201E-4
-2.71327002E+3	-7.17724441E-4
-2.70741992E+3	-6.99669938E-4
-2.70129004E+3	-6.93297421E-4
-2.69656006E+3	-6.75886229E-4
-2.69036011E+3	-6.72889990E-4
-2.68487012E+3	-6.55084208E-4
-2.67856006E+3	-6.34357741E-4
-2.67255005E+3	-6.10978575E-4
-2.66552002E+3	-5.90888085E-4
-2.65966992E+3	-5.72168559E-4
-2.65359009E+3	-5.52866724E-4
-2.64842993E+3	-5.42166294E-4
