# Mess-Beginn: 27.05.2019 12:42:44
# DTM-151	DTM-151
-4.06690991E+3	6.12879463E-4
-4.06689990E+3	6.17670070E-4
-4.06689990E+3	6.18620077E-4
-4.06689990E+3	6.17363199E-4
-4.06554004E+3	6.15371740E-4
-4.05981006E+3	6.18708262E-4
-4.05266992E+3	6.26577705E-4
-4.04689990E+3	6.35355711E-4
-4.04105005E+3	6.31161034E-4
-4.03636011E+3	6.28688897E-4
-4.03006006E+3	6.22477906E-4
-4.02436011E+3	6.22387277E-4
-4.01855005E+3	6.28069683E-4
-4.01389990E+3	6.26884692E-4
-4.00710010E+3	6.25149114E-4
-4.00015991E+3	6.28335867E-4
-3.99426001E+3	6.19552273E-4
-3.98961011E+3	6.11788011E-4
-3.98358008E+3	6.15503464E-4
-3.97850000E+3	6.11136900E-4
-3.97158008E+3	6.16306323E-4
-3.96562012E+3	6.16027275E-4
-3.95976001E+3	6.12947391E-4
-3.95296997E+3	6.14708930E-4
-3.94839990E+3	6.16346137E-4
-3.94269995E+3	6.04462926E-4
-3.93593994E+3	6.11294177E-4
-3.93012988E+3	6.12673000E-4
-3.92427002E+3	6.13808108E-4
-3.91857007E+3	6.20824052E-4
-3.91267993E+3	6.21777785E-4
-3.90708008E+3	6.19313330E-4
-3.90028003E+3	6.18136721E-4
-3.89454004E+3	6.15217956E-4
-3.88856006E+3	6.13297045E-4
-3.88387012E+3	6.17232639E-4
-3.87709009E+3	6.17441838E-4
-3.87254004E+3	6.16916455E-4
-3.86673999E+3	6.13344135E-4
-3.85986011E+3	6.13558805E-4
-3.85387012E+3	6.09260460E-4
-3.84813989E+3	6.12389122E-4
-3.84148999E+3	6.15383149E-4
-3.83662988E+3	6.16676465E-4
-3.83077002E+3	6.19266939E-4
-3.82463989E+3	6.17874437E-4
-3.81863989E+3	6.11473981E-4
-3.81394995E+3	6.11501629E-4
-3.80813989E+3	6.11495052E-4
-3.80181006E+3	6.11855008E-4
-3.79604004E+3	6.14155142E-4
-3.79000000E+3	6.07342459E-4
-3.78395996E+3	5.98065264E-4
-3.77719995E+3	5.95748425E-4
-3.77140991E+3	5.91543328E-4
-3.76560010E+3	5.93385310E-4
-3.75947998E+3	5.94557903E-4
-3.75462012E+3	5.94757148E-4
-3.74894995E+3	5.92573837E-4
-3.74262988E+3	5.93312318E-4
-3.73665991E+3	5.91639138E-4
-3.72972998E+3	5.94083976E-4
-3.72367993E+3	5.97492559E-4
-3.71905005E+3	5.93221921E-4
-3.71283008E+3	5.94353303E-4
-3.70692993E+3	5.88924566E-4
-3.70087988E+3	5.89484524E-4
-3.69501001E+3	5.85528614E-4
-3.69043994E+3	5.86941722E-4
-3.68261011E+3	5.80071704E-4
-3.67662988E+3	5.73573518E-4
-3.67062988E+3	5.74225385E-4
-3.66504004E+3	5.77774597E-4
-3.66033008E+3	5.83123707E-4
-3.65323999E+3	5.84222260E-4
-3.64822998E+3	5.78798587E-4
-3.64233008E+3	5.76523889E-4
-3.63656006E+3	5.64235321E-4
-3.63180005E+3	5.56608080E-4
-3.62478003E+3	5.53683494E-4
-3.61841992E+3	5.51496225E-4
-3.61287012E+3	5.44968003E-4
-3.60698999E+3	5.33987244E-4
-3.60087012E+3	5.30501362E-4
-3.59513989E+3	5.18213375E-4
-3.58909009E+3	5.25475189E-4
-3.58322998E+3	5.20611939E-4
-3.57620996E+3	5.23303286E-4
-3.57040991E+3	5.20038011E-4
-3.56515991E+3	5.10183570E-4
-3.55908008E+3	5.07191522E-4
-3.55319995E+3	5.03119722E-4
-3.54737012E+3	4.98971145E-4
-3.54273999E+3	4.93140426E-4
-3.53625000E+3	4.96871362E-4
-3.53018994E+3	4.89541097E-4
-3.52433008E+3	4.84199467E-4
-3.51867993E+3	4.85461904E-4
-3.51208008E+3	4.75803798E-4
-3.50612012E+3	4.72446758E-4
-3.50023999E+3	4.60310053E-4
-3.49537988E+3	4.53460205E-4
-3.48829004E+3	4.45334299E-4
-3.48296997E+3	4.32787405E-4
-3.47697998E+3	4.23235615E-4
-3.47128003E+3	4.19346354E-4
-3.46522998E+3	4.14339273E-4
-3.45921997E+3	4.01083700E-4
-3.45301001E+3	4.03675047E-4
-3.44705005E+3	3.98314558E-4
-3.44115991E+3	3.90794768E-4
-3.43521997E+3	3.79735167E-4
-3.42996997E+3	3.70579131E-4
-3.42448999E+3	3.58688936E-4
-3.41872998E+3	3.43501481E-4
-3.41254004E+3	3.28956725E-4
-3.40771997E+3	3.11807235E-4
-3.39971997E+3	3.02518456E-4
-3.39369995E+3	2.84794689E-4
-3.38786011E+3	2.65120587E-4
-3.38298999E+3	2.48395663E-4
-3.37702002E+3	2.29017329E-4
-3.37192993E+3	2.04633558E-4
-3.36523999E+3	1.83197248E-4
-3.35836011E+3	1.64497236E-4
-3.35234009E+3	1.30724948E-4
-3.34623999E+3	1.03225146E-4
-3.34044995E+3	6.56250486E-5
-3.33461011E+3	2.42537481E-5
-3.32978003E+3	-1.49832385E-5
-3.32362012E+3	-6.80772937E-5
-3.31810010E+3	-1.19746430E-4
-3.31203003E+3	-1.77062728E-4
-3.30521997E+3	-2.41549729E-4
-3.29933008E+3	-3.21124156E-4
-3.29328003E+3	-3.97583877E-4
-3.28736011E+3	-4.88892605E-4
-3.28255005E+3	-5.96032187E-4
-3.27653003E+3	-7.08475302E-4
-3.27040991E+3	-8.39005457E-4
-3.26563989E+3	-9.66473250E-4
-3.25968994E+3	-1.11477345E-3
-3.25177002E+3	-1.26049411E-3
-3.24589990E+3	-1.39201223E-3
-3.23989990E+3	-1.50425930E-3
-3.23516992E+3	-1.60454027E-3
-3.22873999E+3	-1.68868166E-3
-3.22296997E+3	-1.75064337E-3
-3.21691992E+3	-1.81049330E-3
-3.21102002E+3	-1.86203385E-3
-3.20634009E+3	-1.92182849E-3
-3.20028003E+3	-1.98643492E-3
-3.19406006E+3	-2.06926721E-3
-3.18701001E+3	-2.18981039E-3
-3.18108008E+3	-2.35460256E-3
-3.17617993E+3	-2.54685571E-3
-3.16993994E+3	-2.77013448E-3
-3.16395996E+3	-3.00343614E-3
-3.15818994E+3	-3.22553539E-3
-3.15257007E+3	-3.38767376E-3
-3.14636011E+3	-3.43994494E-3
-3.14158008E+3	-3.34701431E-3
-3.13469995E+3	-3.05369566E-3
-3.12889990E+3	-2.48788996E-3
-3.12180005E+3	-1.61974225E-3
-3.11647998E+3	-4.86253586E-4
-3.11064990E+3	8.60388100E-4
-3.10463989E+3	2.33808416E-3
-3.09876001E+3	3.83371068E-3
-3.09290991E+3	5.24714449E-3
-3.08694995E+3	6.49478612E-3
-3.08229004E+3	7.51409493E-3
-3.07506006E+3	8.25140439E-3
-3.06856006E+3	8.64872430E-3
-3.06339990E+3	8.69447738E-3
-3.05759009E+3	8.42458941E-3
-3.05172998E+3	7.90850539E-3
-3.04575000E+3	7.22524896E-3
-3.04084009E+3	6.48764847E-3
-3.03406006E+3	5.75417327E-3
-3.02928003E+3	5.08010015E-3
-3.02257007E+3	4.50644456E-3
-3.01652002E+3	4.03266214E-3
-3.00957007E+3	3.65273538E-3
-3.00456006E+3	3.36057250E-3
-2.99917993E+3	3.12843383E-3
-2.99237988E+3	2.95599806E-3
-2.98742993E+3	2.81833042E-3
-2.98162012E+3	2.70194188E-3
-2.97576001E+3	2.60802940E-3
-2.96841992E+3	2.51266197E-3
-2.96247998E+3	2.41103163E-3
-2.95648999E+3	2.30282615E-3
-2.95169995E+3	2.18374724E-3
-2.94545996E+3	2.05679797E-3
-2.94000000E+3	1.93007546E-3
-2.93411011E+3	1.78782188E-3
-2.92827002E+3	1.65853184E-3
-2.92245996E+3	1.53152458E-3
-2.91637012E+3	1.41356513E-3
-2.90937988E+3	1.30163378E-3
-2.90340991E+3	1.20655121E-3
-2.89762012E+3	1.11588440E-3
-2.89155005E+3	1.04289257E-3
-2.88686011E+3	9.73720744E-4
-2.87996997E+3	9.13662603E-4
-2.87512988E+3	8.72210425E-4
-2.86778003E+3	8.24161107E-4
-2.86193994E+3	7.94515945E-4
-2.85614990E+3	7.63898250E-4
-2.85022998E+3	7.43465847E-4
-2.84363989E+3	7.19225267E-4
-2.83946997E+3	7.02871592E-4
-2.83255005E+3	6.82983489E-4
-2.82664990E+3	6.62840786E-4
-2.82093994E+3	6.53142110E-4
-2.81511011E+3	6.42676488E-4
-2.80929004E+3	6.44745363E-4
-2.80337012E+3	6.32963085E-4
-2.79696997E+3	6.26448717E-4
-2.79117993E+3	6.27476431E-4
-2.78623999E+3	6.28866546E-4
-2.77919995E+3	6.29891001E-4
-2.77402002E+3	6.40593760E-4
-2.76805005E+3	6.52813877E-4
-2.76114990E+3	6.57740398E-4
-2.75512988E+3	6.60880469E-4
-2.74922998E+3	6.62260107E-4
-2.74363989E+3	6.60837162E-4
-2.73765991E+3	6.65076310E-4
-2.73158008E+3	6.60263584E-4
-2.72627002E+3	6.65792963E-4
-2.72041992E+3	6.67735294E-4
-2.71432007E+3	6.58423640E-4
-2.70826001E+3	6.56938471E-4
-2.70205005E+3	6.56864722E-4
-2.69614990E+3	6.62585371E-4
-2.69035010E+3	6.60006073E-4
-2.68442993E+3	6.66593784E-4
-2.67846997E+3	6.62755047E-4
-2.67231006E+3	6.65360829E-4
-2.66745996E+3	6.54901029E-4
-2.66054004E+3	6.59799553E-4
-2.65412012E+3	6.65891741E-4
-2.64813989E+3	6.67213288E-4
-2.64226001E+3	6.68855035E-4
-2.63628003E+3	6.67430344E-4
-2.63032007E+3	6.65196043E-4
-2.62452002E+3	6.63686718E-4
-2.61959009E+3	6.70175301E-4
-2.61350000E+3	6.73775212E-4
-2.60718994E+3	6.83883380E-4
-2.60129004E+3	6.83858641E-4
-2.59542993E+3	6.82898215E-4
-2.58946997E+3	6.82832790E-4
-2.58228003E+3	6.85854466E-4
-2.57627002E+3	6.86160696E-4
-2.57043994E+3	6.90537272E-4
-2.56448999E+3	6.93204754E-4
-2.55860010E+3	6.95952738E-4
-2.55263989E+3	6.92160276E-4
-2.54609009E+3	6.83146296E-4
-2.53938989E+3	6.85770530E-4
-2.53353003E+3	6.89848966E-4
-2.52820996E+3	6.90946414E-4
-2.52098999E+3	6.90116547E-4
-2.51494995E+3	6.88718457E-4
-2.51013989E+3	6.89972949E-4
-2.50364990E+3	6.93651906E-4
-2.49792993E+3	6.98202057E-4
-2.49272998E+3	7.05999671E-4
-2.48464990E+3	7.16012903E-4
-2.47868994E+3	7.18220137E-4
-2.47255005E+3	7.25881488E-4
-2.46653003E+3	7.31383858E-4
-2.46094995E+3	7.29707128E-4
-2.45432007E+3	7.35974638E-4
-2.44837988E+3	7.38750969E-4
-2.44183008E+3	7.43906538E-4
-2.43700000E+3	7.36122020E-4
-2.42873999E+3	7.33103778E-4
-2.42292993E+3	7.29430350E-4
-2.41704004E+3	7.28936866E-4
-2.41114990E+3	7.20090000E-4
-2.40506006E+3	7.13932561E-4
-2.39890991E+3	7.16650975E-4
-2.39307007E+3	7.16120994E-4
-2.38737988E+3	7.14187219E-4
-2.38138989E+3	7.11106288E-4
-2.37406006E+3	7.07715808E-4
-2.36725000E+3	7.06169172E-4
-2.36131006E+3	7.08633859E-4
-2.35534009E+3	7.01799290E-4
-2.34918994E+3	7.03414320E-4
-2.34347998E+3	7.05347164E-4
-2.33735010E+3	7.04731676E-4
-2.33156006E+3	6.96624687E-4
-2.32487012E+3	7.00748642E-4
-2.31903003E+3	6.97299140E-4
-2.31200000E+3	7.02548830E-4
-2.30620996E+3	7.01033045E-4
-2.30027002E+3	6.98319578E-4
-2.29413989E+3	7.00451492E-4
-2.28835010E+3	7.02345511E-4
-2.28176001E+3	7.07480242E-4
-2.27579004E+3	7.08959589E-4
-2.26984009E+3	7.17509130E-4
-2.26405005E+3	7.16794049E-4
-2.25693994E+3	7.22952245E-4
-2.25082007E+3	7.28677143E-4
-2.24482007E+3	7.29841762E-4
-2.23884009E+3	7.36207527E-4
-2.23294995E+3	7.45054276E-4
-2.22696997E+3	7.41513795E-4
-2.22065991E+3	7.43086333E-4
-2.21507007E+3	7.48919556E-4
-2.20930005E+3	7.53737637E-4
-2.20116992E+3	7.61141651E-4
-2.19511011E+3	7.68435828E-4
-2.18901001E+3	7.73780397E-4
-2.18315991E+3	7.86870485E-4
-2.17701001E+3	7.85903481E-4
-2.17117993E+3	7.85722048E-4
-2.16533008E+3	7.94024498E-4
-2.15919995E+3	7.94434221E-4
-2.15321997E+3	7.92841485E-4
-2.14764990E+3	7.87623401E-4
-2.14018994E+3	7.79685506E-4
-2.13426001E+3	7.74581102E-4
-2.12819995E+3	7.65744713E-4
-2.12214990E+3	7.60481576E-4
-2.11562988E+3	7.56055524E-4
-2.10948999E+3	7.53072381E-4
-2.10363989E+3	7.51863059E-4
-2.09730005E+3	7.45573780E-4
-2.09153003E+3	7.47077807E-4
-2.08541992E+3	7.52261316E-4
-2.07828003E+3	7.59232382E-4
-2.07230005E+3	7.60065217E-4
-2.06623999E+3	7.61957665E-4
-2.06022998E+3	7.62338925E-4
-2.05437988E+3	7.63367978E-4
-2.04818994E+3	7.71484221E-4
-2.04220996E+3	7.75566266E-4
-2.03514001E+3	7.85863784E-4
-2.03020996E+3	7.77397829E-4
-2.02783997E+3	7.76328845E-4
-2.02781006E+3	7.70791201E-4
-2.02779004E+3	7.72692030E-4
-2.02778003E+3	7.76608475E-4
-2.02778003E+3	7.77793408E-4
-2.02778003E+3	7.81996408E-4
-2.02780005E+3	7.77324371E-4
-2.02781006E+3	7.78120651E-4
-2.02781006E+3	7.77442125E-4
-2.02781995E+3	7.87432422E-4
-2.02782996E+3	7.89299083E-4
-2.02783997E+3	7.93123269E-4
-2.02783997E+3	7.98711670E-4
-2.02784998E+3	7.98973488E-4
