# Mess-Beginn: 27.05.2019 14:44:39
# DTM-151	DTM-151
-3.60400000E+3	-1.45683158E-3
-3.60397998E+3	-1.45209255E-3
-3.60395996E+3	-1.46862690E-3
-3.60393994E+3	-1.48200698E-3
-3.60059009E+3	-1.46869349E-3
-3.59451001E+3	-1.45898329E-3
-3.58985010E+3	-1.45425426E-3
-3.58405005E+3	-1.46750628E-3
-3.57817993E+3	-1.46919407E-3
-3.57333008E+3	-1.46757415E-3
-3.56634009E+3	-1.46870292E-3
-3.56054004E+3	-1.50200026E-3
-3.55430005E+3	-1.50961103E-3
-3.54835010E+3	-1.51033083E-3
-3.54229004E+3	-1.54485577E-3
-3.53633008E+3	-1.57373992E-3
-3.53123999E+3	-1.59050897E-3
-3.52533008E+3	-1.62959658E-3
-3.51923999E+3	-1.65953033E-3
-3.51336011E+3	-1.70467165E-3
-3.50807007E+3	-1.74303353E-3
-3.50106006E+3	-1.75832573E-3
-3.49522998E+3	-1.79192715E-3
-3.48919995E+3	-1.83389953E-3
-3.48322998E+3	-1.86837069E-3
-3.47857007E+3	-1.90878916E-3
-3.47281006E+3	-1.95379858E-3
-3.46731006E+3	-1.99560192E-3
-3.46042993E+3	-2.03738478E-3
-3.45450000E+3	-2.07476341E-3
-3.44861011E+3	-2.12567626E-3
-3.44160010E+3	-2.18220474E-3
-3.43605005E+3	-2.23641330E-3
-3.43094995E+3	-2.29721749E-3
-3.42529004E+3	-2.37228046E-3
-3.41843994E+3	-2.43943860E-3
-3.41343994E+3	-2.51042238E-3
-3.40758008E+3	-2.57465895E-3
-3.40166992E+3	-2.65939650E-3
-3.39592993E+3	-2.74649821E-3
-3.38902002E+3	-2.84344377E-3
-3.38305005E+3	-2.95189186E-3
-3.37709009E+3	-3.06243380E-3
-3.37012012E+3	-3.17280483E-3
-3.36660010E+3	-3.29711987E-3
-3.36019995E+3	-3.42918676E-3
-3.35441992E+3	-3.58573021E-3
-3.34857007E+3	-3.76452622E-3
-3.34048999E+3	-3.94852553E-3
-3.33679004E+3	-4.15124185E-3
-3.32971997E+3	-4.36781300E-3
-3.32387988E+3	-4.59777238E-3
-3.31878003E+3	-4.84758755E-3
-3.31265991E+3	-5.13325585E-3
-3.30619995E+3	-5.42833703E-3
-3.30190991E+3	-5.76084713E-3
-3.29496997E+3	-6.12245640E-3
-3.28910010E+3	-6.51344843E-3
-3.28441992E+3	-6.95203245E-3
-3.27914990E+3	-7.41192745E-3
-3.27108008E+3	-7.91701581E-3
-3.26511011E+3	-8.45081639E-3
-3.26034009E+3	-8.99937656E-3
-3.25237012E+3	-9.50247794E-3
-3.24783008E+3	-9.95495450E-3
-3.24284009E+3	-1.03225457E-2
-3.23643994E+3	-1.06013250E-2
-3.22957007E+3	-1.08300969E-2
-3.22357007E+3	-1.10361027E-2
-3.21787988E+3	-1.12564648E-2
-3.21197998E+3	-1.14636952E-2
-3.20563989E+3	-1.16885947E-2
-3.19968994E+3	-1.19416267E-2
-3.19479004E+3	-1.22121973E-2
-3.18888989E+3	-1.24801481E-2
-3.18346997E+3	-1.26519660E-2
-3.17646997E+3	-1.25624808E-2
-3.16955005E+3	-1.19731445E-2
-3.16485010E+3	-1.06034651E-2
-3.15891992E+3	-8.15138407E-3
-3.15307007E+3	-4.36955551E-3
-3.14852002E+3	7.42948789E-4
-3.14108008E+3	6.98823296E-3
-3.13593994E+3	1.39054628E-2
-3.13018994E+3	2.08909139E-2
-3.12292993E+3	2.73621511E-2
-3.11703003E+3	3.28478590E-2
-3.11101001E+3	3.70352753E-2
-3.10518994E+3	3.97016443E-2
-3.09957007E+3	4.06549685E-2
-3.09393994E+3	3.97953875E-2
-3.08803003E+3	3.72382291E-2
-3.08284009E+3	3.32727768E-2
-3.07683008E+3	2.84320451E-2
-3.07097998E+3	2.33310834E-2
-3.06388989E+3	1.84956435E-2
-3.05852002E+3	1.42733464E-2
-3.05243994E+3	1.08291330E-2
-3.04743994E+3	8.14534724E-3
-3.04115991E+3	6.16089441E-3
-3.03509009E+3	4.73949639E-3
-3.02968994E+3	3.77740269E-3
-3.02372998E+3	3.18354811E-3
-3.01794995E+3	2.83461600E-3
-3.01002002E+3	2.68731220E-3
-3.00523999E+3	2.65407842E-3
-2.99921997E+3	2.70381360E-3
-2.99345996E+3	2.77431030E-3
-2.98739990E+3	2.84337997E-3
-2.98260010E+3	2.85266992E-3
-2.97620996E+3	2.79361801E-3
-2.96996997E+3	2.67385063E-3
-2.96315991E+3	2.47523119E-3
-2.95838989E+3	2.20821099E-3
-2.95194995E+3	1.87325443E-3
-2.94603003E+3	1.50196801E-3
-2.94009009E+3	1.09921210E-3
-2.93532007E+3	6.89354376E-4
-2.92947998E+3	2.88548676E-4
-2.92318994E+3	-7.66034937E-5
-2.91833008E+3	-4.03716840E-4
-2.90917993E+3	-7.09137123E-4
-2.90557007E+3	-9.43767256E-4
-2.89955005E+3	-1.13631494E-3
-2.89261011E+3	-1.30240317E-3
-2.88782007E+3	-1.41804130E-3
-2.88092993E+3	-1.49961340E-3
-2.87608008E+3	-1.57266110E-3
-2.86930005E+3	-1.61860767E-3
-2.86342993E+3	-1.64724432E-3
-2.85805005E+3	-1.65598979E-3
-2.85203003E+3	-1.64859602E-3
-2.84705005E+3	-1.64342974E-3
-2.83947998E+3	-1.61996996E-3
-2.83460010E+3	-1.58928859E-3
-2.82847998E+3	-1.55390368E-3
-2.82217993E+3	-1.53504731E-3
-2.81617993E+3	-1.50416431E-3
-2.81020996E+3	-1.48306438E-3
-2.80443994E+3	-1.44612358E-3
-2.79811011E+3	-1.40535634E-3
-2.79215991E+3	-1.35844736E-3
-2.78606006E+3	-1.33520493E-3
-2.78026001E+3	-1.31377275E-3
-2.77556006E+3	-1.29020447E-3
-2.76908008E+3	-1.26627716E-3
-2.76318994E+3	-1.24438794E-3
-2.75692993E+3	-1.20433315E-3
-2.75233008E+3	-1.16194459E-3
-2.74423999E+3	-1.13826850E-3
-2.73894995E+3	-1.13229954E-3
-2.73300000E+3	-1.11021206E-3
-2.72705005E+3	-1.08424725E-3
-2.72094995E+3	-1.05331524E-3
-2.71604004E+3	-1.02420384E-3
-2.70993994E+3	-1.00312126E-3
-2.70350000E+3	-9.63852042E-4
-2.69832007E+3	-9.50427959E-4
-2.69262012E+3	-9.38284036E-4
-2.68654004E+3	-9.13670927E-4
-2.67963989E+3	-8.83681641E-4
-2.67370996E+3	-8.59270222E-4
-2.66776001E+3	-8.41130910E-4
-2.66071997E+3	-8.25151801E-4
-2.65594995E+3	-7.90335354E-4
-2.65096997E+3	-7.72740343E-4
-2.64509009E+3	-7.51052226E-4
-2.63780005E+3	-7.34958390E-4
-2.63182007E+3	-7.18847616E-4
-2.62596997E+3	-7.09277869E-4
-2.62012012E+3	-6.82640646E-4
-2.61408008E+3	-6.75722258E-4
-2.60781006E+3	-6.52438786E-4
-2.60303003E+3	-6.48128625E-4
-2.59708008E+3	-6.38148806E-4
-2.59104004E+3	-6.20135223E-4
-2.58416992E+3	-6.14105316E-4
-2.57940991E+3	-6.10253599E-4
-2.57156006E+3	-5.97002276E-4
-2.56552002E+3	-5.78072853E-4
-2.55968994E+3	-5.66347793E-4
-2.55344995E+3	-5.50226774E-4
-2.54738989E+3	-5.40334091E-4
-2.54242993E+3	-5.29160607E-4
-2.53554004E+3	-5.18059824E-4
-2.52933008E+3	-5.02828218E-4
-2.52340991E+3	-4.95135551E-4
-2.51744995E+3	-4.77534835E-4
-2.51148999E+3	-4.64683661E-4
-2.50453003E+3	-4.52928711E-4
-2.49838989E+3	-4.44719830E-4
-2.49244995E+3	-4.26261424E-4
-2.48540991E+3	-4.16312309E-4
-2.48070996E+3	-4.03099111E-4
-2.47512012E+3	-4.00754041E-4
-2.46792993E+3	-3.93185503E-4
-2.46158008E+3	-3.77404707E-4
-2.45569995E+3	-3.65448301E-4
-2.45001001E+3	-3.50783055E-4
-2.44305005E+3	-3.44350381E-4
-2.43712988E+3	-3.29982431E-4
-2.43132007E+3	-3.32393392E-4
-2.42536011E+3	-3.33774660E-4
-2.41941992E+3	-3.14244040E-4
-2.41347998E+3	-3.05596070E-4
-2.40779004E+3	-3.14936275E-4
-2.40031006E+3	-3.19377170E-4
-2.39471997E+3	-3.13260505E-4
-2.38772998E+3	-3.15782701E-4
-2.38184009E+3	-3.13009485E-4
-2.37583008E+3	-3.11680342E-4
-2.36990991E+3	-3.03898443E-4
-2.36402002E+3	-2.88339215E-4
-2.35747998E+3	-2.84772075E-4
-2.35139990E+3	-2.67929659E-4
-2.34526001E+3	-2.49030883E-4
-2.33923999E+3	-2.31755141E-4
-2.33239990E+3	-2.22757226E-4
-2.32635010E+3	-2.07613542E-4
-2.32037988E+3	-1.93243934E-4
-2.31342993E+3	-1.85637866E-4
-2.30910010E+3	-1.77327893E-4
-2.30148999E+3	-1.60526703E-4
-2.29646997E+3	-1.52219392E-4
-2.29095996E+3	-1.49755142E-4
-2.28241992E+3	-1.51786109E-4
-2.27750000E+3	-1.53924062E-4
-2.27190991E+3	-1.52949506E-4
-2.26488989E+3	-1.47555736E-4
-2.25783008E+3	-1.41864206E-4
-2.25312012E+3	-1.34435177E-4
-2.24712012E+3	-1.25448118E-4
-2.24050000E+3	-1.28265354E-4
-2.23432007E+3	-1.24889673E-4
-2.22755005E+3	-1.20984070E-4
-2.22164990E+3	-1.06236192E-4
-2.21564990E+3	-8.98964499E-5
-2.20957007E+3	-8.69028881E-5
-2.20372998E+3	-8.19599372E-5
-2.19757007E+3	-8.32491496E-5
-2.18991992E+3	-7.31054097E-5
-2.18508008E+3	-6.98850417E-5
-2.17910010E+3	-5.77286810E-5
-2.17204004E+3	-5.66531780E-5
-2.16593994E+3	-6.08170085E-5
-2.15995996E+3	-6.16119796E-5
-2.15403003E+3	-7.14190101E-5
-2.14797998E+3	-7.35110225E-5
-2.14112988E+3	-7.36376169E-5
-2.13626001E+3	-6.78774377E-5
