# Mess-Beginn: 27.05.2019 12:46:31
# DTM-151	DTM-151
-4.02690991E+3	-1.39639038E-3
-4.02690991E+3	-1.40258495E-3
-4.02691992E+3	-1.40096387E-3
-4.02691992E+3	-1.37446227E-3
-4.02691992E+3	-1.36135740E-3
-4.02691992E+3	-1.35936355E-3
-4.02692993E+3	-1.34177227E-3
-4.02692993E+3	-1.33615569E-3
-4.02227002E+3	-1.32780359E-3
-4.01613989E+3	-1.33973057E-3
-4.00912988E+3	-1.32147770E-3
-4.00332007E+3	-1.32540218E-3
-3.99750000E+3	-1.32757844E-3
-3.99260010E+3	-1.33380305E-3
-3.98657007E+3	-1.32720685E-3
-3.98096997E+3	-1.30676222E-3
-3.97493994E+3	-1.31762750E-3
-3.96909009E+3	-1.32555736E-3
-3.96193994E+3	-1.31907454E-3
-3.95668994E+3	-1.29367178E-3
-3.95056006E+3	-1.29382557E-3
-3.94558008E+3	-1.29296945E-3
-3.93942993E+3	-1.29255233E-3
-3.93343994E+3	-1.29628927E-3
-3.92776001E+3	-1.31786580E-3
-3.92212988E+3	-1.33672752E-3
-3.91672998E+3	-1.34633400E-3
-3.91059009E+3	-1.33997865E-3
-3.90348999E+3	-1.34232768E-3
-3.89762988E+3	-1.34510407E-3
-3.89090991E+3	-1.35843572E-3
-3.88627002E+3	-1.34812249E-3
-3.88033008E+3	-1.35783129E-3
-3.87462988E+3	-1.36219768E-3
-3.86896997E+3	-1.35379296E-3
-3.86315991E+3	-1.34189939E-3
-3.85741992E+3	-1.34366017E-3
-3.85046997E+3	-1.33044925E-3
-3.84453003E+3	-1.31869037E-3
-3.84034009E+3	-1.32410019E-3
-3.83336011E+3	-1.33350387E-3
-3.82843994E+3	-1.38429354E-3
-3.82168994E+3	-1.38911628E-3
-3.81585010E+3	-1.40940049E-3
-3.80990991E+3	-1.40968442E-3
-3.80416992E+3	-1.43608928E-3
-3.79731006E+3	-1.45237625E-3
-3.79222998E+3	-1.47520937E-3
-3.78685010E+3	-1.50373601E-3
-3.77998999E+3	-1.52866961E-3
-3.77526001E+3	-1.49126851E-3
-3.76894995E+3	-1.45073305E-3
-3.76292993E+3	-1.45435042E-3
-3.75627002E+3	-1.45466824E-3
-3.75042993E+3	-1.47159968E-3
-3.74445996E+3	-1.47438364E-3
-3.73843994E+3	-1.45665288E-3
-3.73330005E+3	-1.45888911E-3
-3.72726001E+3	-1.46384514E-3
-3.72151001E+3	-1.46110600E-3
-3.71580005E+3	-1.50397769E-3
-3.70985010E+3	-1.52714737E-3
-3.70400000E+3	-1.53536757E-3
-3.69812988E+3	-1.54773437E-3
-3.69223999E+3	-1.54427951E-3
-3.68546997E+3	-1.56043679E-3
-3.67962988E+3	-1.59307744E-3
-3.67454004E+3	-1.60369917E-3
-3.66857007E+3	-1.62115600E-3
-3.66248999E+3	-1.64249912E-3
-3.65753003E+3	-1.65246753E-3
-3.65077002E+3	-1.66960596E-3
-3.64484009E+3	-1.68139255E-3
-3.63978003E+3	-1.68332364E-3
-3.63378003E+3	-1.68353459E-3
-3.62672998E+3	-1.61265431E-3
-3.62095996E+3	-1.65452773E-3
-3.61503003E+3	-1.67452835E-3
-3.60991992E+3	-1.70741882E-3
-3.60398999E+3	-1.72476622E-3
-3.59671997E+3	-1.74855452E-3
-3.59213989E+3	-1.78084744E-3
-3.58608008E+3	-1.82832708E-3
-3.57968994E+3	-1.90180459E-3
-3.57370996E+3	-1.97098544E-3
-3.56787988E+3	-2.11689598E-3
-3.56226001E+3	-2.00276845E-3
-3.55633008E+3	-2.07916088E-3
-3.55055005E+3	-2.08708062E-3
-3.54459009E+3	-2.13263649E-3
-3.53837988E+3	-2.26602494E-3
-3.53250000E+3	-2.33197864E-3
-3.52675000E+3	-2.36548507E-3
-3.52088989E+3	-2.34816805E-3
-3.51503003E+3	-2.26292503E-3
-3.50811011E+3	-2.21124920E-3
-3.50377002E+3	-2.35272339E-3
-3.49773999E+3	-2.39489647E-3
-3.49172998E+3	-2.44344003E-3
-3.48596997E+3	-2.46393983E-3
-3.48021997E+3	-2.36100983E-3
-3.47420996E+3	-2.35464517E-3
-3.46776001E+3	-2.39309203E-3
-3.46228003E+3	-2.44487380E-3
-3.45581006E+3	-2.58701062E-3
-3.44941992E+3	-2.70302617E-3
-3.44480005E+3	-2.76900386E-3
-3.43879004E+3	-2.81193620E-3
-3.43289990E+3	-2.89776130E-3
-3.42712012E+3	-3.00473208E-3
-3.42091992E+3	-3.16248718E-3
-3.41605005E+3	-3.27228056E-3
-3.40879004E+3	-3.36545799E-3
-3.40308008E+3	-3.48356250E-3
-3.39713989E+3	-3.61759332E-3
-3.39107007E+3	-3.74281802E-3
-3.38613989E+3	-3.87828378E-3
-3.37997998E+3	-4.00824426E-3
-3.37409009E+3	-4.16208524E-3
-3.36814990E+3	-4.31573624E-3
-3.36217993E+3	-4.48022224E-3
-3.35611011E+3	-4.67209192E-3
-3.34961011E+3	-4.89728618E-3
-3.34379004E+3	-5.13596367E-3
-3.33780005E+3	-5.40755130E-3
-3.33218994E+3	-5.68404468E-3
-3.32613989E+3	-6.00994565E-3
-3.32154004E+3	-6.36514090E-3
-3.31548999E+3	-6.73623895E-3
-3.30947998E+3	-7.14872312E-3
-3.30361011E+3	-7.60227442E-3
-3.29638989E+3	-8.09733570E-3
-3.29048999E+3	-8.64435453E-3
-3.28478003E+3	-9.25318431E-3
-3.27886011E+3	-9.92108323E-3
-3.27408008E+3	-1.06545445E-2
-3.26822998E+3	-1.14330072E-2
-3.26238989E+3	-1.22676343E-2
-3.25506006E+3	-1.31043959E-2
-3.24918994E+3	-1.38877369E-2
-3.24339990E+3	-1.45884324E-2
-3.23831006E+3	-1.52177475E-2
-3.23209009E+3	-1.57806724E-2
-3.22618994E+3	-1.63258426E-2
-3.22018994E+3	-1.68697797E-2
-3.21452002E+3	-1.74396243E-2
-3.20866992E+3	-1.80508252E-2
-3.20254004E+3	-1.86690036E-2
-3.19662988E+3	-1.92770623E-2
-3.19042993E+3	-1.98446847E-2
-3.18461011E+3	-2.01848410E-2
-3.17860010E+3	-2.00346224E-2
-3.17363989E+3	-1.90024618E-2
-3.16754004E+3	-1.66040026E-2
-3.16140991E+3	-1.24062430E-2
-3.15567993E+3	-6.19153213E-3
-3.14964990E+3	1.90302788E-3
-3.14366992E+3	1.13202091E-2
-3.13685010E+3	2.11862922E-2
-3.13202002E+3	3.07022817E-2
-3.12516992E+3	3.91054600E-2
-3.11946997E+3	4.59352322E-2
-3.11363989E+3	5.07934913E-2
-3.10889990E+3	5.34171499E-2
-3.10185010E+3	5.35409898E-2
-3.09701001E+3	5.11431322E-2
-3.09083008E+3	4.65286858E-2
-3.08369995E+3	4.03331630E-2
-3.07777002E+3	3.35132815E-2
-3.07204004E+3	2.68082023E-2
-3.06597998E+3	2.08478384E-2
-3.06073999E+3	1.58809535E-2
-3.05466992E+3	1.19766500E-2
-3.04928003E+3	9.04879533E-3
-3.04281006E+3	6.91526616E-3
-3.03816992E+3	5.38703613E-3
-3.03178003E+3	4.41331463E-3
-3.02482007E+3	3.82338464E-3
-3.01904004E+3	3.52181960E-3
-3.01340991E+3	3.43638891E-3
-3.00739990E+3	3.51759116E-3
-3.00163989E+3	3.61535046E-3
-2.99578003E+3	3.80720850E-3
-2.98973999E+3	3.90848285E-3
-2.98352002E+3	3.98690905E-3
-2.97751001E+3	4.06158436E-3
-2.97169995E+3	4.00292268E-3
-2.96578003E+3	3.84558644E-3
-2.96102002E+3	3.53533193E-3
-2.95408008E+3	3.16786068E-3
-2.94798999E+3	2.68493523E-3
-2.94331006E+3	2.26421328E-3
-2.93664990E+3	1.73612358E-3
-2.93076001E+3	1.24079711E-3
-2.92595996E+3	7.51891872E-4
-2.91996997E+3	2.61238863E-4
-2.91246997E+3	-1.86038262E-4
-2.90642993E+3	-5.69344207E-4
-2.90071997E+3	-8.70256976E-4
-2.89584009E+3	-1.15223147E-3
-2.88987988E+3	-1.37508672E-3
-2.88347998E+3	-1.57750177E-3
-2.87643994E+3	-1.66616775E-3
-2.87057007E+3	-1.82188267E-3
-2.86478003E+3	-1.57111383E-3
-2.86001001E+3	-1.65192247E-3
-2.85423999E+3	-1.67702313E-3
-2.84787012E+3	-1.48594554E-3
-2.84166992E+3	-1.70871546E-3
-2.83571997E+3	-1.92717509E-3
-2.83071997E+3	-1.79542601E-3
-2.82482007E+3	-1.67547935E-3
-2.81741992E+3	-1.65887084E-3
-2.81150000E+3	-1.54735951E-3
-2.80558008E+3	-1.86464994E-3
-2.79979004E+3	-1.83566776E-3
-2.79444995E+3	-1.84346770E-3
-2.78847998E+3	-2.00110837E-3
-2.78237988E+3	-1.76572322E-3
-2.77758008E+3	-1.51517836E-3
-2.77084009E+3	-1.62423681E-3
-2.76605005E+3	-1.64334662E-3
-2.76023999E+3	-1.59336813E-3
-2.75227002E+3	-1.60218857E-3
-2.74693994E+3	-1.61955436E-3
-2.74116992E+3	-1.54743274E-3
-2.73527002E+3	-1.53542915E-3
-2.72916992E+3	-1.57502410E-3
-2.72437012E+3	-1.54693017E-3
-2.71869995E+3	-1.48082024E-3
-2.71177002E+3	-1.21118524E-3
-2.70366992E+3	-1.21305871E-3
-2.69990991E+3	-1.24650064E-3
-2.69353003E+3	-1.15727738E-3
-2.68747998E+3	-1.10834092E-3
-2.68164990E+3	-1.07201526E-3
-2.67580005E+3	-1.02842832E-3
-2.66980005E+3	-9.29813948E-4
-2.66451001E+3	-9.08090908E-4
-2.65865991E+3	-9.76561743E-4
-2.65267993E+3	-1.05781166E-3
-2.64566992E+3	-1.03432708E-3
-2.63851001E+3	-1.22549338E-3
-2.63386011E+3	-1.43480836E-3
-2.62795996E+3	-1.34512258E-3
-2.62212988E+3	-1.33624929E-3
-2.61584009E+3	-1.24968612E-3
-2.61004004E+3	-1.21037522E-3
-2.60420996E+3	-1.19682145E-3
-2.59712012E+3	-1.07768504E-3
-2.59127002E+3	-1.14405749E-3
-2.58546997E+3	-1.15231820E-3
-2.57951001E+3	-9.21025348E-4
-2.57344995E+3	-7.34172179E-4
-2.56762012E+3	-7.58350652E-4
-2.56161011E+3	-7.56215770E-4
-2.55585010E+3	-7.72266125E-4
-2.54876001E+3	-7.83991127E-4
-2.54404004E+3	-7.49760249E-4
-2.53691992E+3	-7.61877280E-4
-2.53097998E+3	-7.46267207E-4
-2.52496997E+3	-7.12327834E-4
-2.51909009E+3	-6.99242984E-4
-2.51347998E+3	-6.90299843E-4
-2.50634009E+3	-6.66639884E-4
-2.50073999E+3	-6.45061780E-4
-2.49462012E+3	-6.62571809E-4
-2.48770996E+3	-6.66975102E-4
