# Mess-Beginn: 27.05.2019 12:58:46
# DTM-151	DTM-151
-4.06733008E+3	-1.09072227E-3
-4.06733008E+3	-1.03863073E-3
-4.06733008E+3	-1.09644327E-3
-4.06733008E+3	-1.10953487E-3
-4.06346997E+3	-1.13621762E-3
-4.05858008E+3	-1.11891294E-3
-4.05270996E+3	-1.17521943E-3
-4.04670996E+3	-1.14901573E-3
-4.04208008E+3	-1.14481302E-3
-4.03585010E+3	-1.26996799E-3
-4.03103003E+3	-1.29800674E-3
-4.02485010E+3	-1.35827635E-3
-4.01903003E+3	-1.35559938E-3
-4.01328003E+3	-1.33363879E-3
-4.00719995E+3	-1.39483740E-3
-4.00144995E+3	-1.38883840E-3
-3.99573999E+3	-1.31596823E-3
-3.98887988E+3	-1.36545394E-3
-3.98307007E+3	-1.34524854E-3
-3.97732007E+3	-1.33346277E-3
-3.97269995E+3	-1.35371578E-3
-3.96684009E+3	-1.29594095E-3
-3.95978003E+3	-1.26637612E-3
-3.95468994E+3	-1.29191508E-3
-3.94864990E+3	-1.23119925E-3
-3.94294995E+3	-1.24240562E-3
-3.93614990E+3	-1.23104756E-3
-3.93041992E+3	-1.22038287E-3
-3.92471997E+3	-1.25409977E-3
-3.91888989E+3	-1.27256336E-3
-3.91303003E+3	-1.21732533E-3
-3.90817993E+3	-1.23237236E-3
-3.90191992E+3	-1.21507852E-3
-3.89615991E+3	-1.21284591E-3
-3.88929004E+3	-1.23031519E-3
-3.88344995E+3	-1.23087002E-3
-3.87762012E+3	-1.22460455E-3
-3.87155005E+3	-1.22963043E-3
-3.86672998E+3	-1.20302255E-3
-3.85995996E+3	-1.18420750E-3
-3.85522998E+3	-1.20775541E-3
-3.84836011E+3	-1.18855957E-3
-3.84250000E+3	-1.21295883E-3
-3.83670996E+3	-1.22197543E-3
-3.83077002E+3	-1.20302523E-3
-3.82531006E+3	-1.20384013E-3
-3.81941992E+3	-1.21951289E-3
-3.81328003E+3	-1.23060809E-3
-3.80748999E+3	-1.26694771E-3
-3.80155005E+3	-1.29826483E-3
-3.79572998E+3	-1.29296456E-3
-3.78982007E+3	-1.28268369E-3
-3.78403003E+3	-1.27885921E-3
-3.77755005E+3	-1.31088658E-3
-3.77186011E+3	-1.35346840E-3
-3.76600000E+3	-1.37989630E-3
-3.76003003E+3	-1.34603563E-3
-3.75420996E+3	-1.34913635E-3
-3.74843994E+3	-1.35478505E-3
-3.74255005E+3	-1.36117684E-3
-3.73681006E+3	-1.36133761E-3
-3.73098999E+3	-1.40377483E-3
-3.72569995E+3	-1.39717595E-3
-3.71887012E+3	-1.37289753E-3
-3.71337012E+3	-1.36723218E-3
-3.70742993E+3	-1.37081009E-3
-3.70201001E+3	-1.40110822E-3
-3.69623999E+3	-1.40608754E-3
-3.69030005E+3	-1.40219193E-3
-3.68419995E+3	-1.40015373E-3
-3.67833008E+3	-1.43276877E-3
-3.67138989E+3	-1.42313587E-3
-3.66665991E+3	-1.43893273E-3
-3.65979004E+3	-1.45830109E-3
-3.65393994E+3	-1.47978694E-3
-3.64798999E+3	-1.48767536E-3
-3.64216992E+3	-1.50778214E-3
-3.63762012E+3	-1.52355304E-3
-3.63189990E+3	-1.54536485E-3
-3.62505005E+3	-1.55219447E-3
-3.61902002E+3	-1.56021700E-3
-3.61233008E+3	-1.58941862E-3
-3.60647998E+3	-1.62135973E-3
-3.60163989E+3	-1.62107532E-3
-3.59485010E+3	-1.62615755E-3
-3.59004004E+3	-1.64452556E-3
-3.58379004E+3	-1.65569375E-3
-3.57776001E+3	-1.68851833E-3
-3.57189990E+3	-1.71659503E-3
-3.56500000E+3	-1.74790376E-3
-3.55922998E+3	-1.78206689E-3
-3.55440991E+3	-1.80264481E-3
-3.54803003E+3	-1.83177146E-3
-3.54214990E+3	-1.87629927E-3
-3.53623999E+3	-1.90500449E-3
-3.53033008E+3	-1.94115413E-3
-3.52472998E+3	-1.97099824E-3
-3.51930005E+3	-2.01029144E-3
-3.51360010E+3	-2.04185024E-3
-3.50757007E+3	-2.08589435E-3
-3.50173999E+3	-2.13082461E-3
-3.49461011E+3	-2.17869994E-3
-3.48880005E+3	-2.24903109E-3
-3.48296997E+3	-2.31139897E-3
-3.47720996E+3	-2.38847733E-3
-3.47130005E+3	-2.44526775E-3
-3.46531006E+3	-2.50667566E-3
-3.45961011E+3	-2.55914242E-3
-3.45368994E+3	-2.64450791E-3
-3.44742993E+3	-2.75601191E-3
-3.44111011E+3	-2.84115714E-3
-3.43636011E+3	-2.93630851E-3
-3.43044995E+3	-3.00082797E-3
-3.42385010E+3	-3.09032481E-3
-3.41912988E+3	-3.18847061E-3
-3.41205005E+3	-3.29986494E-3
-3.40733008E+3	-3.44540109E-3
-3.40152002E+3	-3.57673015E-3
-3.39542993E+3	-3.64846457E-3
-3.38852002E+3	-3.75637016E-3
-3.38258008E+3	-3.91237205E-3
-3.37677002E+3	-4.07878775E-3
-3.37176001E+3	-4.27025743E-3
-3.36552002E+3	-4.47122613E-3
-3.35992993E+3	-4.67804959E-3
-3.35411011E+3	-4.92007192E-3
-3.34768994E+3	-5.17775072E-3
-3.34101001E+3	-5.46903722E-3
-3.33509009E+3	-5.85012091E-3
-3.32902002E+3	-6.21236209E-3
-3.32418994E+3	-6.59556314E-3
-3.31805005E+3	-7.03402329E-3
-3.31243994E+3	-7.50613818E-3
-3.30654004E+3	-8.03364348E-3
-3.30066992E+3	-8.62791575E-3
-3.29487988E+3	-9.27052740E-3
-3.28895996E+3	-1.00182956E-2
-3.28286011E+3	-1.08486162E-2
-3.27690991E+3	-1.17628044E-2
-3.27068994E+3	-1.27716418E-2
-3.26476001E+3	-1.38626611E-2
-3.25937012E+3	-1.50935510E-2
-3.25319995E+3	-1.63843092E-2
-3.24730005E+3	-1.76698118E-2
-3.24234009E+3	-1.89741012E-2
-3.23496997E+3	-2.02959403E-2
-3.22919995E+3	-2.16647591E-2
-3.22327002E+3	-2.31363438E-2
-3.21732007E+3	-2.47118641E-2
-3.21141992E+3	-2.63170376E-2
-3.20550000E+3	-2.78261080E-2
-3.20059009E+3	-2.88331844E-2
-3.19445996E+3	-2.88870372E-2
-3.18956006E+3	-2.72487756E-2
-3.18195996E+3	-2.30260734E-2
-3.17593994E+3	-1.54898455E-2
-3.17018994E+3	-4.71101934E-3
-3.16423999E+3	8.26738961E-3
-3.15848999E+3	2.18690056E-2
-3.15248999E+3	3.46612856E-2
-3.14738989E+3	4.57449555E-2
-3.14166992E+3	5.47405593E-2
-3.13543994E+3	6.13203570E-2
-3.12838989E+3	6.50029927E-2
-3.12329004E+3	6.52890876E-2
-3.11738989E+3	6.16995133E-2
-3.11037012E+3	5.45781106E-2
-3.10456006E+3	4.51573581E-2
-3.09927002E+3	3.51405814E-2
-3.09346997E+3	2.59509832E-2
-3.08765991E+3	1.84163731E-2
-3.08167993E+3	1.26371812E-2
-3.07643994E+3	8.41828901E-3
-3.06942993E+3	5.48155978E-3
-3.06421997E+3	3.45043559E-3
-3.05745996E+3	2.12674541E-3
-3.05211011E+3	1.25421293E-3
-3.04712988E+3	7.97549961E-4
-3.04032007E+3	6.12031028E-4
-3.03420996E+3	6.31060684E-4
-3.02893994E+3	7.93446146E-4
-3.02340991E+3	1.07059558E-3
-3.01725000E+3	1.43475644E-3
-3.01154004E+3	1.84906379E-3
-3.00552002E+3	2.29050196E-3
-2.99859009E+3	2.66055390E-3
-2.99281006E+3	3.08690546E-3
-2.98703003E+3	3.42390919E-3
-2.98134009E+3	3.65251536E-3
-2.97545996E+3	3.76574951E-3
-2.96943994E+3	3.80635518E-3
-2.96337988E+3	3.68453679E-3
-2.95736011E+3	3.42817558E-3
-2.95141992E+3	3.06786364E-3
-2.94547998E+3	2.67694890E-3
-2.93943994E+3	2.25637853E-3
-2.93367993E+3	1.79228722E-3
-2.92773999E+3	1.28868897E-3
-2.92187012E+3	8.28776043E-4
-2.91707007E+3	3.93805472E-4
-2.91109009E+3	-2.26487646E-5
-2.90496997E+3	-3.41726001E-4
-2.89787012E+3	-5.96821134E-4
-2.89201001E+3	-8.26776086E-4
-2.88604004E+3	-1.02952134E-3
-2.88028003E+3	-1.17411581E-3
-2.87539990E+3	-1.31920178E-3
-2.86917993E+3	-1.41393545E-3
-2.86315991E+3	-1.48460432E-3
-2.85616992E+3	-1.52108422E-3
-2.85014990E+3	-1.54906197E-3
-2.84447998E+3	-1.59822009E-3
-2.83977002E+3	-1.61604688E-3
-2.83294995E+3	-1.59277185E-3
-2.82807007E+3	-1.58669695E-3
-2.82272998E+3	-1.57130416E-3
-2.81587988E+3	-1.53366092E-3
-2.80993994E+3	-1.50722160E-3
-2.80398999E+3	-1.48374308E-3
-2.79787988E+3	-1.45463808E-3
-2.79193994E+3	-1.43145618E-3
-2.78584009E+3	-1.38822128E-3
-2.77991992E+3	-1.37828139E-3
-2.77412012E+3	-1.36320188E-3
-2.76835010E+3	-1.33472111E-3
-2.76251001E+3	-1.30178651E-3
-2.75656006E+3	-1.28162652E-3
-2.75058008E+3	-1.25728734E-3
-2.74481006E+3	-1.23640685E-3
-2.73983008E+3	-1.21673674E-3
-2.73235010E+3	-1.19053130E-3
-2.72669995E+3	-1.14198506E-3
-2.72043994E+3	-1.11430080E-3
-2.71446997E+3	-1.09307026E-3
-2.70866992E+3	-1.04952848E-3
-2.70379004E+3	-1.06397015E-3
-2.69790991E+3	-1.07534323E-3
-2.69162988E+3	-1.04599970E-3
-2.68560010E+3	-1.03818695E-3
-2.67966992E+3	-1.07057183E-3
-2.67334009E+3	-1.08392804E-3
-2.66731006E+3	-1.08026364E-3
-2.66151001E+3	-1.05746952E-3
-2.65558008E+3	-1.07872463E-3
-2.64957007E+3	-1.06739427E-3
-2.64385010E+3	-1.02457998E-3
-2.63653003E+3	-9.52308183E-4
-2.63166992E+3	-9.22564243E-4
-2.62594995E+3	-8.67068127E-4
-2.61928003E+3	-7.93222629E-4
-2.61312012E+3	-7.80659379E-4
-2.60839990E+3	-7.88952515E-4
-2.60171997E+3	-7.91454164E-4
-2.59558008E+3	-7.44045246E-4
-2.58960010E+3	-7.30716623E-4
-2.58485010E+3	-7.13581103E-4
-2.57837012E+3	-7.09856802E-4
-2.57106006E+3	-7.13882386E-4
-2.56488989E+3	-7.00335251E-4
-2.55887988E+3	-6.77049160E-4
-2.55296997E+3	-6.21710962E-4
-2.54690991E+3	-5.25138341E-4
-2.54087012E+3	-4.73410648E-4
-2.53467993E+3	-4.68076905E-4
-2.52757007E+3	-4.77436086E-4
-2.52287012E+3	-4.52719949E-4
-2.51605005E+3	-4.40037053E-4
-2.50998999E+3	-4.19694989E-4
-2.50394995E+3	-4.26627783E-4
-2.49804004E+3	-4.23012505E-4
-2.49235010E+3	-4.09087719E-4
-2.48634009E+3	-4.75461595E-4
-2.48025000E+3	-4.63272852E-4
-2.47287988E+3	-4.32404195E-4
-2.46725000E+3	-4.39286989E-4
-2.46194995E+3	-4.48316830E-4
-2.45493994E+3	-4.61211050E-4
-2.44925000E+3	-4.65034478E-4
-2.44333008E+3	-4.43922792E-4
-2.43627002E+3	-4.35388356E-4
-2.43068994E+3	-4.30945132E-4
-2.42395996E+3	-3.88334447E-4
-2.41858008E+3	-4.16685740E-4
-2.41135010E+3	-4.30022570E-4
-2.40531006E+3	-4.06879961E-4
-2.39960010E+3	-4.15169954E-4
-2.39284009E+3	-3.61300539E-4
-2.38722998E+3	-3.29154282E-4
-2.38232007E+3	-3.39449936E-4
-2.37567993E+3	-3.44898901E-4
-2.36942993E+3	-3.48626781E-4
