# Mess-Beginn: 27.05.2019 13:14:20
# DTM-151	DTM-151
-4.06737012E+3	-1.29798765E-3
-4.06737012E+3	-1.31589221E-3
-4.06737988E+3	-1.29209773E-3
-4.06737988E+3	-1.27775548E-3
-4.06738989E+3	-1.29918905E-3
-3.99694995E+3	-1.27438514E-3
-3.87263989E+3	-1.32554409E-3
-3.70001001E+3	-1.33146090E-3
-3.75207007E+3	-1.35129225E-3
-3.77712012E+3	-1.36925385E-3
-3.78770996E+3	-1.35494210E-3
-3.79046997E+3	-1.41914887E-3
-3.79180005E+3	-1.45876501E-3
-3.79188989E+3	-1.48670236E-3
-3.79202002E+3	-1.45284610E-3
-3.79212988E+3	-1.49909640E-3
-3.79222998E+3	-1.49298657E-3
-3.79231006E+3	-1.44182635E-3
-3.79237988E+3	-1.45911879E-3
-3.79243994E+3	-1.43708952E-3
-3.79247998E+3	-1.45647163E-3
-3.79253003E+3	-1.43916043E-3
-3.79257007E+3	-1.44823838E-3
-3.79260010E+3	-1.42968376E-3
-3.79262988E+3	-1.48290687E-3
-3.79265991E+3	-1.48716918E-3
-3.79267993E+3	-1.48357684E-3
-3.79269995E+3	-1.53451646E-3
-3.79269995E+3	-1.55060692E-3
-3.79271997E+3	-1.54126249E-3
-3.79272998E+3	-1.54910446E-3
-3.79273999E+3	-1.53440039E-3
-3.79275000E+3	-1.54481770E-3
-3.79276001E+3	-1.52452441E-3
-3.79277002E+3	-1.50233193E-3
-3.79277002E+3	-1.47980102E-3
-3.79278003E+3	-1.44049677E-3
-3.79279004E+3	-1.37719978E-3
-3.79280005E+3	-1.35781057E-3
-3.79280005E+3	-1.34612806E-3
-3.79280005E+3	-1.32059015E-3
-3.79281006E+3	-1.33621891E-3
-3.79281006E+3	-1.30033225E-3
-3.79281006E+3	-1.37335295E-3
-3.79281006E+3	-1.33852987E-3
-3.79280005E+3	-1.33630144E-3
-3.79280005E+3	-1.37871190E-3
-3.79281006E+3	-1.40265177E-3
-3.79281006E+3	-1.39807502E-3
-3.79281006E+3	-1.42237789E-3
-3.79281006E+3	-1.42254413E-3
-3.79281006E+3	-1.47208734E-3
-3.79281006E+3	-1.48678652E-3
-3.79281006E+3	-1.43677613E-3
-3.79282007E+3	-1.44287944E-3
-3.79282007E+3	-1.46872108E-3
-3.79281006E+3	-1.46057724E-3
-3.79281006E+3	-1.50607340E-3
-3.79281006E+3	-1.50129292E-3
-3.79281006E+3	-1.50088489E-3
-3.79281006E+3	-1.51396648E-3
-3.79281006E+3	-1.46821735E-3
-3.79282007E+3	-1.44216628E-3
-3.79281006E+3	-1.45581597E-3
-3.79281006E+3	-1.52859464E-3
-3.79281006E+3	-1.51545194E-3
-3.79281006E+3	-1.49569486E-3
-3.79281006E+3	-1.47646491E-3
-3.79281006E+3	-1.48477720E-3
-3.79281006E+3	-1.46117294E-3
-3.79281006E+3	-1.42853614E-3
-3.79281006E+3	-1.47140655E-3
-3.79281006E+3	-1.47639448E-3
-3.79281006E+3	-1.46284630E-3
-3.79282007E+3	-1.43460429E-3
-3.79282007E+3	-1.48931041E-3
-3.79282007E+3	-1.51884556E-3
-3.79282007E+3	-1.55350892E-3
-3.79282007E+3	-1.59896677E-3
-3.79281006E+3	-1.58918195E-3
-3.79282007E+3	-1.63117272E-3
-3.79281006E+3	-1.59234286E-3
-3.79282007E+3	-1.61939033E-3
-3.79281006E+3	-1.65643147E-3
-3.79281006E+3	-1.62204483E-3
-3.79280005E+3	-1.55866111E-3
-3.79280005E+3	-1.55405514E-3
-3.79280005E+3	-1.52579742E-3
-3.79280005E+3	-1.48398243E-3
-3.79279004E+3	-1.52115815E-3
-3.79278003E+3	-1.53811974E-3
-3.79278003E+3	-1.49541663E-3
-3.79278003E+3	-1.48262328E-3
-3.79277002E+3	-1.45710015E-3
-3.79277002E+3	-1.49737170E-3
-3.79277002E+3	-1.50668982E-3
-3.79277002E+3	-1.50907692E-3
-3.79277002E+3	-1.52184744E-3
-3.79277002E+3	-1.54256809E-3
-3.79277002E+3	-1.51816907E-3
-3.79278003E+3	-1.48825557E-3
-3.79278003E+3	-1.54270499E-3
-3.79279004E+3	-1.56343519E-3
-3.79279004E+3	-1.58999639E-3
-3.79279004E+3	-1.60347088E-3
-3.79279004E+3	-1.62450783E-3
-3.79279004E+3	-1.60479185E-3
-3.79280005E+3	-1.59066054E-3
-3.79279004E+3	-1.53069443E-3
-3.79280005E+3	-1.53303728E-3
-3.79279004E+3	-1.55328424E-3
-3.79279004E+3	-1.56158232E-3
-3.79279004E+3	-1.52498914E-3
-3.79279004E+3	-1.51236390E-3
-3.79279004E+3	-1.48893439E-3
-3.79280005E+3	-1.48391235E-3
-3.79280005E+3	-1.50098430E-3
-3.79280005E+3	-1.50609389E-3
-3.79280005E+3	-1.52135210E-3
-3.79281006E+3	-1.53319468E-3
-3.79281006E+3	-1.54153770E-3
-3.79281006E+3	-1.52581069E-3
-3.78687012E+3	-1.53643428E-3
-3.78108008E+3	-1.55170169E-3
-3.77621997E+3	-1.52581593E-3
-3.77035010E+3	-1.53117895E-3
-3.76291992E+3	-1.52036035E-3
-3.75708008E+3	-1.51637290E-3
-3.75097998E+3	-1.52527494E-3
-3.74607007E+3	-1.53828505E-3
-3.73969995E+3	-1.52480789E-3
-3.73360010E+3	-1.52596750E-3
-3.72767993E+3	-1.55982096E-3
-3.72302002E+3	-1.52497250E-3
-3.71593994E+3	-1.56844920E-3
-3.70987012E+3	-1.51045457E-3
-3.70407007E+3	-1.50997227E-3
-3.69805005E+3	-1.48508546E-3
-3.69203003E+3	-1.52693631E-3
-3.68676001E+3	-1.52843585E-3
-3.68091992E+3	-1.55356782E-3
-3.67521997E+3	-1.54713972E-3
-3.66942993E+3	-1.54031499E-3
-3.66362988E+3	-1.57374982E-3
-3.65781006E+3	-1.58612744E-3
-3.65098999E+3	-1.67890266E-3
-3.64512012E+3	-1.70156627E-3
-3.63932007E+3	-1.78417971E-3
-3.63337012E+3	-1.81517936E-3
-3.62729004E+3	-1.81470544E-3
-3.62151001E+3	-1.80771272E-3
-3.61687988E+3	-1.84472976E-3
-3.60995996E+3	-1.87626178E-3
-3.60415991E+3	-1.91340712E-3
-3.59838989E+3	-1.92440872E-3
-3.59126001E+3	-1.91286602E-3
-3.58625000E+3	-1.92463212E-3
-3.58012012E+3	-1.93323928E-3
-3.57510010E+3	-1.92498474E-3
-3.56894995E+3	-1.97861413E-3
-3.56281006E+3	-1.99670903E-3
-3.55681006E+3	-2.03343364E-3
-3.55006006E+3	-2.05533672E-3
-3.54428003E+3	-2.07124697E-3
-3.53860010E+3	-2.11179000E-3
-3.53376001E+3	-2.16731592E-3
-3.52693994E+3	-2.23398046E-3
-3.52123999E+3	-2.25657457E-3
-3.51584009E+3	-2.29206192E-3
-3.50950000E+3	-2.33373092E-3
-3.50366992E+3	-2.39912095E-3
-3.49756006E+3	-2.44624401E-3
-3.49271997E+3	-2.50893761E-3
-3.48565991E+3	-2.58241990E-3
-3.47983008E+3	-2.61183595E-3
-3.47402002E+3	-2.64642178E-3
-3.46795996E+3	-2.70690350E-3
-3.46320996E+3	-2.79123033E-3
-3.45609009E+3	-2.84210197E-3
-3.45204004E+3	-2.92306370E-3
-3.44528003E+3	-2.98552215E-3
-3.43821997E+3	-3.05605144E-3
-3.43222998E+3	-3.13642249E-3
-3.42644995E+3	-3.24058160E-3
-3.42179004E+3	-3.39401118E-3
-3.41492993E+3	-3.51076131E-3
-3.40921997E+3	-3.62985418E-3
-3.40335010E+3	-3.77227878E-3
-3.39853003E+3	-3.95278260E-3
-3.39229004E+3	-4.12275828E-3
-3.38621997E+3	-4.30817157E-3
-3.38008008E+3	-4.51507326E-3
-3.37434009E+3	-4.71902080E-3
-3.36798999E+3	-4.90297284E-3
-3.36151001E+3	-5.11260936E-3
-3.35622998E+3	-5.39248530E-3
-3.35041992E+3	-5.68980910E-3
-3.34534009E+3	-5.99300535E-3
-3.33955005E+3	-6.31924905E-3
-3.33215991E+3	-6.68225950E-3
-3.32736011E+3	-7.09682237E-3
-3.32023999E+3	-7.55144050E-3
-3.31538989E+3	-8.04054644E-3
-3.30909009E+3	-8.63363594E-3
-3.30360010E+3	-9.25081875E-3
-3.29719995E+3	-9.92805418E-3
-3.29191992E+3	-1.06764063E-2
-3.28605005E+3	-1.15273604E-2
-3.27911011E+3	-1.25273475E-2
-3.27312988E+3	-1.36246113E-2
-3.26736011E+3	-1.48486206E-2
-3.26143994E+3	-1.61859374E-2
-3.25562012E+3	-1.76461264E-2
-3.24969995E+3	-1.91443972E-2
-3.24392993E+3	-2.07295753E-2
-3.23787988E+3	-2.24057399E-2
-3.23266992E+3	-2.41764821E-2
-3.22562012E+3	-2.60362346E-2
-3.21994995E+3	-2.78704222E-2
-3.21405005E+3	-2.94082966E-2
-3.20812988E+3	-3.00588273E-2
-3.20233008E+3	-2.88084950E-2
-3.19658008E+3	-2.42316406E-2
-3.19078003E+3	-1.49410237E-2
-3.18492993E+3	-7.70294049E-4
-3.17906006E+3	1.13464281E-1
-3.16116992E+3	5.15480936E-2
-3.15034009E+3	4.94589806E-2
-3.14338989E+3	4.59310301E-2
-3.13759009E+3	4.14949246E-2
-3.13176001E+3	3.65036614E-2
-3.12673999E+3	3.11911870E-2
-3.12036011E+3	2.56959237E-2
-3.11345996E+3	2.01096274E-2
-3.10744995E+3	1.44844642E-2
-3.10262988E+3	8.84940848E-3
-3.09669995E+3	3.22909909E-3
-3.09052002E+3	-2.53929669E-4
-3.08463989E+3	-2.27331556E-3
-3.07858008E+3	-3.33061186E-3
-3.07262012E+3	-3.79184843E-3
-3.06786011E+3	-3.87220876E-3
-3.06047998E+3	-3.70498910E-3
-3.05448999E+3	-3.38404090E-3
-3.04853003E+3	-2.96230847E-3
-3.04351001E+3	-2.47617275E-3
-3.03725000E+3	-1.94821390E-3
-3.03111011E+3	-1.40800793E-3
-3.02528003E+3	-8.36858351E-4
-3.01920996E+3	-2.71705620E-4
-3.01419995E+3	3.01444961E-4
-3.00734009E+3	8.29543918E-4
-3.00156006E+3	1.30522053E-3
-2.99560010E+3	1.71055680E-3
-2.99062012E+3	2.01998278E-3
-2.98375000E+3	2.23598420E-3
-2.97882007E+3	2.35298229E-3
-2.97254004E+3	2.34990241E-3
-2.96601001E+3	2.23161234E-3
-2.95961011E+3	2.00584275E-3
-2.95380005E+3	1.68365892E-3
-2.94790991E+3	1.30434509E-3
-2.94191992E+3	8.70835851E-4
-2.93631006E+3	4.26851999E-4
-2.93037012E+3	-6.30200191E-7
-2.92512012E+3	-4.17082716E-4
-2.91922998E+3	-8.04982847E-4
-2.91337012E+3	-1.14232756E-3
-2.90839990E+3	-1.41781603E-3
-2.90130005E+3	-1.64257037E-3
-2.89489990E+3	-1.83063210E-3
-2.88903003E+3	-1.95958233E-3
-2.88304004E+3	-2.04544235E-3
-2.87806006E+3	-2.10729684E-3
-2.87179004E+3	-2.14992603E-3
-2.86594995E+3	-2.16688309E-3
-2.86037012E+3	-2.16072053E-3
-2.85337012E+3	-2.14733649E-3
-2.84744995E+3	-2.13535759E-3
-2.84137988E+3	-2.11247290E-3
-2.83656006E+3	-2.07889942E-3
-2.82968994E+3	-2.05748412E-3
-2.82412988E+3	-2.02981848E-3
-2.81818994E+3	-2.00392469E-3
-2.81218994E+3	-1.97340432E-3
-2.80729004E+3	-1.95314758E-3
-2.80162012E+3	-1.92418369E-3
-2.79555005E+3	-1.87731348E-3
-2.78837012E+3	-1.84454687E-3
-2.78221997E+3	-1.80278800E-3
-2.77625000E+3	-1.76126359E-3
-2.77162012E+3	-1.71937514E-3
-2.76555005E+3	-1.67760823E-3
-2.75932007E+3	-1.64517760E-3
-2.75327002E+3	-1.60950492E-3
-2.74827002E+3	-1.56358897E-3
-2.74039990E+3	-1.53031282E-3
-2.73557007E+3	-1.51171931E-3
-2.72885010E+3	-1.46565109E-3
-2.72303003E+3	-1.43680698E-3
-2.71715991E+3	-1.40513212E-3
-2.71154004E+3	-1.36331818E-3
-2.70642993E+3	-1.33475929E-3
-2.70050000E+3	-1.29476807E-3
-2.69409009E+3	-1.26487250E-3
-2.68908008E+3	-1.22644310E-3
-2.68255005E+3	-1.21288223E-3
-2.67534009E+3	-1.18071062E-3
-2.66951001E+3	-1.16592122E-3
-2.66462988E+3	-1.13024644E-3
-2.65860010E+3	-1.11087156E-3
-2.65192993E+3	-1.10090431E-3
-2.64726001E+3	-1.09172706E-3
-2.64028003E+3	-1.07979856E-3
-2.63335010E+3	-1.07373926E-3
-2.62741992E+3	-1.06536376E-3
-2.62247998E+3	-1.03681104E-3
-2.61652002E+3	-1.02202967E-3
-2.61027002E+3	-1.00429088E-3
-2.60451001E+3	-9.97359864E-4
-2.59804004E+3	-9.91054578E-4
-2.59209009E+3	-9.72613925E-4
-2.58633008E+3	-9.55042138E-4
-2.58035010E+3	-9.29216738E-4
-2.57317993E+3	-9.06231115E-4
-2.56742993E+3	-8.87144764E-4
-2.56137012E+3	-8.67667841E-4
-2.55543994E+3	-8.59600957E-4
-2.54925000E+3	-8.51414690E-4
-2.54346997E+3	-8.50499724E-4
-2.53744995E+3	-8.26491858E-4
-2.53250000E+3	-8.07702309E-4
-2.52442993E+3	-7.95034517E-4
-2.51960010E+3	-7.98039953E-4
-2.51359009E+3	-7.83346477E-4
-2.50641992E+3	-7.75930879E-4
-2.50051001E+3	-7.68500962E-4
-2.49434009E+3	-7.54859997E-4
-2.48953003E+3	-7.38727220E-4
-2.48185010E+3	-7.23572564E-4
-2.47681006E+3	-7.01620476E-4
-2.47012988E+3	-6.92047819E-4
-2.46306006E+3	-6.81880629E-4
-2.45737988E+3	-6.71350223E-4
-2.45131006E+3	-6.66075037E-4
-2.44562988E+3	-6.52695133E-4
-2.43945996E+3	-6.38539088E-4
-2.43366992E+3	-6.23259868E-4
-2.42767993E+3	-6.06548158E-4
-2.42162988E+3	-6.02520246E-4
-2.41531006E+3	-6.04234869E-4
-2.40964990E+3	-5.91470278E-4
-2.40316992E+3	-5.62658068E-4
-2.39670996E+3	-5.53826510E-4
-2.38969995E+3	-5.47953299E-4
-2.38352002E+3	-5.39036642E-4
-2.37765991E+3	-5.35114144E-4
-2.37171997E+3	-5.43145346E-4
-2.36475000E+3	-5.36004023E-4
-2.35895996E+3	-5.17122331E-4
-2.35332007E+3	-5.00669645E-4
-2.34647998E+3	-5.20854665E-4
-2.34019995E+3	-5.27957396E-4
-2.33440991E+3	-5.13148261E-4
-2.32694995E+3	-4.94863314E-4
-2.32323999E+3	-4.78224945E-4
-2.31606006E+3	-4.54725669E-4
-2.31088989E+3	-4.36648435E-4
-2.30387012E+3	-4.25867358E-4
-2.29891992E+3	-4.15877847E-4
-2.29185010E+3	-4.25356207E-4
-2.28496997E+3	-4.01651865E-4
-2.27908008E+3	-3.96659772E-4
-2.27287012E+3	-3.92597518E-4
-2.26700000E+3	-3.84821033E-4
-2.26106006E+3	-3.97148717E-4
-2.25511011E+3	-3.94282339E-4
-2.24909009E+3	-3.78409459E-4
-2.24297998E+3	-3.83577339E-4
-2.23606006E+3	-3.72572977E-4
-2.23143994E+3	-3.61283921E-4
-2.22328003E+3	-3.52898147E-4
-2.21861011E+3	-3.28178401E-4
-2.21138989E+3	-3.23139742E-4
-2.20548999E+3	-3.27584741E-4
-2.19956006E+3	-3.04424117E-4
-2.19351001E+3	-3.00424203E-4
-2.18761011E+3	-3.01740278E-4
-2.18062988E+3	-3.00871208E-4
-2.17489990E+3	-2.92519398E-4
-2.16785010E+3	-2.92497571E-4
-2.16185010E+3	-2.86277995E-4
-2.15701001E+3	-2.89718912E-4
-2.15025000E+3	-2.72726320E-4
-2.14519995E+3	-2.68658652E-4
-2.13867993E+3	-2.76263047E-4
-2.13266992E+3	-2.79749540E-4
-2.12671997E+3	-2.67249503E-4
-2.11956006E+3	-2.49790202E-4
-2.11355005E+3	-2.46660551E-4
-2.10735010E+3	-2.27768978E-4
-2.10075000E+3	-2.24951698E-4
-2.09601001E+3	-2.27499389E-4
-2.08839990E+3	-2.39918649E-4
-2.08227002E+3	-2.27471319E-4
-2.07654004E+3	-2.08575962E-4
-2.06953003E+3	-2.14942542E-4
-2.06344995E+3	-2.22254603E-4
-2.05740991E+3	-2.13819410E-4
-2.05156006E+3	-2.07878911E-4
-2.04603003E+3	-1.99603004E-4
-2.03913000E+3	-1.90080449E-4
-2.03306995E+3	-1.87834492E-4
-2.02847998E+3	-1.77641035E-4
-2.02841003E+3	-1.68678482E-4
-2.02832996E+3	-1.62356053E-4
-2.02825000E+3	-1.33294539E-4
-2.02819995E+3	-1.26350773E-4
-2.02817004E+3	-1.27245774E-4
