# Mess-Beginn: 27.05.2019 13:20:46
# DTM-151	DTM-151
-4.06736011E+3	-1.28987909E-3
-4.06736011E+3	-1.29543012E-3
-4.06736011E+3	-1.31996477E-3
-4.06735010E+3	-1.34420954E-3
-4.06735010E+3	-1.38803176E-3
-4.06735010E+3	-1.39292970E-3
-4.06735010E+3	-1.38863234E-3
-4.06735010E+3	-1.36596349E-3
-4.06735010E+3	-1.37928664E-3
-4.06735010E+3	-1.35980733E-3
-4.06735010E+3	-1.32954028E-3
-4.06735010E+3	-1.33509631E-3
-4.06735010E+3	-1.32508401E-3
-4.06734009E+3	-1.30852463E-3
-4.06735010E+3	-1.29461859E-3
-4.06735010E+3	-1.28399197E-3
-4.06735010E+3	-1.26924738E-3
-4.06735010E+3	-1.28488883E-3
-4.06735010E+3	-1.26926624E-3
-4.06734009E+3	-1.27241109E-3
-4.06734009E+3	-1.29567715E-3
-4.06734009E+3	-1.30644615E-3
-4.06734009E+3	-1.32274628E-3
-4.06733008E+3	-1.33897283E-3
-4.06348999E+3	-1.33196486E-3
-4.05754004E+3	-1.33495172E-3
-4.05168994E+3	-1.31062698E-3
-4.04559009E+3	-1.32856495E-3
-4.04064990E+3	-1.32938870E-3
-4.03331006E+3	-1.33607991E-3
-4.02869995E+3	-1.33655150E-3
-4.02178003E+3	-1.36096438E-3
-4.01713989E+3	-1.34180055E-3
-4.01086011E+3	-1.33582472E-3
-4.00487988E+3	-1.34837197E-3
-3.99922998E+3	-1.35362346E-3
-3.99337988E+3	-1.36749877E-3
-3.98710010E+3	-1.35841093E-3
-3.98123999E+3	-1.34889537E-3
-3.97523999E+3	-1.35252648E-3
-3.96936011E+3	-1.34979642E-3
-3.96367993E+3	-1.30752684E-3
-3.95777002E+3	-1.30624790E-3
-3.95216992E+3	-1.30338070E-3
-3.94629004E+3	-1.28043303E-3
-3.94053003E+3	-1.29698520E-3
-3.93472998E+3	-1.29930337E-3
-3.92790991E+3	-1.29467307E-3
-3.92265991E+3	-1.30116788E-3
-3.91677002E+3	-1.29523454E-3
-3.91088989E+3	-1.27649168E-3
-3.90489990E+3	-1.29154057E-3
-3.89927002E+3	-1.31838163E-3
-3.89343994E+3	-1.30144227E-3
-3.88801001E+3	-1.31071662E-3
-3.88185010E+3	-1.30898145E-3
-3.87484009E+3	-1.33693253E-3
-3.86980005E+3	-1.33973279E-3
-3.86386011E+3	-1.34828826E-3
-3.85796997E+3	-1.36169570E-3
-3.85213989E+3	-1.41229061E-3
-3.84642993E+3	-1.41612859E-3
-3.84026001E+3	-1.43873540E-3
-3.83544995E+3	-1.49593293E-3
-3.82822998E+3	-1.52530987E-3
-3.82231006E+3	-1.52037083E-3
-3.81646997E+3	-1.50773406E-3
-3.81088989E+3	-1.48188625E-3
-3.80496997E+3	-1.48125680E-3
-3.80010010E+3	-1.48144260E-3
-3.79306006E+3	-1.41154334E-3
-3.78832007E+3	-1.44097058E-3
-3.78168994E+3	-1.42075540E-3
-3.77591992E+3	-1.38508109E-3
-3.77113989E+3	-1.36428210E-3
-3.76457007E+3	-1.38106011E-3
-3.75634009E+3	-1.37644459E-3
-3.75177002E+3	-1.42952823E-3
-3.74603003E+3	-1.43796008E-3
-3.74015991E+3	-1.47497235E-3
-3.73436011E+3	-1.49611861E-3
-3.72846997E+3	-1.43830501E-3
-3.72362988E+3	-1.40793470E-3
-3.71641992E+3	-1.43395574E-3
-3.71047998E+3	-1.39559759E-3
-3.70476001E+3	-1.34157413E-3
-3.69912012E+3	-1.33633357E-3
-3.69327002E+3	-1.32247654E-3
-3.68737012E+3	-1.31239358E-3
-3.68158008E+3	-1.29506143E-3
-3.67685010E+3	-1.33530027E-3
-3.66986011E+3	-1.39181735E-3
-3.66284009E+3	-1.44139817E-3
-3.65818994E+3	-1.43555983E-3
-3.65256006E+3	-1.50327408E-3
-3.64651001E+3	-1.55713037E-3
-3.64012988E+3	-1.57884904E-3
-3.63437988E+3	-1.61315547E-3
-3.62870996E+3	-1.61746715E-3
-3.62318994E+3	-1.63654133E-3
-3.61709009E+3	-1.67171878E-3
-3.61108008E+3	-1.69345166E-3
-3.60455005E+3	-1.71456754E-3
-3.59871997E+3	-1.74403330E-3
-3.59217993E+3	-1.74969167E-3
-3.58670996E+3	-1.76697783E-3
-3.58146997E+3	-1.82768400E-3
-3.57517993E+3	-1.84792012E-3
-3.56935010E+3	-1.89172628E-3
-3.56330005E+3	-1.89416122E-3
-3.55709009E+3	-1.90358539E-3
-3.55225000E+3	-1.94429338E-3
-3.54608008E+3	-1.97297684E-3
-3.54014990E+3	-1.99983642E-3
-3.53400000E+3	-2.04110611E-3
-3.52813989E+3	-2.09324365E-3
-3.52222998E+3	-2.10966147E-3
-3.51647998E+3	-2.14259140E-3
-3.51096997E+3	-2.19768588E-3
-3.50473999E+3	-2.26017460E-3
-3.49890991E+3	-2.31365068E-3
-3.49203003E+3	-2.34849658E-3
-3.48621997E+3	-2.40153610E-3
-3.48011011E+3	-2.46859645E-3
-3.47534009E+3	-2.54508387E-3
-3.46917993E+3	-2.64357333E-3
-3.46335010E+3	-2.69894022E-3
-3.45717993E+3	-2.76570977E-3
-3.45141992E+3	-2.81526987E-3
-3.44526001E+3	-2.86884164E-3
-3.43870996E+3	-2.97099003E-3
-3.43277002E+3	-3.06148711E-3
-3.42764990E+3	-3.11288913E-3
-3.42162988E+3	-3.19522433E-3
-3.41676001E+3	-3.28367180E-3
-3.41041992E+3	-3.33776232E-3
-3.40442993E+3	-3.53098125E-3
-3.39859009E+3	-3.66257457E-3
-3.39271997E+3	-3.84200504E-3
-3.38690991E+3	-4.03863937E-3
-3.37977002E+3	-4.18050215E-3
-3.37514990E+3	-4.39069187E-3
-3.36943994E+3	-4.58932528E-3
-3.36304004E+3	-4.83477069E-3
-3.35685010E+3	-5.11824340E-3
-3.35163989E+3	-5.43528190E-3
-3.34569995E+3	-5.72959846E-3
-3.33828003E+3	-6.06006943E-3
-3.33339990E+3	-6.43853424E-3
-3.32828003E+3	-6.85832510E-3
-3.32136011E+3	-7.33464723E-3
-3.31629004E+3	-7.81496614E-3
-3.30941992E+3	-8.41645990E-3
-3.30339990E+3	-9.04075149E-3
-3.29827002E+3	-9.72063560E-3
-3.29228003E+3	-1.05038071E-2
-3.28653003E+3	-1.13374200E-2
-3.28157007E+3	-1.23530068E-2
-3.27443994E+3	-1.34750828E-2
-3.26754004E+3	-1.47049613E-2
-3.26226001E+3	-1.61033999E-2
-3.25654004E+3	-1.75978225E-2
-3.25066992E+3	-1.92037877E-2
-3.24477002E+3	-2.08977368E-2
-3.23882007E+3	-2.26935353E-2
-3.23200000E+3	-2.46483497E-2
-3.22631006E+3	-2.67429203E-2
-3.22056006E+3	-2.88936403E-2
-3.21454004E+3	-3.08013186E-2
-3.20939990E+3	-3.18495631E-2
-3.20342993E+3	-3.08546834E-2
-3.19739990E+3	-2.62192674E-2
-3.19248999E+3	-1.62531622E-2
-3.18640991E+3	1.45093963E-1
-3.16816992E+3	1.41952932E-1
-3.16172998E+3	4.77977470E-2
-3.14989990E+3	4.57127355E-2
-3.14408008E+3	4.22675796E-2
-3.13879004E+3	3.79903205E-2
-3.13283008E+3	3.32096182E-2
-3.12706006E+3	2.81475671E-2
-3.11996997E+3	2.29463205E-2
-3.11410010E+3	1.76718663E-2
-3.10878003E+3	1.24113737E-2
-3.10226001E+3	7.13533489E-3
-3.09637988E+3	1.90088630E-3
-3.09113989E+3	-1.27336977E-3
-3.08505005E+3	-2.99884728E-3
-3.07970996E+3	-3.84637807E-3
-3.07262012E+3	-4.13848832E-3
-3.06679004E+3	-4.09051962E-3
-3.06083008E+3	-3.84911662E-3
-3.05609009E+3	-3.47299920E-3
-3.05034009E+3	-3.05860536E-3
-3.04415991E+3	-2.56208866E-3
-3.03821997E+3	-2.05429061E-3
-3.03223999E+3	-1.46104326E-3
-3.02639990E+3	-9.10130271E-4
-3.02048999E+3	-3.34989367E-4
-3.01481006E+3	2.22421979E-4
-3.00797998E+3	7.44607474E-4
-3.00308008E+3	1.22735964E-3
-2.99659009E+3	1.64718588E-3
-2.99067993E+3	2.00155890E-3
-2.98477002E+3	2.24097446E-3
-2.97909009E+3	2.37052888E-3
-2.97296997E+3	2.37942394E-3
-2.96597998E+3	2.28960044E-3
-2.96126001E+3	2.07175966E-3
-2.95500000E+3	1.77779945E-3
-2.94890991E+3	1.41843222E-3
-2.94298999E+3	1.00403361E-3
-2.93812988E+3	5.66049479E-4
-2.93127002E+3	1.10523186E-4
-2.92547998E+3	-3.13244236E-4
-2.91973999E+3	-6.94545452E-4
-2.91338989E+3	-1.02093653E-3
-2.90850000E+3	-1.29671081E-3
-2.90153003E+3	-1.51968678E-3
-2.89651001E+3	-1.71267742E-3
-2.88964990E+3	-1.85798726E-3
-2.88378003E+3	-1.95682910E-3
-2.87802002E+3	-2.03177822E-3
-2.87231006E+3	-2.06844136E-3
-2.86638989E+3	-2.08543614E-3
-2.86163989E+3	-2.08854862E-3
-2.85467993E+3	-2.09308672E-3
-2.84990991E+3	-2.07515410E-3
-2.84228003E+3	-2.06508767E-3
-2.83656006E+3	-2.03196798E-3
-2.83066992E+3	-2.01087981E-3
-2.82466992E+3	-1.98728591E-3
-2.81989990E+3	-1.94169872E-3
-2.81355005E+3	-1.91219000E-3
-2.80752002E+3	-1.88667607E-3
