# Mess-Beginn: 27.05.2019 13:27:00
# DTM-151	DTM-151
-4.06414990E+3	-1.26254652E-3
-4.06414990E+3	-1.25472643E-3
-4.06414990E+3	-1.26824982E-3
-4.06414990E+3	-1.26278447E-3
-4.05828003E+3	-1.25756336E-3
-4.05475000E+3	-1.24908809E-3
-4.04880005E+3	-1.25167635E-3
-4.04361011E+3	-1.24328188E-3
-4.03700000E+3	-1.24581018E-3
-4.03103003E+3	-1.25383318E-3
-4.02522998E+3	-1.26508111E-3
-4.01932007E+3	-1.26907497E-3
-4.01357007E+3	-1.26972259E-3
-4.00876001E+3	-1.27121562E-3
-4.00282007E+3	-1.27766270E-3
-3.99652002E+3	-1.28343934E-3
-3.99062012E+3	-1.28334051E-3
-3.98397998E+3	-1.28724496E-3
-3.97812012E+3	-1.29332091E-3
-3.97223999E+3	-1.29159668E-3
-3.96657007E+3	-1.28778443E-3
-3.96084009E+3	-1.29305874E-3
-3.95501001E+3	-1.28053024E-3
-3.94922998E+3	-1.29444629E-3
-3.94352002E+3	-1.29805610E-3
-3.93734009E+3	-1.30137545E-3
-3.93130005E+3	-1.30137394E-3
-3.92655005E+3	-1.30333367E-3
-3.91926001E+3	-1.30078278E-3
-3.91376001E+3	-1.29411137E-3
-3.90892993E+3	-1.29112380E-3
-3.90305005E+3	-1.27756537E-3
-3.89713989E+3	-1.28480117E-3
-3.89158008E+3	-1.26738008E-3
-3.88394995E+3	-1.26751931E-3
-3.87796997E+3	-1.27004285E-3
-3.87228003E+3	-1.28212920E-3
-3.86662012E+3	-1.28976139E-3
-3.86065991E+3	-1.28398906E-3
-3.85592993E+3	-1.29889802E-3
-3.84966992E+3	-1.31313642E-3
-3.84384009E+3	-1.32624968E-3
-3.83812988E+3	-1.34070450E-3
-3.83241992E+3	-1.35961722E-3
-3.82593994E+3	-1.35434861E-3
-3.81980005E+3	-1.36909669E-3
-3.81404004E+3	-1.35382335E-3
-3.80827002E+3	-1.35487318E-3
-3.80265991E+3	-1.35797856E-3
-3.79648999E+3	-1.36252830E-3
-3.79044995E+3	-1.36874279E-3
-3.78473999E+3	-1.37370080E-3
-3.77900000E+3	-1.37847348E-3
-3.77252002E+3	-1.38301437E-3
-3.76675000E+3	-1.39828282E-3
-3.76076001E+3	-1.40947709E-3
-3.75491992E+3	-1.41853315E-3
-3.75022998E+3	-1.42811402E-3
-3.74427002E+3	-1.44211063E-3
-3.73839990E+3	-1.45465799E-3
-3.73233008E+3	-1.46360777E-3
-3.72513989E+3	-1.46279635E-3
-3.71937012E+3	-1.47685688E-3
-3.71445996E+3	-1.49233546E-3
-3.70848999E+3	-1.50498538E-3
-3.70262012E+3	-1.50904746E-3
-3.69650000E+3	-1.54049462E-3
-3.69112988E+3	-1.55540358E-3
-3.68545996E+3	-1.57824194E-3
-3.67835010E+3	-1.56980986E-3
-3.67363989E+3	-1.58852432E-3
-3.66635010E+3	-1.61667459E-3
-3.66032007E+3	-1.63696974E-3
-3.65469995E+3	-1.65373308E-3
-3.64890991E+3	-1.66687497E-3
-3.64303003E+3	-1.68639910E-3
-3.63815991E+3	-1.69758196E-3
-3.63237012E+3	-1.72419706E-3
-3.62635010E+3	-1.72895682E-3
-3.62087012E+3	-1.77511340E-3
-3.61386011E+3	-1.79269293E-3
-3.60713989E+3	-1.82276836E-3
-3.60185010E+3	-1.83483842E-3
-3.59610010E+3	-1.86216424E-3
-3.59027002E+3	-1.89050299E-3
-3.58421997E+3	-1.91110512E-3
-3.57845996E+3	-1.92900363E-3
-3.57268994E+3	-1.95408147E-3
-3.56773999E+3	-1.98198948E-3
-3.56066992E+3	-1.99592113E-3
-3.55561011E+3	-2.02405080E-3
-3.54842993E+3	-2.04564887E-3
-3.54275000E+3	-2.06867326E-3
-3.53680005E+3	-2.07956461E-3
-3.53079004E+3	-2.11925711E-3
-3.52588989E+3	-2.16289493E-3
-3.52011011E+3	-2.21122685E-3
-3.51397998E+3	-2.23960727E-3
-3.50814990E+3	-2.28302483E-3
-3.50232007E+3	-2.32772715E-3
-3.49636011E+3	-2.38192431E-3
-3.48953003E+3	-2.42817588E-3
-3.48417993E+3	-2.48322869E-3
-3.47819995E+3	-2.54114205E-3
-3.47234009E+3	-2.59354874E-3
-3.46651001E+3	-2.64705671E-3
-3.46054004E+3	-2.71728938E-3
-3.45512012E+3	-2.79160123E-3
-3.44958008E+3	-2.86393985E-3
-3.44337012E+3	-2.94983387E-3
-3.43651001E+3	-3.03166383E-3
-3.43053003E+3	-3.11872736E-3
-3.42482007E+3	-3.21432715E-3
-3.41885010E+3	-3.33026052E-3
-3.41378003E+3	-3.44333448E-3
-3.40816992E+3	-3.56011302E-3
-3.40197998E+3	-3.67878866E-3
-3.39493994E+3	-3.82272247E-3
-3.38917993E+3	-3.96989379E-3
-3.38343994E+3	-4.12331056E-3
-3.37862988E+3	-4.29283828E-3
-3.37187012E+3	-4.48890682E-3
-3.36577002E+3	-4.69354913E-3
-3.36003003E+3	-4.90934774E-3
-3.35441992E+3	-5.14478656E-3
-3.34865991E+3	-5.40322112E-3
-3.34386011E+3	-5.69548970E-3
-3.33590991E+3	-6.00414025E-3
-3.32995996E+3	-6.34951377E-3
-3.32511011E+3	-6.74100174E-3
-3.31881006E+3	-7.15674739E-3
-3.31284009E+3	-7.61669921E-3
-3.30687012E+3	-8.13506823E-3
-3.30204004E+3	-8.70247651E-3
-3.29571997E+3	-9.33846179E-3
-3.29012988E+3	-1.00371009E-2
-3.28406006E+3	-1.08091682E-2
-3.27678003E+3	-1.16875507E-2
-3.27160010E+3	-1.26453340E-2
-3.26546997E+3	-1.36780525E-2
-3.25958008E+3	-1.47982808E-2
-3.25423999E+3	-1.59496330E-2
-3.24835010E+3	-1.71239395E-2
-3.24346997E+3	-1.82954054E-2
-3.23660010E+3	-1.94896460E-2
-3.22941992E+3	-2.07681432E-2
-3.22341992E+3	-2.20914669E-2
-3.21879004E+3	-2.34249141E-2
-3.21246997E+3	-2.46281717E-2
-3.20669995E+3	-2.53968164E-2
-3.20082007E+3	-2.51484029E-2
-3.19494995E+3	-2.30828319E-2
-3.18912012E+3	-1.81342326E-2
-3.18344995E+3	-9.48130153E-3
-3.17783008E+3	2.86117056E-3
-3.17055005E+3	1.74878240E-2
-3.16478003E+3	3.22184861E-2
-3.15891992E+3	4.52584326E-2
-3.15310010E+3	5.57364076E-2
-3.14836011E+3	6.35518134E-2
-3.14233008E+3	6.86115324E-2
-3.13589990E+3	7.06016421E-2
-3.13051001E+3	6.89137578E-2
-3.12458008E+3	6.30162209E-2
-3.11752002E+3	5.32047302E-2
-3.11143994E+3	4.10624072E-2
-3.10662012E+3	2.88669914E-2
-3.10068994E+3	1.84520073E-2
-3.09437988E+3	1.05769830E-2
-3.08832007E+3	5.07840188E-3
-3.08346997E+3	1.49207714E-3
-3.07651001E+3	-7.04800768E-4
-3.07189990E+3	-1.95718324E-3
-3.06438989E+3	-2.58656032E-3
-3.05862988E+3	-2.82100844E-3
-3.05388989E+3	-2.76851025E-3
-3.04656006E+3	-2.54209479E-3
-3.04180005E+3	-2.18495703E-3
-3.03598999E+3	-1.74851727E-3
-3.02983008E+3	-1.26149412E-3
-3.02377002E+3	-7.45601836E-4
-3.01660010E+3	-2.19656009E-4
-3.01094995E+3	2.98812200E-4
-3.00608008E+3	8.00887647E-4
-2.99912988E+3	1.25612190E-3
-2.99332007E+3	1.64379051E-3
-2.98883008E+3	1.92290021E-3
-2.98169995E+3	2.10628286E-3
-2.97711011E+3	2.16680323E-3
-2.97077002E+3	2.11625965E-3
-2.96381006E+3	1.94022804E-3
-2.95800000E+3	1.68465101E-3
-2.95231006E+3	1.33567874E-3
-2.94632007E+3	9.32051509E-4
-2.94037988E+3	4.93551022E-4
-2.93483008E+3	5.25505930E-5
-2.92904004E+3	-3.45720095E-4
-2.92310010E+3	-7.44023069E-4
-2.91715991E+3	-1.08926103E-3
-2.91127002E+3	-1.38893269E-3
-2.90521997E+3	-1.61115814E-3
-2.89947998E+3	-1.83184829E-3
-2.89356006E+3	-1.98133127E-3
-2.88750000E+3	-2.10471055E-3
-2.88165991E+3	-2.18397938E-3
-2.87579004E+3	-2.24304828E-3
-2.86989990E+3	-2.28993851E-3
-2.86420996E+3	-2.29204097E-3
-2.85869995E+3	-2.28998251E-3
-2.85139990E+3	-2.26549851E-3
-2.84656006E+3	-2.25645932E-3
-2.84084009E+3	-2.22640578E-3
-2.83408008E+3	-2.18584831E-3
-2.82828003E+3	-2.14380561E-3
-2.82296997E+3	-2.10245000E-3
-2.81613989E+3	-2.05701077E-3
-2.81143994E+3	-2.01577717E-3
-2.80511011E+3	-1.97822857E-3
-2.79901001E+3	-1.93757017E-3
-2.79309009E+3	-1.90362765E-3
-2.78598999E+3	-1.86009274E-3
-2.78086011E+3	-1.80620619E-3
-2.77484009E+3	-1.77806814E-3
-2.76893994E+3	-1.73496665E-3
-2.76290991E+3	-1.69120543E-3
-2.75686011E+3	-1.65929308E-3
-2.75220996E+3	-1.61511602E-3
-2.74636011E+3	-1.58458180E-3
-2.73906006E+3	-1.54509803E-3
-2.73323999E+3	-1.51088287E-3
-2.72732007E+3	-1.48843601E-3
-2.72160010E+3	-1.45380793E-3
-2.71566992E+3	-1.40751724E-3
-2.70968994E+3	-1.37376296E-3
-2.70388989E+3	-1.34466588E-3
-2.69796997E+3	-1.32148701E-3
-2.69093994E+3	-1.29907334E-3
-2.68606006E+3	-1.26876181E-3
-2.68043994E+3	-1.25257962E-3
-2.67457007E+3	-1.22149778E-3
-2.66793994E+3	-1.17667112E-3
-2.66204004E+3	-1.15259667E-3
-2.65657007E+3	-1.14495284E-3
-2.65046997E+3	-1.12832733E-3
-2.64440991E+3	-1.11704087E-3
-2.63739990E+3	-1.09495351E-3
-2.63178003E+3	-1.07265799E-3
-2.62668994E+3	-1.05698535E-3
-2.61973999E+3	-1.03122136E-3
-2.61386011E+3	-1.02122931E-3
-2.60869995E+3	-1.02060102E-3
