# Mess-Beginn: 27.05.2019 13:32:32
# DTM-151	DTM-151
-4.04129004E+3	-8.54574901E-4
-4.04126001E+3	-8.39176471E-4
-4.04122998E+3	-8.20998743E-4
-4.04119995E+3	-8.24407209E-4
-4.03421997E+3	-8.24453949E-4
-4.02956006E+3	-8.20410729E-4
-4.02365991E+3	-8.33867642E-4
-4.01883008E+3	-8.32577527E-4
-4.01360010E+3	-8.33553495E-4
-4.00855005E+3	-8.21961497E-4
-4.00165991E+3	-8.14555795E-4
-3.99685010E+3	-8.03645700E-4
-3.99214990E+3	-8.15260864E-4
-3.98537012E+3	-8.22102767E-4
-3.98041992E+3	-8.17418331E-4
-3.97455005E+3	-8.23568611E-4
-3.96909009E+3	-8.03023519E-4
-3.96311011E+3	-8.09523452E-4
-3.95686011E+3	-8.14240077E-4
-3.95082007E+3	-8.27774347E-4
-3.94496997E+3	-8.32823338E-4
-3.93883008E+3	-8.40451568E-4
-3.93325000E+3	-8.44119233E-4
-3.92737012E+3	-8.39008891E-4
-3.92154004E+3	-8.56311352E-4
-3.91592993E+3	-8.55481543E-4
-3.90989990E+3	-8.66773946E-4
-3.90271997E+3	-8.63423513E-4
-3.89679004E+3	-8.59224238E-4
-3.89176001E+3	-8.47190851E-4
-3.88589990E+3	-8.44638678E-4
-3.88082007E+3	-8.58723011E-4
-3.87385010E+3	-8.54469312E-4
-3.86910010E+3	-8.54195270E-4
-3.86313989E+3	-8.43295828E-4
-3.85669995E+3	-8.42665439E-4
-3.85112012E+3	-8.43676331E-4
-3.84418994E+3	-8.51206190E-4
-3.83865991E+3	-8.53358302E-4
-3.83305005E+3	-8.50656477E-4
-3.82711011E+3	-8.52158875E-4
-3.82141992E+3	-8.34657403E-4
-3.81522998E+3	-8.47547897E-4
-3.80945996E+3	-8.49739881E-4
-3.80364990E+3	-8.54661979E-4
-3.79770996E+3	-8.62762914E-4
-3.79210010E+3	-8.71903903E-4
-3.78621997E+3	-8.69577983E-4
-3.77950000E+3	-8.80300417E-4
-3.77482007E+3	-9.03690991E-4
-3.76835010E+3	-9.12383723E-4
-3.76231006E+3	-9.24474734E-4
-3.75623999E+3	-9.19968355E-4
-3.75062012E+3	-9.29441710E-4
-3.74587012E+3	-9.43553227E-4
-3.73994995E+3	-9.51528840E-4
-3.73231006E+3	-9.55459196E-4
-3.72638989E+3	-9.63024504E-4
-3.72179004E+3	-9.77950287E-4
-3.71500000E+3	-9.64682142E-4
-3.70938989E+3	-9.83011909E-4
-3.70371997E+3	-9.97014111E-4
-3.69807007E+3	-1.01382716E-3
-3.69235010E+3	-1.02676381E-3
-3.68612988E+3	-1.02660293E-3
-3.68127002E+3	-1.02954381E-3
-3.67338989E+3	-1.02289452E-3
-3.66775000E+3	-1.02472794E-3
-3.66236011E+3	-1.01838424E-3
-3.65693994E+3	-1.03651267E-3
-3.65025000E+3	-1.02610246E-3
-3.64534009E+3	-1.03400031E-3
-3.63952002E+3	-1.04478549E-3
-3.63258008E+3	-1.05480233E-3
-3.62650000E+3	-1.07464532E-3
-3.62072998E+3	-1.08767045E-3
-3.61578003E+3	-1.12201401E-3
-3.60891992E+3	-1.13965652E-3
-3.60313989E+3	-1.16312620E-3
-3.59847998E+3	-1.17432349E-3
-3.59129004E+3	-1.19686918E-3
-3.58655005E+3	-1.21232891E-3
-3.58013989E+3	-1.22237089E-3
-3.57312012E+3	-1.23847276E-3
-3.56826001E+3	-1.25210953E-3
-3.56148999E+3	-1.27507094E-3
-3.55687988E+3	-1.29039597E-3
-3.54986011E+3	-1.30527455E-3
-3.54414990E+3	-1.31858501E-3
-3.53832007E+3	-1.34821492E-3
-3.53356006E+3	-1.38523872E-3
-3.52691992E+3	-1.41665910E-3
-3.51979004E+3	-1.45643158E-3
-3.51498999E+3	-1.48353470E-3
-3.50842993E+3	-1.51551864E-3
-3.50250000E+3	-1.54191232E-3
-3.49772998E+3	-1.57880050E-3
-3.49069995E+3	-1.62671180E-3
-3.48570996E+3	-1.66685856E-3
-3.48025000E+3	-1.70842512E-3
-3.47455005E+3	-1.74441375E-3
-3.46859009E+3	-1.79090421E-3
-3.46283008E+3	-1.83145632E-3
-3.45564990E+3	-1.88317255E-3
-3.44973999E+3	-1.94833067E-3
-3.44397998E+3	-1.99826085E-3
-3.43796997E+3	-2.05040467E-3
-3.43192993E+3	-2.11795815E-3
-3.42719995E+3	-2.19996576E-3
-3.41991992E+3	-2.27437285E-3
-3.41511011E+3	-2.35246820E-3
-3.40927002E+3	-2.43569631E-3
-3.40234009E+3	-2.52279313E-3
-3.39666992E+3	-2.61678686E-3
-3.39096997E+3	-2.70762411E-3
-3.38533008E+3	-2.82952376E-3
-3.37880005E+3	-2.95624207E-3
-3.37410010E+3	-3.09073622E-3
-3.36788989E+3	-3.22248507E-3
-3.36071997E+3	-3.37344385E-3
-3.35464990E+3	-3.53469141E-3
-3.34932007E+3	-3.71224107E-3
-3.34330005E+3	-3.91145889E-3
-3.33756006E+3	-4.11612727E-3
-3.33154004E+3	-4.33978857E-3
-3.32578003E+3	-4.58199019E-3
-3.32107007E+3	-4.84709255E-3
-3.31520996E+3	-5.13750315E-3
-3.30776001E+3	-5.47627918E-3
-3.30230005E+3	-5.83431916E-3
-3.29690991E+3	-6.23434782E-3
-3.29121997E+3	-6.66431058E-3
-3.28469995E+3	-7.15749199E-3
-3.27982007E+3	-7.70343794E-3
-3.27303003E+3	-8.30387510E-3
-3.26751001E+3	-8.95178597E-3
-3.26141992E+3	-9.62528866E-3
-3.25541992E+3	-1.02947727E-2
-3.24904004E+3	-1.09208943E-2
-3.24338989E+3	-1.15109859E-2
-3.23660010E+3	-1.20579386E-2
-3.23143994E+3	-1.25795323E-2
-3.22529004E+3	-1.30889956E-2
-3.22058008E+3	-1.36131514E-2
-3.21414990E+3	-1.41553199E-2
-3.20836011E+3	-1.46927098E-2
-3.20245996E+3	-1.51751433E-2
-3.19656006E+3	-1.55318128E-2
-3.18935010E+3	-1.56029649E-2
-3.18376001E+3	-1.51041131E-2
-3.17900000E+3	-1.36575876E-2
-3.17291992E+3	-1.08292419E-2
-3.16712012E+3	-6.26843562E-3
-3.16033008E+3	7.96046152E-5
-3.15575000E+3	7.82306027E-3
-3.15010010E+3	1.61942337E-2
-3.14366992E+3	2.43560169E-2
-3.13665991E+3	3.16476226E-2
-3.13070996E+3	3.76196951E-2
-3.12486011E+3	4.19706553E-2
-3.11908008E+3	4.44745421E-2
-3.11322998E+3	4.48990725E-2
-3.10718994E+3	4.31127995E-2
-3.10235010E+3	3.92186269E-2
-3.09561011E+3	3.37470733E-2
-3.08932007E+3	2.75272299E-2
-3.08340991E+3	2.13849284E-2
-3.07745996E+3	1.59566700E-2
-3.07123999E+3	1.15179410E-2
-3.06619995E+3	8.10619444E-3
-3.06007007E+3	5.60092507E-3
-3.05525000E+3	3.84239643E-3
-3.04920996E+3	2.64223176E-3
-3.04308008E+3	1.89844065E-3
-3.03600000E+3	1.46059948E-3
-3.03001001E+3	1.26942713E-3
-3.02417993E+3	1.25906628E-3
-3.01852002E+3	1.34847756E-3
-3.01245996E+3	1.52866205E-3
-3.00759009E+3	1.75843318E-3
-3.00142993E+3	2.00359616E-3
-2.99557007E+3	2.22127512E-3
-2.98942993E+3	2.41974276E-3
-2.98362012E+3	2.53408565E-3
-2.97770996E+3	2.58553191E-3
-2.97177002E+3	2.52935337E-3
-2.96610010E+3	2.39727832E-3
-2.95919995E+3	2.20576744E-3
-2.95453003E+3	1.92751631E-3
-2.94862012E+3	1.59995677E-3
-2.94260010E+3	1.21791475E-3
-2.93740991E+3	8.44460505E-4
-2.93041992E+3	4.48435807E-4
-2.92358008E+3	1.02111422E-4
-2.91826001E+3	-2.28589968E-4
-2.91229004E+3	-4.97111760E-4
-2.90613989E+3	-7.35217356E-4
-2.90022998E+3	-9.46326589E-4
-2.89540991E+3	-1.10127381E-3
-2.88931006E+3	-1.22096215E-3
-2.88321997E+3	-1.30733894E-3
-2.87733008E+3	-1.37342245E-3
-2.87165991E+3	-1.40982505E-3
-2.86454004E+3	-1.44226581E-3
-2.85764990E+3	-1.45240594E-3
-2.85385010E+3	-1.44961732E-3
-2.84790991E+3	-1.44375244E-3
-2.84161011E+3	-1.43207738E-3
-2.83548999E+3	-1.41028501E-3
-2.82980005E+3	-1.40177051E-3
-2.82487988E+3	-1.36965432E-3
-2.81873999E+3	-1.35110330E-3
-2.81141992E+3	-1.32638926E-3
-2.80550000E+3	-1.30168186E-3
-2.79952002E+3	-1.26724551E-3
-2.79344995E+3	-1.25090522E-3
-2.78871997E+3	-1.22837431E-3
-2.78301001E+3	-1.19107089E-3
-2.77709009E+3	-1.16135553E-3
-2.77120996E+3	-1.12548925E-3
-2.76512012E+3	-1.09933584E-3
-2.75912012E+3	-1.06436340E-3
-2.75195996E+3	-1.03366398E-3
-2.74627002E+3	-1.00712175E-3
-2.74060010E+3	-9.79794306E-4
-2.73455005E+3	-9.51583323E-4
-2.72852002E+3	-9.20548977E-4
-2.72366992E+3	-8.98854458E-4
-2.71798999E+3	-8.82308523E-4
-2.71219995E+3	-8.67304800E-4
-2.70596997E+3	-8.43673071E-4
-2.69912012E+3	-8.31454759E-4
-2.69295996E+3	-8.10280442E-4
-2.68681006E+3	-7.88309320E-4
-2.68211011E+3	-7.78452784E-4
-2.67522998E+3	-7.62099458E-4
-2.66925000E+3	-7.41416123E-4
-2.66461011E+3	-7.33469904E-4
-2.65857007E+3	-7.16483977E-4
-2.65136011E+3	-7.04453618E-4
-2.64556006E+3	-6.88800297E-4
-2.63842993E+3	-6.75295654E-4
-2.63458008E+3	-6.56445278E-4
-2.62743994E+3	-6.40689395E-4
-2.62194995E+3	-6.14264864E-4
-2.61609009E+3	-6.04181085E-4
-2.61006006E+3	-6.01175590E-4
-2.60400000E+3	-5.83876099E-4
-2.59798999E+3	-5.69742115E-4
-2.59201001E+3	-5.44090813E-4
-2.58505005E+3	-5.28509205E-4
-2.58006006E+3	-5.12236031E-4
-2.57300000E+3	-5.09302481E-4
-2.56782007E+3	-4.94733860E-4
-2.56178003E+3	-4.87862591E-4
-2.55614990E+3	-4.70156985E-4
-2.54913989E+3	-4.57564078E-4
-2.54334009E+3	-4.37690789E-4
-2.53553003E+3	-4.27190767E-4
-2.53069995E+3	-4.14397771E-4
-2.52462988E+3	-4.08541411E-4
-2.51866992E+3	-3.92226211E-4
-2.51256006E+3	-3.68783163E-4
-2.50657007E+3	-3.63194878E-4
-2.50081006E+3	-3.57312063E-4
-2.49533008E+3	-3.47489316E-4
-2.48695996E+3	-3.24386259E-4
-2.48089990E+3	-3.22189007E-4
-2.47518994E+3	-3.13188008E-4
-2.46891992E+3	-3.03085137E-4
-2.46308008E+3	-2.86407943E-4
-2.45725000E+3	-2.82845576E-4
-2.45138989E+3	-2.78747873E-4
-2.44532007E+3	-2.74882215E-4
-2.43912012E+3	-2.64234026E-4
-2.43315991E+3	-2.59497698E-4
-2.42615991E+3	-2.61652400E-4
-2.42016992E+3	-2.46026466E-4
-2.41520996E+3	-2.35301617E-4
-2.40866992E+3	-2.38658671E-4
-2.40258008E+3	-2.43807823E-4
-2.39556006E+3	-2.39235902E-4
-2.38957007E+3	-2.29390251E-4
-2.38369995E+3	-2.16070272E-4
-2.37747998E+3	-2.06203142E-4
-2.37144995E+3	-1.96200708E-4
-2.36537988E+3	-1.81555646E-4
-2.35926001E+3	-1.80427975E-4
-2.35318994E+3	-1.76059955E-4
-2.34732007E+3	-1.71719337E-4
-2.34033008E+3	-1.58230294E-4
-2.33445996E+3	-1.54889422E-4
-2.32834009E+3	-1.49159096E-4
-2.32250000E+3	-1.50967418E-4
-2.31650000E+3	-1.42223478E-4
-2.31056006E+3	-1.38527816E-4
-2.30332007E+3	-1.38245596E-4
-2.29730005E+3	-1.30619519E-4
-2.29136011E+3	-1.33140129E-4
-2.28558008E+3	-1.19012897E-4
-2.27928003E+3	-1.17560128E-4
-2.27237988E+3	-1.13913578E-4
-2.26723999E+3	-1.07040330E-4
-2.26061011E+3	-9.26982902E-5
-2.25400000E+3	-8.42315130E-5
-2.24811011E+3	-7.92322244E-5
-2.24254004E+3	-8.09330522E-5
-2.23551001E+3	-7.05471684E-5
-2.22962012E+3	-5.80363958E-5
-2.22462012E+3	-4.73374494E-5
-2.21775000E+3	-4.37347298E-5
-2.21257007E+3	-2.85758233E-5
-2.20568994E+3	-2.68109216E-5
-2.19888989E+3	-1.81875366E-5
-2.19290991E+3	-2.29627331E-5
-2.18687988E+3	-2.13306994E-5
-2.18058008E+3	-1.16465453E-5
-2.17406006E+3	-1.72552263E-5
-2.16792993E+3	-1.25687948E-5
-2.16203003E+3	-1.17749669E-5
-2.15617993E+3	-4.54777705E-7
-2.15039990E+3	2.24813994E-6
-2.14276001E+3	2.13157659E-6
-2.13687988E+3	-1.54764666E-6
-2.13089990E+3	7.37513619E-6
-2.12503003E+3	7.95548294E-6
-2.11891992E+3	1.21910934E-5
-2.11298999E+3	2.47154094E-5
-2.10631006E+3	3.69133159E-5
-2.10043994E+3	4.11367946E-5
-2.09332007E+3	4.19152348E-5
-2.08830005E+3	5.08306512E-5
-2.08241992E+3	6.44399188E-5
-2.07525000E+3	7.74921573E-5
-2.06953003E+3	7.45829020E-5
-2.06360010E+3	9.45301581E-5
-2.05754004E+3	1.06138003E-4
-2.05084009E+3	1.11347501E-4
-2.04495996E+3	1.16076531E-4
-2.03890002E+3	1.23577789E-4
-2.03285999E+3	1.32271438E-4
-2.02906995E+3	1.20722449E-4
-2.02798999E+3	1.27479201E-4
-2.02796997E+3	1.23785969E-4
-2.02795996E+3	1.31939567E-4
-2.02795996E+3	1.18866439E-4
-2.02797998E+3	1.10930625E-4
-2.02798999E+3	1.06000836E-4
-2.02800000E+3	1.04803956E-4
-2.02802002E+3	9.98019386E-5
-2.02803003E+3	9.75140210E-5
-2.02805005E+3	1.03268459E-4
-2.02806006E+3	9.64564169E-5
-2.02806995E+3	8.87961869E-5
-2.02807996E+3	8.36263571E-5
-2.02808997E+3	9.35739954E-5
-2.02808997E+3	1.03732411E-4
-2.02809998E+3	1.03959857E-4
-2.02810999E+3	9.96914459E-5
-2.02810999E+3	9.68247841E-5
-2.02810999E+3	9.67026353E-5
-2.02812000E+3	1.06839565E-4
-2.02812000E+3	1.13568749E-4
-2.02812000E+3	1.13027418E-4
-2.02812000E+3	1.00933459E-4
-2.02812000E+3	9.54999050E-5
-2.02812000E+3	9.84200160E-5
-2.02813000E+3	1.00424826E-4
-2.02813000E+3	8.94013137E-5
-2.02813000E+3	8.95851190E-5
-2.02813000E+3	8.46364637E-5
-2.02813000E+3	7.91268321E-5
-2.02813000E+3	7.61255142E-5
-2.02813000E+3	8.86853813E-5
-2.02813000E+3	1.01972968E-4
-2.02813000E+3	1.08803826E-4
-2.02813000E+3	1.06052255E-4
-2.02814001E+3	1.08553693E-4
-2.02814001E+3	1.07822474E-4
-2.02814001E+3	1.13832473E-4
-2.02813000E+3	1.09507637E-4
-2.02813000E+3	1.13957416E-4
-2.02813000E+3	1.12677175E-4
-2.02813000E+3	9.60653997E-5
-2.02812000E+3	9.91244233E-5
-2.02812000E+3	8.73985045E-5
-2.02812000E+3	8.93080942E-5
-2.02812000E+3	8.73488025E-5
-2.02812000E+3	9.56118674E-5
-2.02812000E+3	7.81841518E-5
-2.02812000E+3	9.43404229E-5
-2.02812000E+3	9.36757133E-5
-2.02813000E+3	8.69965515E-5
-2.02813000E+3	9.89257314E-5
-2.02814001E+3	8.77308339E-5
-2.02814001E+3	9.05485285E-5
-2.02814001E+3	8.04770461E-5
-2.02814001E+3	8.62532834E-5
-2.02814001E+3	8.66916889E-5
-2.02814001E+3	8.81429442E-5
-2.02814001E+3	7.53104250E-5
-2.02814001E+3	7.20908647E-5
-2.02815002E+3	7.66194717E-5
-2.02815002E+3	7.12429901E-5
-2.02815002E+3	8.31878860E-5
-2.02815002E+3	8.82551540E-5
-2.02815002E+3	8.39543209E-5
-2.02815002E+3	7.26416256E-5
-2.02814001E+3	6.88071377E-5
-2.02814001E+3	8.37032348E-5
-2.02814001E+3	8.44034439E-5
-2.02813000E+3	8.95881531E-5
-2.02813000E+3	8.48338459E-5
-2.02813000E+3	8.64943213E-5
