# Mess-Beginn: 27.05.2019 13:37:40
# DTM-151	DTM-151
-4.06521997E+3	-5.12763218E-4
-4.06518994E+3	-6.88691973E-4
-4.06516992E+3	-7.31546956E-4
-4.06515991E+3	-7.44620454E-4
-4.06252002E+3	-7.42498320E-4
-4.05512988E+3	-7.54129782E-4
-4.04965991E+3	-7.74587039E-4
-4.04393994E+3	-7.66759971E-4
-4.03893994E+3	-7.86402437E-4
-4.03312988E+3	-7.97442917E-4
-4.02659009E+3	-8.09920719E-4
-4.02073999E+3	-8.12253042E-4
-4.01501001E+3	-8.11488077E-4
-4.01009009E+3	-8.12588201E-4
-4.00237012E+3	-8.20845598E-4
-3.99652002E+3	-8.20045359E-4
-3.99082007E+3	-8.11676960E-4
-3.98597998E+3	-8.23138980E-4
-3.97934009E+3	-8.16985732E-4
-3.97347998E+3	-8.08767334E-4
-3.96767993E+3	-8.04847165E-4
-3.96152002E+3	-8.02162103E-4
-3.95568994E+3	-7.93910294E-4
-3.95023999E+3	-7.95820728E-4
-3.94417993E+3	-7.86546210E-4
-3.93835010E+3	-7.92817387E-4
-3.93238989E+3	-7.95783999E-4
-3.92745996E+3	-8.00538983E-4
-3.92064990E+3	-8.06336233E-4
-3.91500000E+3	-8.00760870E-4
-3.90825000E+3	-8.12912709E-4
-3.90252002E+3	-8.14017723E-4
-3.89777002E+3	-8.20521149E-4
-3.89087012E+3	-8.19054723E-4
-3.88617993E+3	-8.27057695E-4
-3.87940991E+3	-8.26153439E-4
-3.87461011E+3	-8.24058137E-4
-3.86837012E+3	-8.25597206E-4
-3.86286011E+3	-8.21160444E-4
-3.85558008E+3	-8.30404228E-4
-3.84980005E+3	-8.28785531E-4
-3.84386011E+3	-8.35386454E-4
-3.83794995E+3	-8.38201493E-4
-3.83321997E+3	-8.49692617E-4
-3.82685010E+3	-8.47177871E-4
-3.82084009E+3	-8.50440993E-4
-3.81528003E+3	-8.57283769E-4
-3.80963989E+3	-8.56181898E-4
-3.80350000E+3	-8.52089026E-4
-3.79638989E+3	-8.53915408E-4
-3.79064990E+3	-8.56900646E-4
-3.78587012E+3	-8.62646266E-4
-3.77910010E+3	-8.67307826E-4
-3.77336011E+3	-8.66982213E-4
-3.76743994E+3	-8.80070787E-4
-3.76270996E+3	-8.84668552E-4
-3.75657007E+3	-8.90240131E-4
-3.75055005E+3	-9.02835280E-4
-3.74353003E+3	-9.08391667E-4
-3.73862012E+3	-9.15020995E-4
-3.73222998E+3	-9.05386813E-4
-3.72615991E+3	-9.06771224E-4
-3.72045996E+3	-9.19942453E-4
-3.71550000E+3	-9.18758800E-4
-3.70931006E+3	-9.19740763E-4
-3.70328003E+3	-9.24676831E-4
-3.69812012E+3	-9.22708248E-4
-3.69246997E+3	-9.21866740E-4
-3.68435010E+3	-9.23335319E-4
-3.67923999E+3	-9.31122981E-4
-3.67343994E+3	-9.64292907E-4
-3.66775000E+3	-9.65874642E-4
-3.66175000E+3	-9.72564623E-4
-3.65612988E+3	-9.74008639E-4
-3.65039990E+3	-9.84973740E-4
-3.64462988E+3	-9.99242184E-4
-3.63782007E+3	-1.01568399E-3
-3.63181006E+3	-1.02451735E-3
-3.62639990E+3	-1.04743708E-3
-3.62037012E+3	-1.06644316E-3
-3.61438989E+3	-1.07746269E-3
-3.60914990E+3	-1.08881714E-3
-3.60364990E+3	-1.09864317E-3
-3.59762012E+3	-1.11633772E-3
-3.59138989E+3	-1.13370083E-3
-3.58466992E+3	-1.13920507E-3
-3.57879004E+3	-1.14710839E-3
-3.57276001E+3	-1.16792915E-3
-3.56692993E+3	-1.19363400E-3
-3.56103003E+3	-1.20355887E-3
-3.55627002E+3	-1.20333850E-3
-3.55036011E+3	-1.22412364E-3
-3.54439990E+3	-1.23922247E-3
-3.53835010E+3	-1.27302262E-3
-3.53137012E+3	-1.28813973E-3
-3.52682007E+3	-1.31788896E-3
-3.51973999E+3	-1.34710909E-3
-3.51387988E+3	-1.36711018E-3
-3.50896997E+3	-1.36859121E-3
-3.50354004E+3	-1.39549561E-3
-3.49637988E+3	-1.42162270E-3
-3.49169995E+3	-1.45206437E-3
-3.48598999E+3	-1.48941728E-3
-3.47921997E+3	-1.51487789E-3
-3.47280005E+3	-1.54340884E-3
-3.46670996E+3	-1.59019930E-3
-3.46108008E+3	-1.63331290E-3
-3.45537012E+3	-1.68597826E-3
-3.44990991E+3	-1.75311859E-3
-3.44369995E+3	-1.79357140E-3
-3.43776001E+3	-1.85955083E-3
-3.43197998E+3	-1.91712752E-3
-3.42593994E+3	-1.96883664E-3
-3.42008008E+3	-2.03737267E-3
-3.41390991E+3	-2.10956344E-3
-3.40877002E+3	-2.16795318E-3
-3.40185010E+3	-2.24035466E-3
-3.39613989E+3	-2.30949139E-3
-3.39028003E+3	-2.38444842E-3
-3.38535010E+3	-2.47328286E-3
-3.37894995E+3	-2.56683258E-3
-3.37301001E+3	-2.67221848E-3
-3.36603003E+3	-2.78526382E-3
-3.36143994E+3	-2.89133610E-3
-3.35432007E+3	-3.01177264E-3
-3.34912012E+3	-3.15341377E-3
-3.34367993E+3	-3.30433319E-3
-3.33793994E+3	-3.47487186E-3
-3.33169995E+3	-3.65399360E-3
-3.32633008E+3	-3.86351091E-3
-3.32048999E+3	-4.06924123E-3
-3.31333008E+3	-4.28820215E-3
-3.30880005E+3	-4.52668313E-3
-3.30148999E+3	-4.80388245E-3
-3.29575000E+3	-5.10663679E-3
-3.29098999E+3	-5.41290687E-3
-3.28488989E+3	-5.75105520E-3
-3.27914990E+3	-6.13296870E-3
-3.27283008E+3	-6.55849604E-3
-3.26695996E+3	-6.98114373E-3
-3.26097998E+3	-7.43545545E-3
-3.25393994E+3	-7.84681644E-3
-3.24818994E+3	-8.21734313E-3
-3.24232007E+3	-8.49311333E-3
-3.23738989E+3	-8.68549384E-3
-3.23072998E+3	-8.84069875E-3
-3.22593994E+3	-8.94816499E-3
-3.21901001E+3	-9.02952626E-3
-3.21377002E+3	-9.09935031E-3
-3.20782007E+3	-9.18990932E-3
-3.20183008E+3	-9.28399060E-3
-3.19491992E+3	-9.42249037E-3
-3.18896997E+3	-9.59273707E-3
-3.18321997E+3	-9.78221931E-3
-3.17795996E+3	-9.92551818E-3
-3.17197998E+3	-9.87055898E-3
-3.16704004E+3	-9.50538274E-3
-3.16056006E+3	-8.62023607E-3
-3.15546997E+3	-7.04461941E-3
-3.14940991E+3	-4.63639852E-3
-3.14303003E+3	-1.31878827E-3
-3.13608008E+3	2.87707150E-3
-3.13111011E+3	7.73830572E-3
-3.12409009E+3	1.29597010E-2
-3.11903003E+3	1.81238484E-2
-3.11291992E+3	2.28515826E-2
-3.10690991E+3	2.68527865E-2
-3.10216992E+3	2.98497137E-2
-3.09588989E+3	3.16848196E-2
-3.08923999E+3	3.22525464E-2
-3.08289990E+3	3.15545797E-2
-3.07691992E+3	2.96803564E-2
-3.07203003E+3	2.68986300E-2
-3.06568994E+3	2.35271417E-2
-3.05990991E+3	1.99693646E-2
-3.05411011E+3	1.65510960E-2
-3.04835010E+3	1.34937773E-2
-3.04211011E+3	1.09223174E-2
-3.03570996E+3	8.83069355E-3
-3.02966992E+3	7.24226888E-3
-3.02402002E+3	6.04753615E-3
-3.01809009E+3	5.20065799E-3
-3.01235010E+3	4.61375946E-3
-3.00646997E+3	4.22659796E-3
-3.00047998E+3	3.98720196E-3
-2.99464990E+3	3.80793423E-3
-2.98853003E+3	3.66938557E-3
-2.98245996E+3	3.53026437E-3
-2.97653003E+3	3.38246278E-3
-2.97066992E+3	3.15402169E-3
-2.96485010E+3	2.89790914E-3
-2.95992993E+3	2.57569482E-3
-2.95310010E+3	2.21267203E-3
-2.94721997E+3	1.81729731E-3
-2.94241992E+3	1.39317592E-3
-2.93557007E+3	9.87937790E-4
-2.92867993E+3	5.83992223E-4
-2.92361011E+3	2.09645412E-4
-2.91751001E+3	-1.20985242E-4
-2.91160010E+3	-4.06708918E-4
-2.90687988E+3	-6.51256123E-4
-2.90086011E+3	-8.55926948E-4
-2.89451001E+3	-1.01515325E-3
-2.88850000E+3	-1.13434659E-3
-2.88255005E+3	-1.22467952E-3
-2.87716992E+3	-1.29921618E-3
-2.87117993E+3	-1.34880422E-3
-2.86415991E+3	-1.38318515E-3
-2.85827002E+3	-1.40352035E-3
-2.85350000E+3	-1.41082401E-3
-2.84642993E+3	-1.40035141E-3
-2.84187988E+3	-1.38611498E-3
-2.83570996E+3	-1.37209927E-3
-2.82948999E+3	-1.35828904E-3
-2.82366992E+3	-1.33484195E-3
-2.81666992E+3	-1.30254298E-3
-2.81192993E+3	-1.28047122E-3
-2.80527002E+3	-1.26556761E-3
-2.79941992E+3	-1.24128361E-3
-2.79350000E+3	-1.20379648E-3
-2.78767993E+3	-1.18828076E-3
-2.78264990E+3	-1.17005839E-3
-2.77685010E+3	-1.15366746E-3
-2.76978003E+3	-1.13496161E-3
-2.76503003E+3	-1.12342881E-3
-2.75765991E+3	-1.09837030E-3
-2.75193994E+3	-1.06297445E-3
-2.74652002E+3	-1.02284353E-3
-2.74080005E+3	-1.00579741E-3
-2.73492993E+3	-9.88684827E-4
-2.72880005E+3	-9.68856853E-4
-2.72285010E+3	-9.39069898E-4
-2.71589990E+3	-8.99955572E-4
-2.71231006E+3	-8.76529375E-4
-2.70540991E+3	-8.40588589E-4
-2.69888989E+3	-8.21135938E-4
-2.69313989E+3	-8.24418792E-4
-2.68660010E+3	-8.15451727E-4
-2.68138989E+3	-7.93751795E-4
-2.67607007E+3	-7.79375259E-4
-2.66993994E+3	-7.62528798E-4
-2.66409009E+3	-7.34987843E-4
-2.65778003E+3	-7.34945119E-4
-2.65077002E+3	-7.13382964E-4
-2.64505005E+3	-7.00072793E-4
-2.63888989E+3	-6.91735768E-4
-2.63416992E+3	-6.68338675E-4
-2.62729004E+3	-6.55097014E-4
-2.62147998E+3	-6.40463200E-4
-2.61558008E+3	-6.17894111E-4
-2.60983008E+3	-5.95095975E-4
-2.60273999E+3	-5.92729310E-4
-2.59684009E+3	-5.72652614E-4
-2.59111011E+3	-5.56214014E-4
-2.58525000E+3	-5.38556895E-4
-2.57904004E+3	-5.26893127E-4
-2.57415991E+3	-5.12542203E-4
-2.56714990E+3	-4.83865821E-4
-2.56118994E+3	-4.74420784E-4
-2.55522998E+3	-4.65852121E-4
-2.54886011E+3	-4.51916945E-4
-2.54200000E+3	-4.48505045E-4
-2.53601001E+3	-4.46019316E-4
-2.53015991E+3	-4.45773854E-4
-2.52421997E+3	-4.41256852E-4
-2.51811011E+3	-4.24362748E-4
-2.51209009E+3	-4.05706087E-4
-2.50615991E+3	-4.09386383E-4
-2.50021997E+3	-3.97916127E-4
-2.49326001E+3	-3.90574336E-4
-2.48655005E+3	-3.78229975E-4
-2.48084009E+3	-3.61531856E-4
-2.47495996E+3	-3.39223159E-4
-2.46898999E+3	-3.26919922E-4
-2.46362012E+3	-3.12860997E-4
-2.45690991E+3	-3.11005890E-4
-2.45194995E+3	-3.08214774E-4
-2.44604004E+3	-3.08185874E-4
-2.43832007E+3	-2.96761456E-4
-2.43145996E+3	-2.90613301E-4
-2.42562012E+3	-2.92387675E-4
-2.41965991E+3	-2.76313222E-4
-2.41371997E+3	-2.73363636E-4
-2.40787988E+3	-2.66396324E-4
-2.40215991E+3	-2.71132158E-4
-2.39596997E+3	-2.47823191E-4
-2.38922998E+3	-2.43225863E-4
-2.38334009E+3	-2.17671724E-4
-2.37629004E+3	-2.10231810E-4
-2.37025000E+3	-2.03348172E-4
-2.36408008E+3	-1.84789387E-4
-2.35782007E+3	-1.88653998E-4
-2.35308008E+3	-1.75110210E-4
-2.34719995E+3	-1.73387671E-4
-2.33993994E+3	-1.49359679E-4
-2.33384009E+3	-1.53308749E-4
-2.32771997E+3	-1.42981429E-4
