# Mess-Beginn: 27.05.2019 13:41:24
# DTM-151	DTM-151
-4.06290991E+3	9.65104846E-4
-4.06286011E+3	1.00516644E-3
-4.06280005E+3	1.13028556E-3
-4.06275000E+3	1.12440519E-3
-4.06270996E+3	1.12765853E-3
-4.06266992E+3	1.10347522E-3
-4.06263989E+3	9.20857827E-4
-4.05875000E+3	7.47315004E-4
-4.05283008E+3	5.64410118E-4
-4.04697998E+3	3.78781260E-4
-4.04135010E+3	1.98552210E-4
-4.03567993E+3	-2.99472376E-5
-4.02978003E+3	-3.23098007E-4
-4.02501001E+3	-5.19192603E-4
-4.01915991E+3	-7.13551533E-4
-4.01189990E+3	-8.69966112E-4
-4.00613989E+3	-8.81298911E-4
-4.00145996E+3	-8.97392281E-4
-3.99443994E+3	-9.10075963E-4
-3.98941992E+3	-9.16473451E-4
-3.98304004E+3	-9.30639915E-4
-3.97715991E+3	-9.38304409E-4
-3.97147998E+3	-9.52881761E-4
-3.96468994E+3	-9.38953715E-4
-3.95887988E+3	-9.47422406E-4
-3.95417993E+3	-9.41580161E-4
-3.94801001E+3	-9.53832467E-4
-3.94306006E+3	-9.54595977E-4
-3.93627002E+3	-9.56967589E-4
-3.93022998E+3	-9.53885319E-4
-3.92455005E+3	-9.50431568E-4
-3.91882007E+3	-9.48346278E-4
-3.91175000E+3	-9.44236876E-4
-3.90702002E+3	-9.60105855E-4
-3.90054004E+3	-9.51233029E-4
-3.89487988E+3	-9.55891504E-4
-3.88900000E+3	-9.50617832E-4
-3.88306006E+3	-9.44234314E-4
-3.87722998E+3	-9.48503497E-4
-3.87141992E+3	-9.64426261E-4
-3.86565991E+3	-9.88624291E-4
-3.85979004E+3	-9.92892194E-4
-3.85316992E+3	-9.89134423E-4
-3.84726001E+3	-9.81094898E-4
-3.84139990E+3	-9.80563927E-4
-3.83598999E+3	-9.89451306E-4
-3.83037988E+3	-9.95347160E-4
-3.82415991E+3	-1.01263274E-3
-3.81929004E+3	-1.01769459E-3
-3.81350000E+3	-1.01156870E-3
-3.80615991E+3	-9.99131822E-4
-3.80027002E+3	-9.99571872E-4
-3.79436011E+3	-1.00464199E-3
-3.78831006E+3	-1.00455212E-3
-3.78331006E+3	-1.01261341E-3
-3.77750000E+3	-1.01299572E-3
-3.77189990E+3	-1.01369235E-3
-3.76598999E+3	-1.00633549E-3
-3.76002002E+3	-1.01989985E-3
-3.75290991E+3	-1.03321753E-3
-3.74810010E+3	-1.02706486E-3
-3.74187988E+3	-1.02942472E-3
-3.73606006E+3	-1.03216327E-3
-3.73007007E+3	-1.04384613E-3
-3.72421997E+3	-1.05363515E-3
-3.71858008E+3	-1.06313382E-3
-3.71270996E+3	-1.07952778E-3
-3.70663989E+3	-1.07740634E-3
-3.70005005E+3	-1.06071588E-3
-3.69415991E+3	-1.06331229E-3
-3.68840991E+3	-1.06433255E-3
-3.68360010E+3	-1.06897752E-3
-3.67677002E+3	-1.07906375E-3
-3.67190991E+3	-1.08179671E-3
-3.66573999E+3	-1.07882684E-3
-3.66006006E+3	-1.07554242E-3
-3.65434009E+3	-1.07809377E-3
-3.64719995E+3	-1.09949615E-3
-3.64112012E+3	-1.11623062E-3
-3.63521997E+3	-1.12161902E-3
-3.63045996E+3	-1.13556837E-3
-3.62453003E+3	-1.14083895E-3
-3.61836011E+3	-1.14931527E-3
-3.61287988E+3	-1.15718087E-3
-3.60658008E+3	-1.18191494E-3
-3.60069995E+3	-1.18975306E-3
-3.59489990E+3	-1.18995213E-3
-3.58911011E+3	-1.20624679E-3
-3.58208008E+3	-1.22387789E-3
-3.57715991E+3	-1.23976951E-3
-3.57117993E+3	-1.25401095E-3
-3.56558008E+3	-1.29020785E-3
-3.55977002E+3	-1.31549174E-3
-3.55343994E+3	-1.33841753E-3
-3.54768994E+3	-1.34946324E-3
-3.54167993E+3	-1.38047803E-3
-3.53478003E+3	-1.40976941E-3
-3.52894995E+3	-1.42447581E-3
-3.52310010E+3	-1.45360187E-3
-3.51743994E+3	-1.46857230E-3
-3.51145996E+3	-1.50533207E-3
-3.50671997E+3	-1.51129533E-3
-3.49977002E+3	-1.53556664E-3
-3.49497998E+3	-1.55426946E-3
-3.48891992E+3	-1.59026880E-3
-3.48184009E+3	-1.60775101E-3
-3.47592993E+3	-1.64465175E-3
-3.47105005E+3	-1.69338705E-3
-3.46466992E+3	-1.71593297E-3
-3.45870996E+3	-1.76062842E-3
-3.45271997E+3	-1.79452775E-3
-3.44672998E+3	-1.83573796E-3
-3.44102002E+3	-1.87896937E-3
-3.43520996E+3	-1.93057512E-3
-3.43052002E+3	-1.95768313E-3
-3.42417993E+3	-2.01823260E-3
-3.41750000E+3	-2.06705090E-3
-3.41165991E+3	-2.11967481E-3
-3.40560010E+3	-2.18847534E-3
-3.40072998E+3	-2.25764234E-3
-3.39400000E+3	-2.32414296E-3
-3.38829004E+3	-2.40736688E-3
-3.38227002E+3	-2.48131738E-3
-3.37625000E+3	-2.57597957E-3
-3.37003003E+3	-2.68511870E-3
-3.36432007E+3	-2.78999913E-3
-3.35832007E+3	-2.89683836E-3
-3.35237988E+3	-3.00712744E-3
-3.34643994E+3	-3.12783918E-3
-3.34163989E+3	-3.26601975E-3
-3.33490991E+3	-3.41252866E-3
-3.32958008E+3	-3.56937968E-3
-3.32256006E+3	-3.73258744E-3
-3.31784009E+3	-3.90363741E-3
-3.31205005E+3	-4.09553759E-3
-3.30506006E+3	-4.30899207E-3
-3.29937012E+3	-4.54773987E-3
-3.29330005E+3	-4.80997236E-3
-3.28836011E+3	-5.07995486E-3
-3.28260010E+3	-5.36621641E-3
-3.27567993E+3	-5.69664687E-3
-3.26940991E+3	-6.03209483E-3
-3.26345996E+3	-6.39222143E-3
-3.25756006E+3	-6.73355209E-3
-3.25179004E+3	-7.01789884E-3
-3.24593994E+3	-7.18499674E-3
-3.24012012E+3	-7.25596305E-3
-3.23534009E+3	-7.22502545E-3
-3.22943994E+3	-7.14462018E-3
-3.22298999E+3	-7.02233240E-3
-3.21807007E+3	-6.85697282E-3
-3.21143994E+3	-6.68612448E-3
-3.20439990E+3	-6.49701431E-3
-3.19846997E+3	-6.34077750E-3
-3.19280005E+3	-6.24876935E-3
-3.18703003E+3	-6.25649514E-3
-3.18119995E+3	-6.35644328E-3
-3.17527002E+3	-6.51181675E-3
-3.17062012E+3	-6.68124389E-3
-3.16418994E+3	-6.80893660E-3
-3.15820996E+3	-6.83908351E-3
-3.15235010E+3	-6.72399253E-3
-3.14525000E+3	-6.38545444E-3
-3.14009009E+3	-5.72556816E-3
-3.13412988E+3	-4.67938511E-3
-3.12817993E+3	-3.15294997E-3
-3.12232007E+3	-1.09271833E-3
-3.11737988E+3	1.50220236E-3
-3.11094995E+3	4.59154276E-3
-3.10407007E+3	8.06616247E-3
-3.09927002E+3	1.17507093E-2
-3.09238989E+3	1.54442731E-2
-3.08647998E+3	1.89023949E-2
-3.08057007E+3	2.19001565E-2
-3.07577002E+3	2.42749993E-2
-3.06902002E+3	2.58914493E-2
-3.06326001E+3	2.67012399E-2
-3.05841992E+3	2.66710054E-2
-3.05215991E+3	2.58722156E-2
-3.04630005E+3	2.44273748E-2
-3.03818994E+3	2.24855691E-2
-3.03337988E+3	2.02737879E-2
-3.02857007E+3	1.79960411E-2
-3.02239990E+3	1.57997068E-2
-3.01627002E+3	1.38047105E-2
-3.01033008E+3	1.20477714E-2
-3.00480005E+3	1.05446605E-2
-2.99963989E+3	9.28015355E-3
-2.99150000E+3	8.21498130E-3
-2.98681006E+3	7.29509909E-3
-2.98023999E+3	6.50635315E-3
-2.97430005E+3	5.77934599E-3
-2.96838989E+3	5.08332672E-3
-2.96255005E+3	4.41348832E-3
-2.95656006E+3	3.74436332E-3
-2.95146997E+3	3.08934087E-3
-2.94544995E+3	2.44749826E-3
-2.93935010E+3	1.83473178E-3
-2.93287988E+3	1.23955728E-3
-2.92667993E+3	6.99289900E-4
-2.92079004E+3	2.20971022E-4
-2.91489990E+3	-1.97195332E-4
-2.91029004E+3	-5.48145152E-4
-2.90457007E+3	-8.43374932E-4
-2.89859009E+3	-1.06189540E-3
-2.89254004E+3	-1.24689506E-3
-2.88652002E+3	-1.39128603E-3
-2.87988989E+3	-1.50477595E-3
-2.87396997E+3	-1.58155907E-3
-2.86800000E+3	-1.63409312E-3
-2.86217993E+3	-1.67829508E-3
-2.85604004E+3	-1.69505517E-3
-2.85126001E+3	-1.70864980E-3
-2.84416992E+3	-1.71289255E-3
-2.83962988E+3	-1.70715223E-3
-2.83326001E+3	-1.68519421E-3
-2.82717993E+3	-1.66584540E-3
-2.82140991E+3	-1.64643640E-3
-2.81446997E+3	-1.61381764E-3
-2.80911011E+3	-1.58030516E-3
-2.80409009E+3	-1.54565426E-3
-2.79698999E+3	-1.51433877E-3
-2.79217993E+3	-1.48436881E-3
-2.78586011E+3	-1.43963820E-3
-2.78013989E+3	-1.41178013E-3
-2.77386011E+3	-1.38874433E-3
-2.76801001E+3	-1.36805465E-3
-2.76192993E+3	-1.33978587E-3
-2.75616992E+3	-1.30443380E-3
-2.75034009E+3	-1.27240433E-3
-2.74415991E+3	-1.23608462E-3
-2.73829004E+3	-1.20394886E-3
-2.73215991E+3	-1.16949796E-3
-2.72517993E+3	-1.14853645E-3
-2.72033008E+3	-1.12731534E-3
-2.71403003E+3	-1.09696819E-3
-2.70856006E+3	-1.06123090E-3
-2.70225000E+3	-1.02623075E-3
-2.69632007E+3	-9.97348689E-4
-2.69067993E+3	-9.80754849E-4
-2.68466992E+3	-9.49284993E-4
-2.67877002E+3	-9.33154428E-4
-2.67271997E+3	-9.15815413E-4
-2.66690991E+3	-8.92297423E-4
-2.66046997E+3	-8.75375757E-4
-2.65448999E+3	-8.60591244E-4
-2.64859009E+3	-8.39532178E-4
-2.64242993E+3	-8.24297313E-4
-2.63757007E+3	-8.12893442E-4
-2.63166992E+3	-8.03451461E-4
-2.62466992E+3	-7.94566993E-4
-2.61970996E+3	-7.85419601E-4
-2.61220996E+3	-7.71658611E-4
-2.60510010E+3	-7.50069448E-4
-2.60033008E+3	-7.27725914E-4
-2.59558008E+3	-7.17104005E-4
-2.58857007E+3	-7.03983882E-4
-2.58262988E+3	-6.86017098E-4
-2.57652002E+3	-6.66354201E-4
-2.57077002E+3	-6.48266694E-4
-2.56470996E+3	-6.42006577E-4
-2.55880005E+3	-6.16082223E-4
-2.55284009E+3	-5.99461549E-4
-2.54680005E+3	-5.97411417E-4
-2.53984009E+3	-5.83247631E-4
-2.53403003E+3	-5.61070745E-4
-2.52814990E+3	-5.51980396E-4
-2.52206006E+3	-5.41831425E-4
-2.51551001E+3	-5.46798459E-4
-2.50967993E+3	-5.18401794E-4
-2.50261011E+3	-5.00953523E-4
-2.49657007E+3	-4.95181594E-4
-2.49044995E+3	-4.90681268E-4
-2.48477002E+3	-4.75364999E-4
-2.47872998E+3	-4.68740385E-4
-2.47285010E+3	-4.60741518E-4
-2.46613989E+3	-4.51843545E-4
-2.46025000E+3	-4.43147874E-4
-2.45437012E+3	-4.18882148E-4
-2.44856006E+3	-4.17145464E-4
-2.44136011E+3	-4.17096191E-4
-2.43552002E+3	-4.13550908E-4
-2.42935010E+3	-3.97184020E-4
-2.42333008E+3	-3.76928743E-4
-2.41844995E+3	-3.63709842E-4
-2.41121997E+3	-3.53586423E-4
-2.40512988E+3	-3.38683516E-4
-2.39962012E+3	-3.31115880E-4
-2.39223999E+3	-3.29774281E-4
-2.38602002E+3	-3.19633546E-4
-2.37977002E+3	-3.05006135E-4
-2.37412988E+3	-2.89158022E-4
-2.36898999E+3	-2.84798356E-4
-2.36207007E+3	-2.89616350E-4
-2.35607007E+3	-3.00837506E-4
-2.35011011E+3	-2.93934223E-4
-2.34406006E+3	-2.93952646E-4
-2.33709009E+3	-2.90221680E-4
-2.33258008E+3	-2.77450687E-4
-2.32435010E+3	-2.74572580E-4
-2.31856006E+3	-2.64655537E-4
-2.31222998E+3	-2.64020317E-4
-2.30636011E+3	-2.56128056E-4
-2.30164990E+3	-2.46808806E-4
-2.29462012E+3	-2.28310601E-4
-2.28908008E+3	-2.24142335E-4
-2.28303003E+3	-2.08032332E-4
-2.27544995E+3	-2.05930803E-4
-2.26953003E+3	-1.94788619E-4
-2.26353003E+3	-1.80236588E-4
-2.25750000E+3	-1.77133203E-4
-2.25090991E+3	-1.72185435E-4
-2.24490991E+3	-1.65336343E-4
-2.23898999E+3	-1.66341764E-4
-2.23304004E+3	-1.47630315E-4
-2.22716992E+3	-1.38412972E-4
-2.22127002E+3	-1.47798535E-4
-2.21452002E+3	-1.39298951E-4
-2.20746997E+3	-1.40458593E-4
-2.20281006E+3	-1.50735636E-4
-2.19587988E+3	-1.58148556E-4
-2.18977002E+3	-1.50706604E-4
-2.18368994E+3	-1.49745698E-4
-2.17885010E+3	-1.36211223E-4
-2.17187012E+3	-1.51860018E-4
-2.16621997E+3	-1.43489407E-4
-2.16013989E+3	-1.25944629E-4
-2.15264990E+3	-1.15589122E-4
-2.14582007E+3	-1.12980742E-4
-2.14012988E+3	-9.53695562E-5
-2.13439990E+3	-7.94748194E-5
-2.12827002E+3	-7.68641039E-5
-2.12206006E+3	-6.19710190E-5
-2.11603003E+3	-6.35248216E-5
-2.10991992E+3	-5.90560921E-5
-2.10269995E+3	-4.69898769E-5
