# Mess-Beginn: 27.05.2019 13:50:03
# DTM-151	DTM-151
-3.96464990E+3	-8.86201160E-4
-3.95878003E+3	-8.87804723E-4
-3.95353003E+3	-8.87699192E-4
-3.94778003E+3	-8.88059498E-4
-3.94320996E+3	-8.90406198E-4
-3.93627002E+3	-9.12796764E-4
-3.93048999E+3	-9.20995022E-4
-3.92478003E+3	-9.16369725E-4
-3.91894995E+3	-9.01513034E-4
-3.91279004E+3	-8.98724829E-4
-3.90711011E+3	-8.92974087E-4
-3.90015991E+3	-8.90690018E-4
-3.89503003E+3	-8.98126105E-4
-3.88900000E+3	-8.93914665E-4
-3.88301001E+3	-8.85877234E-4
-3.87735010E+3	-8.72204604E-4
-3.87134009E+3	-8.69329320E-4
-3.86539990E+3	-8.80397740E-4
-3.86067993E+3	-8.81550950E-4
-3.85491992E+3	-8.80947860E-4
-3.84812012E+3	-8.97260383E-4
-3.84189990E+3	-8.98182741E-4
-3.83601001E+3	-8.94240511E-4
-3.83014990E+3	-8.97216436E-4
-3.82420996E+3	-8.87892325E-4
-3.81850000E+3	-8.86573805E-4
-3.81261011E+3	-8.90131691E-4
-3.80663989E+3	-8.90636235E-4
-3.80090991E+3	-8.99199804E-4
-3.79479004E+3	-9.11877200E-4
-3.79040991E+3	-8.98427796E-4
-3.78275000E+3	-9.02055064E-4
-3.77810010E+3	-9.02091793E-4
-3.77139990E+3	-9.10414848E-4
-3.76550000E+3	-9.13722557E-4
-3.75979004E+3	-9.24225838E-4
-3.75389990E+3	-9.17880796E-4
-3.74814990E+3	-9.23916174E-4
-3.74189990E+3	-9.31124028E-4
-3.73592993E+3	-9.42142622E-4
-3.73004004E+3	-9.43848805E-4
-3.72416992E+3	-9.55101103E-4
-3.71812012E+3	-9.77032119E-4
-3.71219995E+3	-9.84023442E-4
-3.70690991E+3	-9.96122835E-4
-3.70102002E+3	-9.99006210E-4
-3.69519995E+3	-1.02084398E-3
-3.68930005E+3	-1.02649350E-3
-3.68344995E+3	-1.03193242E-3
-3.67677002E+3	-1.02954952E-3
-3.67077002E+3	-1.03495421E-3
-3.66570996E+3	-1.04278116E-3
-3.66008008E+3	-1.03257271E-3
-3.65409009E+3	-1.03585236E-3
-3.64926001E+3	-1.04641228E-3
-3.64263989E+3	-1.04963593E-3
-3.63597998E+3	-1.05106458E-3
-3.63031006E+3	-1.06828578E-3
-3.62371997E+3	-1.08094583E-3
-3.61791992E+3	-1.08652364E-3
-3.61308008E+3	-1.10901031E-3
-3.60669995E+3	-1.11135223E-3
-3.60060010E+3	-1.14637672E-3
-3.59522998E+3	-1.16627151E-3
-3.58944995E+3	-1.17653469E-3
-3.58387012E+3	-1.19712146E-3
-3.57777002E+3	-1.20459218E-3
-3.57184009E+3	-1.20663585E-3
-3.56593994E+3	-1.22391246E-3
-3.55888989E+3	-1.23970176E-3
-3.55357007E+3	-1.25116541E-3
-3.54768994E+3	-1.26388215E-3
-3.54181006E+3	-1.26866996E-3
-3.53603003E+3	-1.29031891E-3
-3.53033008E+3	-1.30959030E-3
-3.52423999E+3	-1.32596598E-3
-3.51734009E+3	-1.34820584E-3
-3.51198999E+3	-1.36430550E-3
-3.50601001E+3	-1.37871457E-3
-3.50000000E+3	-1.40234455E-3
-3.49401001E+3	-1.42286206E-3
-3.48923999E+3	-1.45606149E-3
-3.48290991E+3	-1.47864374E-3
-3.47814990E+3	-1.49311288E-3
-3.47030005E+3	-1.51781249E-3
-3.46448999E+3	-1.55571185E-3
-3.45847998E+3	-1.58634654E-3
-3.45294995E+3	-1.62259222E-3
-3.44709009E+3	-1.65737397E-3
-3.44112988E+3	-1.68524066E-3
-3.43534009E+3	-1.72233768E-3
-3.43004004E+3	-1.76185952E-3
-3.42422998E+3	-1.79354090E-3
-3.41865991E+3	-1.84205419E-3
-3.41357007E+3	-1.87988020E-3
-3.40585010E+3	-1.91543682E-3
-3.40004004E+3	-1.97947957E-3
-3.39407007E+3	-2.04440509E-3
-3.38794995E+3	-2.10612710E-3
-3.38310010E+3	-2.19350099E-3
-3.37718994E+3	-2.26052688E-3
-3.37036011E+3	-2.34075706E-3
-3.36529004E+3	-2.43021175E-3
-3.35929004E+3	-2.51783640E-3
-3.35237988E+3	-2.62085092E-3
-3.34668994E+3	-2.73062056E-3
-3.34071997E+3	-2.83690612E-3
-3.33504004E+3	-2.96242977E-3
-3.32913989E+3	-3.10675497E-3
-3.32342993E+3	-3.23614432E-3
-3.31745996E+3	-3.39636905E-3
-3.31177002E+3	-3.55811347E-3
-3.30585010E+3	-3.74480872E-3
-3.29909009E+3	-3.94802215E-3
-3.29316992E+3	-4.17231815E-3
-3.28838989E+3	-4.39737830E-3
-3.28262012E+3	-4.64516087E-3
-3.27667993E+3	-4.89039533E-3
-3.26991992E+3	-5.15798712E-3
-3.26419995E+3	-5.43946167E-3
-3.25929004E+3	-5.69592137E-3
-3.25196997E+3	-5.88871865E-3
-3.24614990E+3	-5.98661834E-3
-3.24035010E+3	-5.99240838E-3
-3.23433008E+3	-5.89946378E-3
-3.22943994E+3	-5.74472919E-3
-3.22250000E+3	-5.53137064E-3
-3.21789990E+3	-5.27960295E-3
-3.21106006E+3	-5.00142714E-3
-3.20532007E+3	-4.72811842E-3
-3.19897998E+3	-4.47078003E-3
-3.19405005E+3	-4.26670630E-3
-3.18689990E+3	-4.16287035E-3
-3.18087012E+3	-4.14405344E-3
-3.17588989E+3	-4.21524653E-3
-3.16932007E+3	-4.34901891E-3
-3.16429004E+3	-4.50018514E-3
-3.15867993E+3	-4.67874855E-3
-3.15247998E+3	-4.82775830E-3
-3.14650000E+3	-4.92002256E-3
-3.14066992E+3	-4.95953718E-3
-3.13357007E+3	-4.91476385E-3
-3.12851001E+3	-4.73212963E-3
-3.12262988E+3	-4.38435515E-3
-3.11712988E+3	-3.83426505E-3
-3.11077002E+3	-3.03229596E-3
-3.10486011E+3	-1.94274273E-3
-3.09901001E+3	-5.23622322E-4
-3.09300000E+3	1.23101694E-3
-3.08712012E+3	3.29264021E-3
-3.08080005E+3	5.64151350E-3
-3.07505005E+3	8.20268970E-3
-3.06930005E+3	1.08547974E-2
-3.06320996E+3	1.34832049E-2
-3.05788989E+3	1.59510355E-2
-3.05247998E+3	1.81348715E-2
-3.04612012E+3	1.99090131E-2
-3.04020996E+3	2.12265588E-2
-3.03402002E+3	2.20002271E-2
-3.02813989E+3	2.22557262E-2
-3.02237988E+3	2.20098291E-2
-3.01659009E+3	2.13189591E-2
-3.01042993E+3	2.02746987E-2
-3.00434009E+3	1.89666357E-2
-2.99830005E+3	1.74935218E-2
-2.99250000E+3	1.59488712E-2
-2.98769995E+3	1.43797277E-2
-2.98077002E+3	1.28375106E-2
-2.97437012E+3	1.13631161E-2
-2.96822998E+3	9.94729809E-3
-2.96351001E+3	8.62127636E-3
-2.95716992E+3	7.36723701E-3
-2.95085010E+3	6.19124435E-3
-2.94612988E+3	5.08840708E-3
-2.94032007E+3	4.08033654E-3
-2.93377002E+3	3.15443333E-3
-2.92686011E+3	2.34204996E-3
-2.92102002E+3	1.61139108E-3
-2.91491992E+3	9.91829555E-4
-2.91014990E+3	4.77756665E-4
-2.90431006E+3	3.05304529E-5
-2.89842993E+3	-3.35150864E-4
-2.89234009E+3	-6.26631663E-4
-2.88641992E+3	-8.43897345E-4
-2.88032007E+3	-1.01976120E-3
-2.87433008E+3	-1.15839322E-3
-2.86737988E+3	-1.26767217E-3
-2.86231006E+3	-1.34989375E-3
-2.85629004E+3	-1.41383510E-3
-2.85046997E+3	-1.46523328E-3
-2.84467993E+3	-1.50048477E-3
-2.83879004E+3	-1.50981476E-3
-2.83305005E+3	-1.52248912E-3
-2.82733008E+3	-1.53281214E-3
-2.82115991E+3	-1.53914944E-3
-2.81423999E+3	-1.53471541E-3
-2.80826001E+3	-1.52548251E-3
-2.80241992E+3	-1.50904804E-3
-2.79664990E+3	-1.48797396E-3
-2.79155005E+3	-1.45818852E-3
-2.78546997E+3	-1.43480452E-3
-2.77958008E+3	-1.41977298E-3
-2.77457007E+3	-1.38284033E-3
-2.76821997E+3	-1.35700870E-3
-2.76098999E+3	-1.32470171E-3
-2.75618994E+3	-1.29321194E-3
-2.74939990E+3	-1.26140029E-3
-2.74344995E+3	-1.23611151E-3
-2.73868994E+3	-1.21400785E-3
-2.73152002E+3	-1.19139545E-3
-2.72657007E+3	-1.15155627E-3
-2.72005005E+3	-1.12923549E-3
-2.71426001E+3	-1.11803797E-3
-2.70930005E+3	-1.08645612E-3
-2.70191992E+3	-1.06169924E-3
-2.69692993E+3	-1.03620533E-3
-2.68992993E+3	-1.01303263E-3
-2.68515991E+3	-9.72063397E-4
-2.67908008E+3	-9.51916736E-4
-2.67310010E+3	-9.24950640E-4
-2.66750000E+3	-9.08075017E-4
-2.66130005E+3	-8.82283144E-4
-2.65557007E+3	-8.51803168E-4
-2.64962012E+3	-8.43610906E-4
-2.64251001E+3	-8.20963760E-4
-2.63664990E+3	-8.05458869E-4
-2.63085010E+3	-7.93146726E-4
-2.62473999E+3	-7.82553223E-4
-2.61967993E+3	-7.58263341E-4
-2.61382007E+3	-7.52989727E-4
-2.60757007E+3	-7.37829308E-4
-2.60153003E+3	-7.21230812E-4
-2.59550000E+3	-7.05791870E-4
-2.58866992E+3	-6.78224373E-4
-2.58309009E+3	-6.54353702E-4
-2.57740991E+3	-6.31788571E-4
-2.57155005E+3	-6.02466054E-4
-2.56453003E+3	-5.98162238E-4
-2.55977002E+3	-5.82089182E-4
-2.55296997E+3	-5.59885870E-4
-2.54714990E+3	-5.40813315E-4
-2.54028003E+3	-5.20706817E-4
-2.53243994E+3	-5.09645266E-4
-2.52768994E+3	-4.95689921E-4
-2.52172998E+3	-4.85512428E-4
-2.51577002E+3	-4.83339536E-4
-2.50983008E+3	-4.76791785E-4
-2.50388989E+3	-4.60972631E-4
-2.49829004E+3	-4.47037339E-4
-2.49202002E+3	-4.28376894E-4
-2.48518994E+3	-4.22093668E-4
-2.47942993E+3	-4.13123198E-4
-2.47214990E+3	-4.03460988E-4
-2.46639990E+3	-4.01544705E-4
-2.46061011E+3	-3.95720999E-4
-2.45460010E+3	-3.96857766E-4
-2.44870996E+3	-3.92122136E-4
-2.44210010E+3	-3.77273886E-4
-2.43641992E+3	-3.72819224E-4
-2.43030005E+3	-3.69770802E-4
-2.42302002E+3	-3.64260894E-4
-2.41708008E+3	-3.59339378E-4
-2.41112012E+3	-3.56618955E-4
-2.40519995E+3	-3.52548057E-4
-2.39937012E+3	-3.40434664E-4
-2.39327002E+3	-3.13126395E-4
-2.38730005E+3	-3.04471527E-4
-2.38148999E+3	-3.00318556E-4
-2.37422998E+3	-2.88047479E-4
-2.37019995E+3	-2.83676432E-4
-2.36204004E+3	-2.74313235E-4
-2.35614990E+3	-2.73755868E-4
-2.35068994E+3	-2.60362925E-4
-2.34354004E+3	-2.41890826E-4
-2.33758008E+3	-2.44251802E-4
-2.33176001E+3	-2.44432245E-4
-2.32587012E+3	-2.33941362E-4
-2.32033008E+3	-2.39319605E-4
-2.31214990E+3	-2.36206601E-4
-2.30689990E+3	-2.27391298E-4
-2.30020996E+3	-2.27939774E-4
-2.29429004E+3	-2.20822185E-4
-2.28953003E+3	-2.20225207E-4
-2.28270996E+3	-2.14835833E-4
-2.27644995E+3	-2.05986362E-4
-2.27016992E+3	-1.97783651E-4
-2.26409009E+3	-1.96969995E-4
-2.25821997E+3	-1.86109799E-4
-2.25221997E+3	-1.74291185E-4
-2.24516992E+3	-1.74930785E-4
-2.23913989E+3	-1.68653001E-4
-2.23304004E+3	-1.63271645E-4
-2.22719995E+3	-1.48650273E-4
-2.22160010E+3	-1.47237675E-4
-2.21455005E+3	-1.32993053E-4
-2.20839990E+3	-1.28235144E-4
-2.20367993E+3	-1.25532781E-4
-2.19559009E+3	-1.16576506E-4
-2.18969995E+3	-1.13299706E-4
-2.18385010E+3	-9.84615108E-5
-2.17771997E+3	-8.70652730E-5
-2.17209009E+3	-6.28579219E-5
-2.16618994E+3	-5.82121320E-5
-2.16032007E+3	-4.98654263E-5
-2.15297998E+3	-4.89152299E-5
-2.14711011E+3	-4.42334385E-5
-2.13994995E+3	-2.92563709E-5
-2.13404004E+3	-2.25582753E-5
-2.12809009E+3	-1.59328047E-5
