# Mess-Beginn: 27.05.2019 13:53:43
# DTM-151	DTM-151
-3.96706006E+3	3.88780318E-4
-3.96704004E+3	2.34929103E-4
-3.96701001E+3	9.28474910E-5
-3.96560010E+3	-5.13656014E-5
-3.96082007E+3	-1.96918816E-4
-3.95492993E+3	-3.47324705E-4
-3.95023999E+3	-4.95796907E-4
-3.94352002E+3	-5.28986158E-4
-3.93832007E+3	-4.90852399E-4
-3.93243994E+3	-5.12934057E-4
-3.92787012E+3	-5.16522909E-4
-3.92204004E+3	-5.07206889E-4
-3.91550000E+3	-5.19904192E-4
-3.91066992E+3	-5.24402945E-4
-3.90438989E+3	-5.23063645E-4
-3.89837988E+3	-5.31173660E-4
-3.89262012E+3	-5.36412525E-4
-3.88673999E+3	-5.38397406E-4
-3.87998999E+3	-5.50106924E-4
-3.87417993E+3	-5.56097250E-4
-3.86834009E+3	-5.70988224E-4
-3.86312012E+3	-5.85315283E-4
-3.85725000E+3	-5.81873057E-4
-3.85127002E+3	-5.82845474E-4
-3.84537988E+3	-5.92098571E-4
-3.83969995E+3	-5.86391718E-4
-3.83383008E+3	-5.89281321E-4
-3.82896997E+3	-5.91366901E-4
-3.82160010E+3	-5.85686765E-4
-3.81570996E+3	-5.79368323E-4
-3.81002002E+3	-5.68947871E-4
-3.80428003E+3	-5.69076685E-4
-3.79945996E+3	-5.69386757E-4
-3.79255005E+3	-5.67735871E-4
-3.78670996E+3	-5.74728358E-4
-3.78132007E+3	-5.86062728E-4
-3.77508008E+3	-5.84247930E-4
-3.76816992E+3	-5.90899785E-4
-3.76236011E+3	-5.96951169E-4
-3.75648999E+3	-6.01931300E-4
-3.75059009E+3	-6.09276001E-4
-3.74586011E+3	-6.15204219E-4
-3.73966992E+3	-6.21575164E-4
-3.73408008E+3	-6.32476062E-4
-3.72808008E+3	-6.33178162E-4
-3.72221997E+3	-6.32204465E-4
-3.71512012E+3	-6.31836709E-4
-3.70910010E+3	-6.34836673E-4
-3.70384009E+3	-6.35330565E-4
-3.69796997E+3	-6.53198978E-4
-3.69230005E+3	-6.57007273E-4
-3.68656006E+3	-6.63528976E-4
-3.68067993E+3	-6.71398710E-4
-3.67479004E+3	-6.73063507E-4
-3.66895996E+3	-6.74399140E-4
-3.66316992E+3	-6.70731708E-4
-3.65729004E+3	-6.93622860E-4
-3.65095996E+3	-7.00351549E-4
-3.64545996E+3	-7.04440754E-4
-3.63909009E+3	-6.98383490E-4
-3.63433008E+3	-7.16059527E-4
-3.62761011E+3	-7.30041182E-4
-3.62163989E+3	-7.37661496E-4
-3.61579004E+3	-7.47242128E-4
-3.60995996E+3	-7.59066257E-4
-3.60309009E+3	-7.79548369E-4
-3.59766992E+3	-7.78068264E-4
-3.59265991E+3	-7.88404315E-4
-3.58584009E+3	-8.03185860E-4
-3.58112012E+3	-8.18097324E-4
-3.57507007E+3	-8.19881621E-4
-3.56923999E+3	-8.27803276E-4
-3.56239990E+3	-8.34992155E-4
-3.55572998E+3	-8.52179888E-4
-3.54980005E+3	-8.59037973E-4
-3.54405005E+3	-8.68517149E-4
-3.53839990E+3	-8.86028749E-4
-3.53367993E+3	-9.02066065E-4
-3.52727002E+3	-9.17474506E-4
-3.52138989E+3	-9.30472452E-4
-3.51547998E+3	-9.42015031E-4
-3.50967993E+3	-9.48240107E-4
-3.50377002E+3	-9.58518998E-4
-3.49901001E+3	-9.75268835E-4
-3.49169995E+3	-9.94564965E-4
-3.48586011E+3	-1.01090421E-3
-3.48033008E+3	-1.02480012E-3
-3.47421997E+3	-1.04376697E-3
-3.46865991E+3	-1.06560253E-3
-3.46255005E+3	-1.08275295E-3
-3.45704004E+3	-1.10829005E-3
-3.45087988E+3	-1.13738072E-3
-3.44486011E+3	-1.18253601E-3
-3.43894995E+3	-1.19576452E-3
-3.43268994E+3	-1.22087786E-3
-3.42662012E+3	-1.24793500E-3
-3.42065991E+3	-1.29223848E-3
-3.41471997E+3	-1.31487194E-3
-3.40952002E+3	-1.34442945E-3
-3.40350000E+3	-1.39127148E-3
-3.39757007E+3	-1.43939711E-3
-3.39175000E+3	-1.48966932E-3
-3.38595996E+3	-1.52749859E-3
-3.37894995E+3	-1.59524358E-3
-3.37332007E+3	-1.67119747E-3
-3.36739990E+3	-1.74130371E-3
-3.36168994E+3	-1.79968658E-3
-3.35585010E+3	-1.88815955E-3
-3.35112012E+3	-1.97061780E-3
-3.34531006E+3	-2.06590630E-3
-3.33895996E+3	-2.17078882E-3
-3.33187012E+3	-2.27474561E-3
-3.32629004E+3	-2.39189295E-3
-3.32029004E+3	-2.50304607E-3
-3.31478003E+3	-2.61520548E-3
-3.30876001E+3	-2.75731180E-3
-3.30295996E+3	-2.91918474E-3
-3.29792993E+3	-3.07227764E-3
-3.29162988E+3	-3.25179962E-3
-3.28570996E+3	-3.43402894E-3
-3.27994995E+3	-3.62740364E-3
-3.27294995E+3	-3.83248902E-3
-3.26706006E+3	-4.06223349E-3
-3.26227002E+3	-4.29387623E-3
-3.25600000E+3	-4.49502794E-3
-3.24994995E+3	-4.62241285E-3
-3.24382007E+3	-4.66987072E-3
-3.23902002E+3	-4.64583794E-3
-3.23152002E+3	-4.53354977E-3
-3.22569995E+3	-4.36764117E-3
-3.21962012E+3	-4.15047491E-3
-3.21379004E+3	-3.90415452E-3
-3.20887988E+3	-3.64055368E-3
-3.20270996E+3	-3.36800423E-3
-3.19672998E+3	-3.12451040E-3
-3.19072998E+3	-2.95406138E-3
-3.18607007E+3	-2.84856115E-3
-3.17981006E+3	-2.81088450E-3
-3.17331006E+3	-2.86129466E-3
-3.16648999E+3	-2.94512603E-3
-3.16065991E+3	-3.06839333E-3
-3.15481006E+3	-3.21671832E-3
-3.14911011E+3	-3.33592575E-3
-3.14319995E+3	-3.47219687E-3
-3.13730005E+3	-3.58693418E-3
-3.13152002E+3	-3.68016050E-3
-3.12665991E+3	-3.73522355E-3
-3.12047998E+3	-3.74831352E-3
-3.11447998E+3	-3.68852145E-3
-3.10755005E+3	-3.54290521E-3
-3.10154004E+3	-3.30437324E-3
-3.09619995E+3	-2.92340550E-3
-3.08913989E+3	-2.39317701E-3
-3.08532007E+3	-1.66059926E-3
-3.07809009E+3	-7.37946015E-4
-3.07340991E+3	4.26892453E-4
-3.06762988E+3	1.81668811E-3
-3.06037012E+3	3.40972189E-3
-3.05431006E+3	5.19369124E-3
-3.04841992E+3	7.10378820E-3
-3.04358008E+3	9.08486918E-3
-3.03725000E+3	1.10414261E-2
-3.03143994E+3	1.28974421E-2
-3.02539990E+3	1.45631181E-2
-3.01946997E+3	1.59832276E-2
-3.01356006E+3	1.70815829E-2
-3.00766992E+3	1.78188253E-2
-3.00186011E+3	1.81856509E-2
-2.99575000E+3	1.81545839E-2
-2.98995996E+3	1.77703649E-2
-2.98439990E+3	1.70721579E-2
-2.97811011E+3	1.61163993E-2
-2.97207007E+3	1.49436817E-2
-2.96620996E+3	1.36377336E-2
-2.96037012E+3	1.22573813E-2
-2.95451001E+3	1.08516635E-2
-2.94883008E+3	9.46153793E-3
-2.94344995E+3	8.11474025E-3
-2.93648999E+3	6.86473027E-3
-2.93168994E+3	5.70258778E-3
-2.92458008E+3	4.65696864E-3
-2.91987988E+3	3.73276719E-3
-2.91392993E+3	2.93534226E-3
-2.90713989E+3	2.26683076E-3
-2.90019995E+3	1.67251437E-3
-2.89639990E+3	1.16653170E-3
-2.88889990E+3	7.52948399E-4
-2.88315991E+3	4.15760442E-4
-2.87761011E+3	1.39975513E-4
-2.87265991E+3	-8.41871515E-5
-2.86563989E+3	-2.73868092E-4
-2.85954004E+3	-4.27131017E-4
-2.85337012E+3	-5.42453432E-4
-2.84758008E+3	-6.52098970E-4
-2.84173999E+3	-7.24243117E-4
-2.83658008E+3	-7.82542455E-4
-2.83055005E+3	-8.25803203E-4
-2.82385010E+3	-8.54827580E-4
-2.81777002E+3	-8.77859362E-4
-2.81319995E+3	-8.96938145E-4
-2.80685010E+3	-8.92586075E-4
-2.79937012E+3	-9.04087850E-4
-2.79362988E+3	-9.15877346E-4
-2.78834009E+3	-9.14707314E-4
-2.78246997E+3	-9.05321387E-4
-2.77662988E+3	-8.85418849E-4
-2.77060010E+3	-8.73522193E-4
-2.76557007E+3	-8.65928421E-4
-2.75941992E+3	-8.51573830E-4
-2.75350000E+3	-8.28660035E-4
-2.74727002E+3	-8.22331349E-4
-2.74043994E+3	-7.84748350E-4
-2.73571997E+3	-7.59044604E-4
-2.72929004E+3	-7.36856251E-4
-2.72238989E+3	-7.17417046E-4
-2.71857007E+3	-6.97773707E-4
-2.71168994E+3	-6.80975441E-4
-2.70581006E+3	-6.66160544E-4
-2.69998999E+3	-6.50770497E-4
-2.69301001E+3	-6.37955789E-4
-2.68690991E+3	-6.22442574E-4
-2.68207007E+3	-6.21215149E-4
-2.67582007E+3	-6.11788593E-4
-2.66963989E+3	-6.00460568E-4
-2.66350000E+3	-5.83280984E-4
-2.65834009E+3	-5.71521115E-4
-2.65236011E+3	-5.54433209E-4
-2.64661011E+3	-5.36980049E-4
-2.64101001E+3	-5.28013741E-4
-2.63380005E+3	-5.09259582E-4
-2.62797998E+3	-4.92204970E-4
-2.62191992E+3	-4.85117780E-4
-2.61616992E+3	-4.75909415E-4
-2.61008008E+3	-4.66980069E-4
-2.60414990E+3	-4.60236828E-4
-2.59839990E+3	-4.44741454E-4
-2.59211011E+3	-4.38600546E-4
-2.58625000E+3	-4.32607776E-4
-2.58055005E+3	-4.12294437E-4
-2.57466992E+3	-4.08981257E-4
-2.56762988E+3	-4.01199155E-4
-2.56278003E+3	-3.83805542E-4
-2.55563989E+3	-3.68860172E-4
-2.54846997E+3	-3.54770978E-4
-2.54368994E+3	-3.40933999E-4
-2.53760010E+3	-3.27922840E-4
-2.53163989E+3	-3.12643650E-4
-2.52481006E+3	-2.96809099E-4
-2.51880005E+3	-3.00075160E-4
-2.51284009E+3	-2.98653584E-4
-2.50722998E+3	-2.89079268E-4
-2.50016992E+3	-2.81964720E-4
-2.49451001E+3	-2.66161893E-4
-2.48855005E+3	-2.67125608E-4
-2.48231006E+3	-2.51615973E-4
-2.47634009E+3	-2.44753930E-4
-2.47042993E+3	-2.35018597E-4
-2.46331006E+3	-2.40952853E-4
-2.45744995E+3	-2.23061012E-4
-2.45171997E+3	-2.02285577E-4
-2.44506006E+3	-1.94139211E-4
-2.43933008E+3	-1.92103354E-4
-2.43333008E+3	-1.90473787E-4
-2.42746997E+3	-1.83567623E-4
-2.42096997E+3	-1.77495866E-4
-2.41515991E+3	-1.68119877E-4
-2.40918994E+3	-1.65732490E-4
-2.40155005E+3	-1.50089210E-4
-2.39584009E+3	-1.41390294E-4
-2.38994995E+3	-1.35955619E-4
-2.38392993E+3	-1.25177379E-4
-2.37793994E+3	-1.08914915E-4
-2.37202002E+3	-1.03175073E-4
-2.36600000E+3	-8.84127730E-5
-2.35897998E+3	-7.85798984E-5
-2.35195996E+3	-7.07142899E-5
-2.34702002E+3	-6.03488552E-5
-2.34132007E+3	-4.45815385E-5
-2.33533008E+3	-4.39472387E-5
-2.32808008E+3	-4.03400336E-5
-2.32285010E+3	-3.43204301E-5
-2.31621997E+3	-3.53826508E-5
-2.31004004E+3	-1.56396181E-5
-2.30419995E+3	1.20521247E-6
