# Mess-Beginn: 27.05.2019 14:47:46
# DTM-151	DTM-151
-3.45719995E+3	-1.27158617E-3
-3.45718994E+3	-1.28670002E-3
-3.45717993E+3	-1.29919499E-3
-3.45472998E+3	-1.29464909E-3
-3.44902002E+3	-1.28653971E-3
-3.44323999E+3	-1.28932088E-3
-3.43732007E+3	-1.30846561E-3
-3.43156006E+3	-1.33744278E-3
-3.42555005E+3	-1.36600400E-3
-3.41970996E+3	-1.41565455E-3
-3.41295996E+3	-1.46843051E-3
-3.40831006E+3	-1.51777070E-3
-3.40188989E+3	-1.57256646E-3
-3.39575000E+3	-1.64970837E-3
-3.38984009E+3	-1.73418212E-3
-3.38513989E+3	-1.83004665E-3
-3.37887012E+3	-1.92751305E-3
-3.37303003E+3	-2.02969718E-3
-3.36584009E+3	-2.14455626E-3
-3.36014990E+3	-2.26977118E-3
-3.35527002E+3	-2.40544556E-3
-3.34835010E+3	-2.54720589E-3
-3.34258008E+3	-2.70738709E-3
-3.33778003E+3	-2.89600017E-3
-3.33198999E+3	-3.09700891E-3
-3.32566992E+3	-3.31225223E-3
-3.31987988E+3	-3.55377328E-3
-3.31262988E+3	-3.80870211E-3
-3.30788989E+3	-4.09509847E-3
-3.30096997E+3	-4.41152044E-3
-3.29563989E+3	-4.75480407E-3
-3.28984009E+3	-5.14548412E-3
-3.28396997E+3	-5.59516763E-3
-3.27898999E+3	-6.08972926E-3
-3.27288989E+3	-6.64077839E-3
-3.26712012E+3	-7.25725945E-3
-3.25978003E+3	-7.90705532E-3
-3.25366992E+3	-8.60287249E-3
-3.24738989E+3	-9.29116178E-3
-3.24296997E+3	-9.97372996E-3
-3.23612988E+3	-1.06645841E-2
-3.23103003E+3	-1.13777900E-2
-3.22512988E+3	-1.21333404E-2
-3.21962988E+3	-1.29343029E-2
-3.21335010E+3	-1.37886927E-2
-3.20756006E+3	-1.46545703E-2
-3.20153003E+3	-1.54365292E-2
-3.19544995E+3	-1.59489326E-2
-3.18916992E+3	-1.59062259E-2
-3.18355005E+3	-1.48428082E-2
-3.17759009E+3	-1.22485738E-2
-3.17159009E+3	-7.77475908E-3
-3.16684009E+3	-1.49355119E-3
-3.15996997E+3	5.98643161E-3
-3.15517993E+3	1.37433913E-2
-3.14760010E+3	2.10209396E-2
-3.14287012E+3	2.73184758E-2
-3.13593994E+3	3.23888883E-2
-3.12995996E+3	3.60442996E-2
-3.12415991E+3	3.80127765E-2
-3.11840991E+3	3.79817039E-2
-3.11262988E+3	3.57733406E-2
-3.10779004E+3	3.16116959E-2
-3.10133008E+3	2.61991434E-2
-3.09458008E+3	2.05065627E-2
-3.08866992E+3	1.53087666E-2
-3.08287012E+3	1.10337473E-2
-3.07695996E+3	7.76121765E-3
-3.07094995E+3	5.37668122E-3
-3.06607007E+3	3.69811454E-3
-3.06026001E+3	2.54977960E-3
-3.05425000E+3	1.80207146E-3
-3.04855005E+3	1.33853732E-3
-3.04237988E+3	1.08480384E-3
-3.03692993E+3	1.00075337E-3
-3.02957007E+3	1.03012472E-3
-3.02388989E+3	1.14337320E-3
-3.01892993E+3	1.31570676E-3
-3.01207007E+3	1.52289774E-3
-3.00617993E+3	1.75488531E-3
-3.00039990E+3	2.00018706E-3
-2.99553003E+3	2.21718568E-3
-2.98813989E+3	2.40234192E-3
-2.98207007E+3	2.53528496E-3
-2.97620996E+3	2.60640518E-3
-2.97044995E+3	2.61605438E-3
-2.96448999E+3	2.54027243E-3
-2.95864990E+3	2.41214689E-3
-2.95268994E+3	2.23315484E-3
-2.94757007E+3	1.99907180E-3
-2.94164990E+3	1.72470161E-3
-2.93461011E+3	1.43942551E-3
-2.92857007E+3	1.14347623E-3
-2.92276001E+3	8.71460943E-4
-2.91803003E+3	6.13897806E-4
-2.91100000E+3	3.84417770E-4
-2.90615991E+3	1.99076356E-4
-2.89995996E+3	3.24203538E-5
-2.89382007E+3	-1.15116985E-4
-2.88791992E+3	-2.31260521E-4
-2.88206006E+3	-3.30344890E-4
-2.87650000E+3	-4.01722238E-4
-2.86958008E+3	-4.50802967E-4
-2.86387012E+3	-4.95437242E-4
-2.85782007E+3	-5.18230372E-4
-2.85264990E+3	-5.39091416E-4
-2.84650000E+3	-5.58887259E-4
-2.84053003E+3	-5.74885868E-4
-2.83472998E+3	-5.67852578E-4
-2.82881006E+3	-5.65711001E-4
-2.82407007E+3	-5.54449158E-4
-2.81830005E+3	-5.43317758E-4
-2.80991992E+3	-5.26286429E-4
-2.80494995E+3	-5.13916078E-4
-2.79892993E+3	-4.98976791E-4
-2.79306006E+3	-4.87837679E-4
-2.78741992E+3	-4.60908021E-4
-2.78131006E+3	-4.35934868E-4
-2.77645996E+3	-4.18233220E-4
-2.77015991E+3	-3.97076859E-4
-2.76313989E+3	-3.78326076E-4
-2.75731006E+3	-3.60202510E-4
-2.75222998E+3	-3.52666888E-4
-2.74642993E+3	-3.41513805E-4
-2.73943994E+3	-3.30478215E-4
-2.73459009E+3	-3.13480356E-4
-2.72854004E+3	-2.94255326E-4
-2.72256006E+3	-2.80588225E-4
-2.71651001E+3	-2.71537720E-4
-2.71041992E+3	-2.50016165E-4
-2.70425000E+3	-2.33497907E-4
-2.69813989E+3	-2.23204275E-4
-2.69223999E+3	-1.98253139E-4
-2.68620996E+3	-1.77680675E-4
-2.68139990E+3	-1.62724129E-4
-2.67562988E+3	-1.43041412E-4
-2.66969995E+3	-1.42528210E-4
