# Mess-Beginn: 27.05.2019 13:58:07
# DTM-151	DTM-151
-4.06741992E+3	9.53564013E-4
-4.06741992E+3	9.48930974E-4
-4.06741992E+3	9.48411121E-4
-4.06740991E+3	9.47588473E-4
-4.06740991E+3	9.42142389E-4
-4.06740991E+3	9.46150161E-4
-4.06740991E+3	9.50819056E-4
-4.06365991E+3	9.53061564E-4
-4.05798999E+3	9.56020376E-4
-4.05314990E+3	9.55077936E-4
-4.04710010E+3	9.54062969E-4
-4.04127002E+3	9.60894453E-4
-4.03525000E+3	9.65070678E-4
-4.02930005E+3	9.65160027E-4
-4.02341992E+3	9.74333554E-4
-4.01850000E+3	9.73471790E-4
-4.01216992E+3	9.72178765E-4
-4.00751001E+3	9.70538065E-4
-4.00066992E+3	9.71638190E-4
-3.99507007E+3	9.73659218E-4
-3.98825000E+3	9.72395996E-4
-3.98202002E+3	9.69992951E-4
-3.97728003E+3	9.65794607E-4
-3.97040991E+3	9.67636763E-4
-3.96573999E+3	9.60990321E-4
-3.96004004E+3	9.56963864E-4
-3.95330005E+3	9.55190160E-4
-3.94806006E+3	9.50646470E-4
-3.94212012E+3	9.51581227E-4
-3.93618994E+3	9.46920831E-4
-3.92944995E+3	9.47491848E-4
-3.92452002E+3	9.44164814E-4
-3.91778003E+3	9.46204702E-4
-3.91191992E+3	9.42076207E-4
-3.90677002E+3	8.71714019E-6
-3.90086011E+3	-1.77244729E-4
-3.89526001E+3	-2.84439564E-4
-3.88991992E+3	-3.87299107E-4
-3.88241992E+3	-5.05676027E-4
-3.87727002E+3	-6.10945805E-4
-3.87207007E+3	-7.26188475E-4
-3.86530005E+3	-8.48337251E-4
-3.86047998E+3	-9.62196558E-4
-3.85346997E+3	-1.08051568E-3
-3.84770996E+3	-2.60826782E-4
-3.84197998E+3	-1.91405619E-4
-3.83590991E+3	-2.04057185E-4
-3.82982007E+3	-2.23590454E-4
-3.82390991E+3	-2.26741977E-4
-3.81788989E+3	-2.34887440E-4
-3.81278003E+3	-2.40784750E-4
-3.80659009E+3	-2.41475471E-4
-3.80069995E+3	-2.56081781E-4
-3.79568994E+3	-2.71035067E-4
-3.78873999E+3	-2.81216111E-4
-3.78409009E+3	-2.84973765E-4
-3.77667993E+3	-2.85090617E-4
-3.77081006E+3	-2.74805177E-4
-3.76468994E+3	-2.72185134E-4
-3.75976001E+3	-2.83935777E-4
-3.75348999E+3	-2.84150126E-4
-3.74771997E+3	-2.82780442E-4
-3.74201001E+3	-2.76375329E-4
-3.73618994E+3	-2.59303750E-4
-3.73004004E+3	-2.62514135E-4
-3.72413989E+3	-2.61912064E-4
-3.71802002E+3	-2.58069631E-4
-3.71212012E+3	-2.69515789E-4
-3.70630005E+3	-2.79953907E-4
-3.70042993E+3	-2.79421802E-4
-3.69451001E+3	-2.84649548E-4
-3.68946997E+3	-2.83831905E-4
-3.68378003E+3	-2.92788754E-4
-3.67780005E+3	-2.98209285E-4
-3.67089990E+3	-2.90070369E-4
-3.66471997E+3	-2.96612532E-4
-3.65891992E+3	-3.10484960E-4
-3.65302002E+3	-3.20532621E-4
-3.64730005E+3	-3.22560605E-4
-3.64150000E+3	-3.27841524E-4
-3.63564990E+3	-3.32470197E-4
-3.62978003E+3	-3.38667247E-4
-3.62387012E+3	-3.45873385E-4
-3.61766992E+3	-3.62414838E-4
-3.61233008E+3	-3.75627598E-4
-3.60644995E+3	-3.82493687E-4
-3.60023999E+3	-3.85957246E-4
-3.59436011E+3	-3.82353464E-4
-3.58856006E+3	-3.89734691E-4
-3.58267993E+3	-4.03947924E-4
-3.57768994E+3	-4.10029199E-4
-3.57143994E+3	-4.20309603E-4
-3.56473999E+3	-4.24867903E-4
-3.55915991E+3	-4.34967049E-4
-3.55272998E+3	-4.38862276E-4
-3.54685010E+3	-4.60407056E-4
-3.54119995E+3	-4.73020686E-4
-3.53513989E+3	-4.94972919E-4
-3.53029004E+3	-5.05672651E-4
-3.52440991E+3	-5.18236135E-4
-3.51817993E+3	-5.35126543E-4
-3.51329004E+3	-5.52933896E-4
-3.50654004E+3	-5.70993463E-4
-3.49962012E+3	-5.85326052E-4
-3.49350000E+3	-6.07262366E-4
-3.48780005E+3	-6.12746342E-4
-3.48181006E+3	-6.25649060E-4
-3.47702002E+3	-6.37963880E-4
-3.47078003E+3	-6.61413127E-4
-3.46519995E+3	-6.74122595E-4
-3.45901001E+3	-6.86304527E-4
-3.45238989E+3	-7.07165513E-4
-3.44664990E+3	-7.14286172E-4
-3.44087012E+3	-7.31653476E-4
-3.43487988E+3	-7.47483457E-4
-3.42921997E+3	-7.71926250E-4
-3.42338989E+3	-8.02399882E-4
-3.41828003E+3	-8.26363277E-4
-3.41125000E+3	-8.56977073E-4
-3.40612988E+3	-8.81993619E-4
-3.39919995E+3	-9.17470665E-4
-3.39345996E+3	-9.44570173E-4
-3.38769995E+3	-9.93148424E-4
-3.38195996E+3	-1.03249820E-3
-3.37579004E+3	-1.07706350E-3
-3.37078003E+3	-1.12143939E-3
-3.36489990E+3	-1.16593426E-3
-3.35872998E+3	-1.21586898E-3
-3.35273999E+3	-1.26342068E-3
-3.34666992E+3	-1.32065383E-3
-3.34128003E+3	-1.39310188E-3
-3.33548999E+3	-1.46775460E-3
-3.32842993E+3	-1.54836220E-3
-3.32230005E+3	-1.63524819E-3
-3.31656006E+3	-1.73266954E-3
-3.31159009E+3	-1.83019554E-3
-3.30607007E+3	-1.94045727E-3
-3.29983008E+3	-2.06858362E-3
-3.29411011E+3	-2.20070896E-3
-3.28698999E+3	-2.34445184E-3
-3.28107007E+3	-2.48823687E-3
-3.27512012E+3	-2.65796203E-3
-3.27004004E+3	-2.83940579E-3
-3.26404004E+3	-3.03030713E-3
-3.25773999E+3	-3.20917345E-3
-3.25306006E+3	-3.35962838E-3
-3.24695996E+3	-3.43832560E-3
-3.24115991E+3	-3.44965328E-3
-3.23513989E+3	-3.39147472E-3
-3.22788989E+3	-3.28943739E-3
-3.22184009E+3	-3.14653665E-3
-3.21667993E+3	-2.95676035E-3
-3.21081006E+3	-2.74749170E-3
-3.20508008E+3	-2.52493634E-3
-3.19976001E+3	-2.30166153E-3
-3.19356006E+3	-2.10466213E-3
-3.18756006E+3	-1.97694078E-3
-3.18054004E+3	-1.89458323E-3
-3.17493994E+3	-1.89161499E-3
-3.16912012E+3	-1.93130539E-3
-3.16412012E+3	-1.99719099E-3
-3.15766992E+3	-2.09470349E-3
-3.15188989E+3	-2.20212340E-3
-3.14579004E+3	-2.30760826E-3
-3.13978003E+3	-2.43071420E-3
-3.13459009E+3	-2.54917005E-3
-3.12921997E+3	-2.65581743E-3
-3.12318994E+3	-2.75785848E-3
-3.11592993E+3	-2.84139579E-3
-3.10997998E+3	-2.89143599E-3
-3.10506006E+3	-2.91917473E-3
-3.09806006E+3	-2.90459651E-3
-3.09332007E+3	-2.82227458E-3
-3.08743994E+3	-2.68162088E-3
-3.08123999E+3	-2.44270312E-3
-3.07481006E+3	-2.10428028E-3
-3.06998999E+3	-1.63736427E-3
-3.06212988E+3	-1.03141915E-3
-3.05670996E+3	-2.68301606E-4
-3.05143994E+3	6.66153035E-4
-3.04533008E+3	1.76157965E-3
-3.03957007E+3	3.02335620E-3
-3.03359009E+3	4.42325184E-3
-3.02877002E+3	5.92571683E-3
-3.02159009E+3	7.46798562E-3
-3.01657007E+3	8.99788737E-3
-3.00948999E+3	1.04454141E-2
-3.00362988E+3	1.17460890E-2
-2.99759009E+3	1.28504289E-2
-2.99172998E+3	1.36797382E-2
-2.98596997E+3	1.42282480E-2
-2.98020996E+3	1.44612435E-2
-2.97432007E+3	1.43740484E-2
-2.96837988E+3	1.39931105E-2
-2.96198999E+3	1.33720133E-2
-2.95607007E+3	1.25350663E-2
-2.95082007E+3	1.15530239E-2
-2.94493994E+3	1.04816360E-2
-2.93912012E+3	9.35934018E-3
-2.93322998E+3	8.25466402E-3
-2.92711011E+3	7.17967050E-3
-2.92112012E+3	6.17478183E-3
-2.91635010E+3	5.26383892E-3
-2.91015991E+3	4.44124313E-3
-2.90267993E+3	3.71740875E-3
-2.89790991E+3	3.09199397E-3
-2.89097998E+3	2.53665354E-3
-2.88628003E+3	2.06084014E-3
-2.88029004E+3	1.65778736E-3
-2.87416992E+3	1.32069550E-3
-2.86828003E+3	1.03539834E-3
-2.86211011E+3	7.93567509E-4
-2.85513989E+3	5.87959541E-4
-2.85034009E+3	4.23473102E-4
-2.84404004E+3	2.71813769E-4
-2.83816992E+3	1.47664250E-4
-2.83214990E+3	4.89766826E-5
-2.82626001E+3	-3.66984896E-5
-2.82054004E+3	-1.01755555E-4
-2.81577002E+3	-1.67557606E-4
-2.80889990E+3	-2.18923728E-4
-2.80180005E+3	-2.44407653E-4
-2.79611011E+3	-2.78790831E-4
-2.79037012E+3	-3.05250200E-4
-2.78450000E+3	-3.19442741E-4
-2.77970996E+3	-3.32516007E-4
-2.77312012E+3	-3.35300836E-4
-2.76713989E+3	-3.37737962E-4
-2.76223999E+3	-3.46068322E-4
-2.75636011E+3	-3.43170308E-4
-2.75021997E+3	-3.32289230E-4
-2.74315991E+3	-3.41152801E-4
-2.73726001E+3	-3.35210148E-4
-2.73134009E+3	-3.21766653E-4
-2.72597998E+3	-3.17451224E-4
-2.71985010E+3	-3.09266004E-4
-2.71373999E+3	-3.05256806E-4
-2.70842993E+3	-2.94616650E-4
-2.70233008E+3	-2.82507594E-4
-2.69521997E+3	-2.74416001E-4
-2.68990991E+3	-2.63944385E-4
-2.68380005E+3	-2.47163785E-4
-2.67789990E+3	-2.33032566E-4
-2.67309009E+3	-2.30670455E-4
-2.66604004E+3	-2.18998306E-4
-2.66127002E+3	-2.08727812E-4
-2.65466992E+3	-1.88988110E-4
-2.64980005E+3	-1.86194244E-4
-2.64270996E+3	-1.71985259E-4
-2.63686011E+3	-1.69983337E-4
-2.63115991E+3	-1.71390027E-4
-2.62504004E+3	-1.72182539E-4
-2.61862988E+3	-1.63780671E-4
-2.61255005E+3	-1.50574240E-4
-2.60677002E+3	-1.41718076E-4
-2.60093994E+3	-1.40637581E-4
-2.59544995E+3	-1.40412652E-4
-2.58859009E+3	-1.29695880E-4
-2.58219995E+3	-1.13589282E-4
-2.57723999E+3	-8.38973647E-5
-2.57025000E+3	-6.71729795E-5
-2.56439990E+3	-5.25901705E-5
-2.55780005E+3	-5.18797460E-5
-2.55186011E+3	-4.06679756E-5
-2.54611011E+3	-2.59218923E-5
-2.54010010E+3	-9.38378071E-6
-2.53308008E+3	2.22325252E-6
-2.52728003E+3	7.19954824E-6
-2.52132007E+3	5.32008971E-6
-2.51528003E+3	6.07085269E-7
-2.50982007E+3	1.20822574E-6
-2.50265991E+3	4.44825355E-6
-2.49692993E+3	1.41751061E-5
-2.49096997E+3	1.58263811E-5
-2.48500000E+3	6.56782549E-6
-2.47872998E+3	1.76674585E-5
