# Mess-Beginn: 27.05.2019 14:01:21
# DTM-151	DTM-151
-3.98187012E+3	1.05068139E-5
-3.98187012E+3	-5.20571234E-7
-3.98186011E+3	-4.11041810E-6
-3.98185010E+3	-8.23894879E-6
-3.97721997E+3	-1.02564982E-5
-3.97110010E+3	-8.07264496E-6
-3.96532007E+3	-6.88478985E-6
-3.96083008E+3	-1.45658005E-5
-3.95464990E+3	-2.14460451E-5
-3.94893994E+3	-2.95938844E-5
-3.94329004E+3	-2.85176029E-5
-3.93742993E+3	-3.31675619E-5
-3.93139990E+3	-3.44681757E-5
-3.92670996E+3	-3.50188420E-5
-3.92004004E+3	-4.38540301E-5
-3.91410010E+3	-4.73335567E-5
-3.90710010E+3	-5.29015088E-5
-3.90152002E+3	-5.47099189E-5
-3.89571997E+3	-4.62080352E-5
-3.89011011E+3	-4.02705591E-5
-3.88439990E+3	-4.66998463E-5
-3.87866992E+3	-3.59025435E-5
-3.87278003E+3	-3.33817843E-5
-3.86693994E+3	-3.77531833E-5
-3.86193994E+3	-2.58729397E-5
-3.85437988E+3	-2.67185660E-5
-3.84857007E+3	-1.93457654E-5
-3.84288989E+3	-1.89981802E-5
-3.83697998E+3	-2.48495089E-5
-3.83101001E+3	-2.59496064E-5
-3.82587988E+3	-2.31485919E-5
-3.82012012E+3	-2.62026660E-5
-3.81453003E+3	-2.33346454E-5
-3.80838989E+3	-1.67557646E-5
-3.80143994E+3	-2.79666692E-5
-3.79663989E+3	-2.53268699E-5
-3.78990991E+3	-3.32752061E-5
-3.78409009E+3	-3.04337045E-5
-3.77835010E+3	-2.83403642E-5
-3.77251001E+3	-2.95877580E-5
-3.76662012E+3	-3.01581640E-5
-3.76143994E+3	-3.52268362E-5
-3.75596997E+3	-4.25310609E-5
-3.74862988E+3	-5.13324376E-5
-3.74287012E+3	-4.42875280E-5
-3.73714990E+3	-4.86959834E-5
-3.73126001E+3	-5.20559552E-5
-3.72551001E+3	-5.88621369E-5
-3.71966992E+3	-6.31936855E-5
-3.71397998E+3	-6.46826375E-5
-3.70794995E+3	-6.29246497E-5
-3.70223999E+3	-6.34877797E-5
-3.69646997E+3	-6.05730856E-5
-3.69037012E+3	-6.02855471E-5
-3.68448999E+3	-7.21685647E-5
-3.67862012E+3	-8.24058443E-5
-3.67266992E+3	-7.61275223E-5
-3.66660010E+3	-7.93176150E-5
-3.66077002E+3	-8.26901305E-5
-3.65494995E+3	-8.22189322E-5
-3.64937988E+3	-9.11404786E-5
-3.64339990E+3	-9.81586782E-5
-3.63755005E+3	-1.05061365E-4
-3.63125000E+3	-1.05808103E-4
-3.62525000E+3	-1.04743958E-4
-3.61934009E+3	-9.90429544E-5
-3.61346997E+3	-1.09505854E-4
-3.60745996E+3	-1.14215858E-4
-3.60151001E+3	-1.14207061E-4
-3.59681006E+3	-1.22066303E-4
-3.59001001E+3	-1.21974197E-4
-3.58417993E+3	-1.17255768E-4
-3.57800000E+3	-1.15507217E-4
-3.57216992E+3	-1.23330508E-4
-3.56632007E+3	-1.36352639E-4
-3.56046997E+3	-1.45398226E-4
-3.55456006E+3	-1.48829640E-4
-3.54870996E+3	-1.47426443E-4
-3.54271997E+3	-1.59887684E-4
-3.53668994E+3	-1.76299742E-4
-3.53007007E+3	-1.91985484E-4
-3.52487988E+3	-2.11322025E-4
-3.51907007E+3	-2.28444274E-4
-3.51394995E+3	-2.48197699E-4
-3.50717993E+3	-2.54687096E-4
-3.50240991E+3	-2.72164529E-4
-3.49520996E+3	-2.86138529E-4
-3.49046997E+3	-3.05070833E-4
-3.48428003E+3	-3.09474388E-4
-3.47725000E+3	-3.13499797E-4
-3.47123999E+3	-3.30640789E-4
-3.46542993E+3	-3.37937003E-4
-3.45980005E+3	-3.54555727E-4
-3.45485010E+3	-3.57921730E-4
-3.44843994E+3	-3.76695360E-4
-3.44264990E+3	-3.91075766E-4
-3.43682007E+3	-4.16779134E-4
-3.43217993E+3	-4.37762996E-4
-3.42532007E+3	-4.69574647E-4
-3.41836011E+3	-4.90031962E-4
-3.41262988E+3	-4.99848917E-4
-3.40691992E+3	-5.19824622E-4
-3.40097998E+3	-5.33601036E-4
-3.39488989E+3	-5.62175526E-4
-3.38976001E+3	-5.97831619E-4
-3.38396997E+3	-6.14446471E-4
-3.37828003E+3	-6.43211592E-4
-3.37204004E+3	-6.76023716E-4
-3.36596997E+3	-7.08729087E-4
-3.35992993E+3	-7.46284379E-4
-3.35395996E+3	-8.05840187E-4
-3.34788989E+3	-8.60361848E-4
-3.34212988E+3	-9.21514817E-4
-3.33622998E+3	-9.91151319E-4
-3.33052002E+3	-1.04607583E-3
-3.32478003E+3	-1.13152235E-3
-3.31886011E+3	-1.20536680E-3
-3.31321997E+3	-1.29774550E-3
-3.30721997E+3	-1.38443208E-3
-3.30096997E+3	-1.48844777E-3
-3.29515991E+3	-1.58818869E-3
-3.28936011E+3	-1.70904223E-3
-3.28371997E+3	-1.83448382E-3
-3.27789990E+3	-1.96963619E-3
-3.27157007E+3	-2.12371489E-3
-3.26580005E+3	-2.28842837E-3
-3.25861011E+3	-2.44660722E-3
-3.25339990E+3	-2.57427269E-3
-3.24741992E+3	-2.67531304E-3
-3.24158008E+3	-2.71197036E-3
-3.23569995E+3	-2.68996716E-3
-3.23071997E+3	-2.62248795E-3
-3.22385010E+3	-2.51015672E-3
-3.21866992E+3	-2.35168310E-3
-3.21287012E+3	-2.18143570E-3
-3.20737012E+3	-1.98530126E-3
-3.20162988E+3	-1.79415487E-3
-3.19476001E+3	-1.61374582E-3
-3.18906006E+3	-1.47491775E-3
-3.18312012E+3	-1.38500053E-3
-3.17757007E+3	-1.34614075E-3
-3.17083008E+3	-1.35074847E-3
-3.16505005E+3	-1.40128215E-3
-3.15922998E+3	-1.47870590E-3
-3.15337012E+3	-1.55704585E-3
-3.14698999E+3	-1.64679473E-3
-3.14111011E+3	-1.74834533E-3
-3.13514990E+3	-1.85630447E-3
-3.13018994E+3	-1.96010573E-3
-3.12339990E+3	-2.07412848E-3
-3.11757007E+3	-2.18066573E-3
-3.11161011E+3	-2.27411184E-3
-3.10677002E+3	-2.34904001E-3
-3.10096997E+3	-2.41199019E-3
-3.09354004E+3	-2.45473883E-3
-3.08735010E+3	-2.46564578E-3
-3.08171997E+3	-2.42502964E-3
-3.07593994E+3	-2.32863543E-3
-3.07055005E+3	-2.16169050E-3
-3.06451001E+3	-1.91401062E-3
-3.05963989E+3	-1.56037486E-3
-3.05376001E+3	-1.08896114E-3
-3.04755005E+3	-4.85896220E-4
-3.04171997E+3	2.67745287E-4
-3.03476001E+3	1.17104780E-3
-3.02903003E+3	2.21966510E-3
-3.02302002E+3	3.39311920E-3
-3.01737012E+3	4.65931371E-3
-3.01130005E+3	5.98277850E-3
-3.00541992E+3	7.30686495E-3
-2.99973999E+3	8.56888667E-3
-2.99408008E+3	9.72429756E-3
-2.98827002E+3	1.07080629E-2
-2.98131006E+3	1.14739593E-2
-2.97518994E+3	1.19804051E-2
-2.97042993E+3	1.22168791E-2
-2.96531006E+3	1.21818772E-2
-2.95867993E+3	1.18968813E-2
-2.95312012E+3	1.13943275E-2
-2.94714990E+3	1.07181231E-2
-2.94088989E+3	9.91504546E-3
-2.93503003E+3	9.02269874E-3
-2.92901001E+3	8.10488965E-3
-2.92309009E+3	7.18180090E-3
-2.91687012E+3	6.31840387E-3
-2.91108008E+3	5.50580956E-3
-2.90523999E+3	4.76974528E-3
-2.89881006E+3	4.10232833E-3
-2.89331006E+3	3.51225818E-3
-2.88836011E+3	2.99736951E-3
-2.88134009E+3	2.54791696E-3
-2.87450000E+3	2.16566073E-3
-2.86972998E+3	1.83256739E-3
-2.86377002E+3	1.54800864E-3
-2.85769995E+3	1.29698741E-3
-2.85183008E+3	1.08327891E-3
-2.84595996E+3	8.97363119E-4
-2.83979004E+3	7.47060520E-4
-2.83396997E+3	6.19362399E-4
-2.82773999E+3	5.15445077E-4
-2.82115991E+3	4.25125880E-4
-2.81603003E+3	3.37703212E-4
-2.81001001E+3	2.67128693E-4
-2.80401001E+3	2.19262700E-4
-2.79878003E+3	1.57393544E-4
-2.79269995E+3	1.11065812E-4
-2.78683008E+3	7.83792057E-5
-2.78098999E+3	4.65506600E-5
-2.77490991E+3	2.26551474E-5
-2.76904004E+3	3.49410044E-7
-2.76334009E+3	-1.08648601E-5
-2.75644995E+3	-1.01398709E-5
-2.75162012E+3	-2.24259147E-5
-2.74515991E+3	-3.23388776E-5
-2.73901001E+3	-2.86950326E-5
-2.73308008E+3	-1.97700338E-5
-2.72785010E+3	-1.77542788E-5
-2.72120996E+3	-1.18473990E-5
-2.71525000E+3	-5.99751684E-6
-2.70955005E+3	-5.70654220E-6
-2.70327002E+3	-7.05104003E-6
-2.69760010E+3	-7.83923497E-6
-2.69162988E+3	3.19721084E-6
-2.68587988E+3	6.65397374E-6
-2.68008008E+3	1.71517986E-5
-2.67412012E+3	2.04588359E-5
-2.66853003E+3	3.39816688E-5
-2.66144995E+3	4.44283069E-5
-2.65657007E+3	4.31646004E-5
-2.64961011E+3	6.00470958E-5
-2.64384009E+3	6.86560015E-5
-2.63801001E+3	7.38447852E-5
-2.63183008E+3	7.05570783E-5
-2.62622998E+3	8.41805449E-5
-2.62027002E+3	8.73519675E-5
-2.61434009E+3	9.02325919E-5
-2.60845996E+3	9.05118432E-5
-2.60270996E+3	9.99168769E-5
-2.59692993E+3	1.08485707E-4
-2.58982007E+3	1.17182783E-4
-2.58388989E+3	1.24906393E-4
-2.57896997E+3	1.32409390E-4
-2.57262988E+3	1.53308298E-4
-2.56630005E+3	1.57678616E-4
-2.56011011E+3	1.64143697E-4
-2.55304004E+3	1.69698571E-4
-2.54706006E+3	1.72583415E-4
-2.54110010E+3	1.69046820E-4
-2.53532007E+3	1.77627750E-4
-2.52973999E+3	1.73843553E-4
-2.52290991E+3	1.79330498E-4
-2.51705005E+3	1.87426849E-4
-2.51101001E+3	1.84314282E-4
-2.50494995E+3	1.83639364E-4
-2.49778003E+3	1.95108791E-4
-2.49391992E+3	2.03408679E-4
-2.48682007E+3	2.11721563E-4
-2.47976001E+3	2.21685696E-4
-2.47380005E+3	2.21763228E-4
-2.46772998E+3	2.26321004E-4
-2.46182007E+3	2.33595172E-4
-2.45592993E+3	2.41206668E-4
-2.45007007E+3	2.43338902E-4
-2.44294995E+3	2.43510105E-4
-2.43697998E+3	2.47497053E-4
-2.43104004E+3	2.46541691E-4
-2.42533008E+3	2.51744816E-4
-2.41837012E+3	2.51180027E-4
-2.41276001E+3	2.63320457E-4
-2.40645996E+3	2.70214456E-4
-2.40046997E+3	2.69508659E-4
-2.39432007E+3	2.66023999E-4
-2.38825000E+3	2.77490995E-4
-2.38119995E+3	2.95233593E-4
-2.37632007E+3	2.95018428E-4
-2.36918994E+3	3.06770031E-4
-2.36319995E+3	3.10553849E-4
-2.35702002E+3	3.24405992E-4
-2.35120996E+3	3.23306449E-4
-2.34635010E+3	3.26012901E-4
-2.33930005E+3	3.36800469E-4
-2.33244995E+3	3.43871681E-4
-2.32668994E+3	3.41979205E-4
-2.32073999E+3	3.44458327E-4
-2.31477002E+3	3.46544781E-4
-2.30775000E+3	3.47971072E-4
-2.30187988E+3	3.50863411E-4
-2.29575000E+3	3.45856184E-4
-2.28981006E+3	3.45135952E-4
-2.28388989E+3	3.51226510E-4
-2.27786011E+3	3.51985480E-4
-2.27055005E+3	3.56111414E-4
-2.26467993E+3	3.62581253E-4
-2.25798999E+3	3.59937549E-4
-2.25312012E+3	3.62920633E-4
-2.24676001E+3	3.65060230E-4
-2.24012012E+3	3.69418733E-4
-2.23437988E+3	3.71054222E-4
-2.22833008E+3	3.77830554E-4
-2.22247998E+3	3.77114600E-4
-2.21633008E+3	3.70744325E-4
-2.21032007E+3	3.71799368E-4
-2.20355005E+3	3.65893560E-4
-2.19664990E+3	3.66337830E-4
-2.19175000E+3	3.70481866E-4
-2.18577002E+3	3.74351162E-4
-2.17966992E+3	3.77718010E-4
-2.17268994E+3	3.85479041E-4
-2.16665991E+3	3.87137086E-4
-2.16042993E+3	3.89894878E-4
-2.15458008E+3	4.00619407E-4
-2.14748999E+3	4.00832010E-4
-2.14154004E+3	4.08154912E-4
-2.13545996E+3	4.14716284E-4
-2.12939990E+3	4.13351692E-4
-2.12332007E+3	4.11243178E-4
-2.11738989E+3	4.15093207E-4
-2.11131006E+3	4.09485248E-4
-2.10554004E+3	4.16224095E-4
-2.09988989E+3	4.21148055E-4
-2.09300000E+3	4.25489328E-4
-2.08602002E+3	4.30518499E-4
-2.08025000E+3	4.28356143E-4
-2.07457007E+3	4.26476181E-4
-2.06823999E+3	4.37101349E-4
-2.06261011E+3	4.49278217E-4
-2.05572998E+3	4.54022142E-4
-2.04989990E+3	4.62465250E-4
-2.04400000E+3	4.53896879E-4
-2.03737000E+3	4.53564920E-4
-2.03087000E+3	4.54221707E-4
-2.02843994E+3	4.59273229E-4
-2.02840002E+3	4.66691097E-4
-2.02835999E+3	4.67677804E-4
-2.02834998E+3	4.65733494E-4
-2.02833997E+3	4.63819044E-4
-2.02832996E+3	4.53483342E-4
-2.02831995E+3	4.51564323E-4
-2.02831995E+3	4.61729942E-4
-2.02831995E+3	4.58989089E-4
-2.02831995E+3	4.59118339E-4
-2.02831995E+3	4.55192145E-4
-2.02831995E+3	4.52250475E-4
-2.02831995E+3	4.51131025E-4
-2.02831995E+3	4.56003327E-4
-2.02831995E+3	4.56680777E-4
-2.02831006E+3	4.60736570E-4
-2.02831006E+3	4.64784447E-4
-2.02831006E+3	4.58734663E-4
-2.02831006E+3	4.63086530E-4
-2.02831006E+3	4.61885327E-4
-2.02831006E+3	4.58789640E-4
-2.02831006E+3	4.65999387E-4
-2.02831006E+3	4.72861982E-4
-2.02831006E+3	4.70168219E-4
-2.02831995E+3	4.68834041E-4
-2.02831995E+3	4.65715799E-4
-2.02831995E+3	4.59637318E-4
-2.02831995E+3	4.53236775E-4
-2.02831006E+3	4.48894803E-4
-2.02831006E+3	4.47229977E-4
-2.02831006E+3	4.54410736E-4
-2.02831006E+3	4.45532933E-4
-2.02831006E+3	4.50572959E-4
-2.02830005E+3	4.47457627E-4
-2.02831006E+3	4.47700062E-4
-2.02830005E+3	4.45908692E-4
-2.02830005E+3	4.37333481E-4
-2.02830005E+3	4.50157619E-4
-2.02830005E+3	4.54311725E-4
-2.02830005E+3	4.52863169E-4
-2.02830005E+3	4.43269440E-4
-2.02830005E+3	4.51700558E-4
-2.02829004E+3	4.39346535E-4
-2.02829004E+3	4.41909127E-4
-2.02829004E+3	4.39978408E-4
-2.02830005E+3	4.49630170E-4
-2.02830005E+3	4.65587509E-4
-2.02830005E+3	4.59169823E-4
-2.02830005E+3	4.65732708E-4
-2.02830005E+3	4.61070362E-4
-2.02829004E+3	4.73109016E-4
-2.02830005E+3	4.76744113E-4
-2.02829004E+3	4.79036011E-4
-2.02830005E+3	4.79660317E-4
-2.02830005E+3	4.82047297E-4
-2.02829004E+3	4.79224196E-4
-2.02830005E+3	4.73196415E-4
-2.02830005E+3	4.78301023E-4
-2.02830005E+3	4.73341672E-4
-2.02830005E+3	4.82451112E-4
-2.02829004E+3	4.80926683E-4
-2.02829004E+3	4.79565497E-4
-2.02829004E+3	4.83456912E-4
-2.02829004E+3	4.87242767E-4
-2.02829004E+3	4.87652869E-4
-2.02829004E+3	4.90702689E-4
-2.02828003E+3	4.94799402E-4
-2.02828003E+3	4.92637337E-4
-2.02828003E+3	4.86140139E-4
-2.02829004E+3	4.79606650E-4
-2.02828003E+3	4.78957780E-4
-2.02829004E+3	4.83585638E-4
-2.02829004E+3	4.80468414E-4
-2.02828003E+3	4.76044865E-4
-2.02828003E+3	4.77196445E-4
-2.02827002E+3	4.72919812E-4
-2.02827002E+3	4.74548258E-4
-2.02827002E+3	4.76814021E-4
-2.02827002E+3	4.77861817E-4
-2.02827002E+3	4.88257239E-4
-2.02828003E+3	4.85205004E-4
-2.02828003E+3	4.77370457E-4
-2.02828003E+3	4.77686612E-4
-2.02828003E+3	4.79499606E-4
-2.02828003E+3	4.78567526E-4
-2.02827002E+3	4.76124784E-4
-2.02827002E+3	4.74272267E-4
-2.02827002E+3	4.73786495E-4
-2.02827002E+3	4.84402437E-4
-2.02826001E+3	4.76939487E-4
-2.02826001E+3	4.82544507E-4
-2.02826001E+3	4.88174759E-4
-2.02826001E+3	4.95786546E-4
-2.02826001E+3	5.02607611E-4
-2.02826001E+3	5.00531751E-4
-2.02826001E+3	5.07493620E-4
-2.02825000E+3	5.05076721E-4
-2.02825000E+3	4.99806076E-4
-2.02825000E+3	4.95237997E-4
-2.02825000E+3	5.00406604E-4
-2.02823999E+3	4.98941692E-4
-2.02823999E+3	4.92428138E-4
-2.02825000E+3	4.87858459E-4
-2.02825000E+3	4.84307675E-4
-2.02823999E+3	4.86025994E-4
-2.02823999E+3	4.80482413E-4
-2.02825000E+3	4.80911462E-4
-2.02825000E+3	4.85137891E-4
-2.02825000E+3	4.76572342E-4
-2.02825000E+3	4.78127709E-4
-2.02823999E+3	4.74396162E-4
-2.02825000E+3	4.78670059E-4
-2.02825000E+3	4.76704910E-4
-2.02823999E+3	4.73678985E-4
-2.02823999E+3	4.76154382E-4
-2.02823999E+3	4.77537571E-4
-2.02823999E+3	4.74273431E-4
-2.02823999E+3	4.75013891E-4
-2.02822998E+3	4.82071831E-4
-2.02822998E+3	4.73996071E-4
-2.02822998E+3	4.70019470E-4
-2.02822998E+3	4.69293096E-4
-2.02822998E+3	4.66598925E-4
-2.02822998E+3	4.61757038E-4
-2.02823999E+3	4.58017603E-4
-2.02823999E+3	4.55884903E-4
-2.02823999E+3	4.54286288E-4
-2.02823999E+3	4.52059699E-4
-2.02822998E+3	4.44908103E-4
-2.02822998E+3	4.46138176E-4
-2.02821997E+3	4.55391390E-4
-2.02821997E+3	4.46956925E-4
-2.02821997E+3	4.51261614E-4
-2.02822998E+3	4.55834117E-4
-2.02822998E+3	4.57619375E-4
-2.02822998E+3	4.61627118E-4
-2.02821997E+3	4.71483567E-4
-2.02821997E+3	4.67557926E-4
-2.02821997E+3	4.73021879E-4
-2.02821997E+3	4.76655347E-4
-2.02821997E+3	4.76338115E-4
-2.02821997E+3	4.84459888E-4
-2.02821997E+3	4.83742711E-4
-2.02821997E+3	4.83787881E-4
-2.02821997E+3	4.79667709E-4
-2.02822998E+3	4.81065566E-4
-2.02822998E+3	4.80697519E-4
-2.02822998E+3	4.89489525E-4
