# Mess-Beginn: 27.05.2019 14:08:53
# DTM-151	DTM-151
-4.06692993E+3	6.64561929E-4
-4.06689990E+3	5.59777312E-4
-4.06687012E+3	4.49273211E-4
-4.06404004E+3	3.38438549E-4
-4.05908008E+3	2.14836371E-4
-4.05333008E+3	1.00767378E-4
-4.04851001E+3	-2.62857538E-5
-4.04391992E+3	-1.51040353E-4
-4.03757007E+3	-1.61922115E-4
-4.03183008E+3	-1.75343623E-4
-4.02690991E+3	-1.93962929E-4
-4.02104004E+3	-2.19759269E-4
-4.01522998E+3	-2.28983525E-4
-4.00931006E+3	-2.33242943E-4
-4.00443994E+3	-2.26585616E-4
-3.99834009E+3	-2.29411176E-4
-3.99228003E+3	-2.20680377E-4
-3.98632007E+3	-2.30752092E-4
-3.98179004E+3	-2.38378852E-4
-3.97415991E+3	-2.40598019E-4
-3.96831006E+3	-2.28072924E-4
-3.96289990E+3	-2.05677541E-4
-3.95786011E+3	-2.05746706E-4
-3.95121997E+3	-2.15237931E-4
-3.94531006E+3	-2.09251870E-4
-3.93956006E+3	-2.13062754E-4
-3.93375000E+3	-2.16325076E-4
-3.92867993E+3	-2.06914177E-4
-3.92271997E+3	-2.09208811E-4
-3.91610010E+3	-2.11592851E-4
-3.90936011E+3	-2.13426043E-4
-3.90412988E+3	-2.32569728E-4
-3.89938989E+3	-2.37240252E-4
-3.89252002E+3	-2.33124520E-4
-3.88789990E+3	-2.37806817E-4
-3.88147998E+3	-2.39350498E-4
-3.87478003E+3	-2.37466375E-4
-3.86880005E+3	-2.50568468E-4
-3.86290991E+3	-2.54674174E-4
-3.85663989E+3	-2.54515529E-4
-3.85086011E+3	-2.53876613E-4
-3.84620996E+3	-2.49294011E-4
-3.84027002E+3	-2.40307694E-4
-3.83425000E+3	-2.42464695E-4
-3.82804004E+3	-2.43819173E-4
-3.82245996E+3	-2.44044932E-4
-3.81537012E+3	-2.49271950E-4
-3.80963989E+3	-2.49100704E-4
-3.80366992E+3	-2.48622702E-4
-3.79772998E+3	-2.49158009E-4
-3.79212012E+3	-2.58685264E-4
-3.78686011E+3	-2.59350869E-4
-3.78059009E+3	-2.75785511E-4
-3.77477002E+3	-2.75037659E-4
-3.76938989E+3	-2.85104703E-4
-3.76242993E+3	-2.85027869E-4
-3.75661011E+3	-2.87473464E-4
-3.75073999E+3	-2.85797287E-4
-3.74512988E+3	-2.88981333E-4
-3.73906006E+3	-2.96827144E-4
-3.73311011E+3	-2.90895987E-4
-3.72727002E+3	-2.89523334E-4
-3.72226001E+3	-2.80383363E-4
-3.71679004E+3	-2.86929571E-4
-3.71060010E+3	-2.83690490E-4
-3.70362988E+3	-2.81916233E-4
-3.69784009E+3	-2.79359811E-4
-3.69198999E+3	-2.73827347E-4
-3.68635010E+3	-2.77063460E-4
-3.68062988E+3	-2.76918290E-4
-3.67543994E+3	-2.80947628E-4
-3.66962988E+3	-2.92552082E-4
-3.66262988E+3	-2.95956794E-4
-3.65653003E+3	-2.86900584E-4
-3.65122998E+3	-2.89872085E-4
-3.64513989E+3	-2.98404106E-4
-3.63936011E+3	-3.12726974E-4
-3.63333008E+3	-3.28174181E-4
-3.62747998E+3	-3.35291639E-4
-3.62151001E+3	-3.43071588E-4
-3.61675000E+3	-3.60315171E-4
-3.60986011E+3	-3.65517859E-4
-3.60366992E+3	-3.67265748E-4
-3.59777002E+3	-3.79428151E-4
-3.59188989E+3	-3.98703181E-4
-3.58612012E+3	-4.05121304E-4
-3.58138989E+3	-4.02457954E-4
-3.57431006E+3	-4.09069384E-4
-3.56845996E+3	-4.16012568E-4
-3.56253003E+3	-4.19796066E-4
-3.55675000E+3	-4.20872064E-4
-3.55084009E+3	-4.22624202E-4
-3.54486011E+3	-4.36911359E-4
-3.53869995E+3	-4.50854946E-4
-3.53285010E+3	-4.55286092E-4
-3.52712012E+3	-4.67833568E-4
-3.52115991E+3	-4.78563452E-4
-3.51516992E+3	-4.95359302E-4
-3.51033008E+3	-5.00679947E-4
-3.50430005E+3	-5.12854836E-4
-3.49823999E+3	-5.23193157E-4
-3.49219995E+3	-5.36831678E-4
-3.48641992E+3	-5.51623350E-4
-3.47948999E+3	-5.61869238E-4
-3.47373999E+3	-5.70797885E-4
-3.46785010E+3	-5.76882740E-4
-3.46300000E+3	-5.95279213E-4
-3.45732007E+3	-6.11588941E-4
-3.45101001E+3	-6.29930524E-4
-3.44537988E+3	-6.55446376E-4
-3.43963989E+3	-6.79555640E-4
-3.43253003E+3	-7.02006277E-4
-3.42587988E+3	-7.21754273E-4
-3.42098999E+3	-7.44041346E-4
-3.41528003E+3	-7.66544661E-4
-3.40934009E+3	-7.92774954E-4
-3.40325000E+3	-8.19717243E-4
-3.39733008E+3	-8.44084949E-4
-3.39152002E+3	-8.78729683E-4
-3.38567993E+3	-9.09927359E-4
-3.37977002E+3	-9.54252610E-4
-3.37364990E+3	-1.00002938E-3
-3.36767993E+3	-1.04777899E-3
-3.36168994E+3	-1.09730777E-3
-3.35582007E+3	-1.15436490E-3
-3.34987988E+3	-1.22173666E-3
-3.34475000E+3	-1.29566889E-3
-3.33816992E+3	-1.35777262E-3
-3.33290991E+3	-1.43822504E-3
-3.32712012E+3	-1.51789573E-3
-3.32029004E+3	-1.59488595E-3
-3.31427002E+3	-1.68914709E-3
-3.30940991E+3	-1.79144950E-3
-3.30323999E+3	-1.91210990E-3
-3.29727002E+3	-2.03986280E-3
-3.29139990E+3	-2.15266342E-3
-3.28570996E+3	-2.28340947E-3
-3.27993994E+3	-2.45432416E-3
-3.27285010E+3	-2.62364559E-3
-3.26675000E+3	-2.80725257E-3
-3.26092993E+3	-2.99982028E-3
-3.25585010E+3	-3.15474719E-3
-3.24980005E+3	-3.28005571E-3
-3.24510010E+3	-3.32638761E-3
-3.23805005E+3	-3.29984212E-3
-3.23210010E+3	-3.23426747E-3
-3.22628003E+3	-3.11440416E-3
-3.22047998E+3	-2.93457787E-3
-3.21465991E+3	-2.73658335E-3
-3.20878003E+3	-2.50723842E-3
-3.20265991E+3	-2.25870125E-3
-3.19708008E+3	-2.04529543E-3
-3.19128003E+3	-1.85385067E-3
-3.18626001E+3	-1.73580938E-3
-3.17903003E+3	-1.68312271E-3
-3.17314990E+3	-1.68506359E-3
-3.16735010E+3	-1.72054255E-3
-3.16150000E+3	-1.79300469E-3
-3.15518994E+3	-1.87426386E-3
-3.14929004E+3	-1.98473874E-3
-3.14328003E+3	-2.10585166E-3
-3.13850000E+3	-2.22350028E-3
-3.13172998E+3	-2.34849961E-3
-3.12562012E+3	-2.47416156E-3
-3.12045996E+3	-2.58791493E-3
-3.11221997E+3	-2.70701805E-3
-3.10762012E+3	-2.80683907E-3
-3.10227002E+3	-2.90406169E-3
-3.09648999E+3	-2.97484337E-3
-3.09015991E+3	-3.01306951E-3
-3.08433008E+3	-3.00311157E-3
-3.07850000E+3	-2.93513248E-3
-3.07226001E+3	-2.79768789E-3
-3.06712012E+3	-2.55925581E-3
-3.06126001E+3	-2.22960138E-3
-3.05512012E+3	-1.74722588E-3
-3.04878003E+3	-1.11840991E-3
-3.04289990E+3	-2.99367792E-4
-3.03686011E+3	6.98094722E-4
-3.03103003E+3	1.88623101E-3
-3.02532007E+3	3.24282073E-3
-3.01940991E+3	4.74917749E-3
-3.01459009E+3	6.36134669E-3
-3.00853003E+3	8.00681580E-3
-3.00213989E+3	9.63232573E-3
-2.99614990E+3	1.11309588E-2
-2.98981006E+3	1.24545097E-2
-2.98435010E+3	1.35233346E-2
-2.97818994E+3	1.42863039E-2
-2.97198999E+3	1.47157889E-2
-2.96600000E+3	1.47971986E-2
-2.96032007E+3	1.45464521E-2
-2.95445996E+3	1.39905391E-2
-2.94947998E+3	1.31804748E-2
-2.94221997E+3	1.21895932E-2
-2.93642993E+3	1.10857366E-2
-2.93041992E+3	9.91221052E-3
-2.92501001E+3	8.74427147E-3
-2.91912012E+3	7.61364494E-3
-2.91351001E+3	6.55137887E-3
-2.90721997E+3	5.58760017E-3
-2.90211011E+3	4.72241733E-3
-2.89568994E+3	3.96232354E-3
-2.89001001E+3	3.29961395E-3
-2.88309009E+3	2.71998625E-3
-2.87737012E+3	2.22510938E-3
-2.87142993E+3	1.81000854E-3
-2.86668994E+3	1.44366850E-3
-2.85977002E+3	1.13307661E-3
-2.85401001E+3	8.75193451E-4
-2.84809009E+3	6.47222856E-4
-2.84125000E+3	4.57965332E-4
-2.83505005E+3	2.97671009E-4
-2.82984009E+3	1.66045618E-4
-2.82488989E+3	6.84790721E-5
-2.81879004E+3	-2.37293334E-5
-2.81289990E+3	-9.59449972E-5
-2.80714990E+3	-1.61815347E-4
-2.80038989E+3	-2.07951380E-4
-2.79472998E+3	-2.43379793E-4
-2.78838989E+3	-2.63199501E-4
-2.78341992E+3	-2.88332318E-4
-2.77753003E+3	-3.02780420E-4
-2.77069995E+3	-3.11856536E-4
-2.76475000E+3	-3.26768612E-4
-2.75872998E+3	-3.24326829E-4
-2.75400000E+3	-3.32028605E-4
-2.74762012E+3	-3.23639309E-4
-2.74164990E+3	-3.17227503E-4
-2.73569995E+3	-3.10381525E-4
-2.72912988E+3	-3.13797558E-4
-2.72320996E+3	-3.03046923E-4
-2.71736011E+3	-2.97653867E-4
-2.71122998E+3	-2.83987349E-4
-2.70533008E+3	-2.78246822E-4
-2.70046997E+3	-2.67800904E-4
-2.69416992E+3	-2.55169522E-4
-2.68929004E+3	-2.48863013E-4
-2.68208008E+3	-2.41824135E-4
-2.67625000E+3	-2.31301412E-4
-2.67021997E+3	-2.13100138E-4
-2.66390991E+3	-2.04764976E-4
-2.65792993E+3	-1.90550272E-4
-2.65197998E+3	-1.84484787E-4
-2.64600000E+3	-1.64817597E-4
-2.64125000E+3	-1.56601294E-4
-2.63434009E+3	-1.54028457E-4
-2.62845996E+3	-1.38036994E-4
-2.62314990E+3	-1.26859173E-4
-2.61604004E+3	-1.25811188E-4
-2.61011011E+3	-1.17533556E-4
-2.60412012E+3	-1.07075044E-4
-2.59806006E+3	-1.03214697E-4
-2.59208008E+3	-9.19251761E-5
-2.58621997E+3	-1.00925048E-4
-2.58013989E+3	-9.95750524E-5
-2.57436011E+3	-8.31345096E-5
-2.56725000E+3	-7.42303382E-5
-2.56115991E+3	-6.68293360E-5
-2.55510010E+3	-4.91780265E-5
-2.54927002E+3	-4.70289451E-5
-2.54333008E+3	-3.56446908E-5
-2.53741992E+3	-2.48958877E-5
-2.53140991E+3	-1.52366783E-5
-2.52576001E+3	6.55057829E-6
-2.52014990E+3	1.92751504E-5
-2.51255005E+3	1.68361457E-5
-2.50651001E+3	1.64029570E-5
-2.50058008E+3	2.43096310E-5
-2.49471997E+3	3.36298363E-5
-2.48857007E+3	4.63390497E-5
-2.48251001E+3	4.12544614E-5
-2.47675000E+3	4.74088774E-5
-2.47051001E+3	5.20778194E-5
-2.46463989E+3	5.02868970E-5
-2.45701001E+3	5.80250271E-5
-2.45093994E+3	7.60896146E-5
-2.44500000E+3	8.05551972E-5
-2.43909009E+3	8.50767465E-5
-2.43317993E+3	8.16043175E-5
-2.42718994E+3	8.46685653E-5
-2.42127002E+3	9.55771975E-5
-2.41537988E+3	1.01974634E-4
-2.40800000E+3	9.64622595E-5
