# Mess-Beginn: 27.05.2019 14:15:07
# DTM-151	DTM-151
-4.06158008E+3	-3.68602516E-4
-4.06155005E+3	-3.61348590E-4
-4.06152002E+3	-3.63142695E-4
-4.06148999E+3	-3.71482543E-4
-4.06145996E+3	-3.74341762E-4
-4.06142993E+3	-3.69130023E-4
-4.05507007E+3	-3.61672399E-4
-4.04930005E+3	-3.73721239E-4
-4.04465991E+3	-3.65430868E-4
-4.03987988E+3	-3.69950751E-4
-4.03309009E+3	-3.66900611E-4
-4.02837988E+3	-3.73331684E-4
-4.02269995E+3	-3.61559010E-4
-4.01678003E+3	-3.59339203E-4
-4.01190991E+3	-3.54413554E-4
-4.00487012E+3	-3.52824427E-4
-3.99923999E+3	-3.55229917E-4
-3.99306006E+3	-3.42553394E-4
-3.98701001E+3	-3.38621641E-4
-3.98114990E+3	-3.28037859E-4
-3.97590991E+3	-3.26471345E-4
-3.97017993E+3	-3.08663584E-4
-3.96536011E+3	-3.12372198E-4
-3.95852002E+3	-3.16503225E-4
-3.95250000E+3	-3.19044484E-4
-3.94614990E+3	-3.22768668E-4
-3.94032007E+3	-3.26565758E-4
-3.93428003E+3	-3.27438145E-4
-3.92830005E+3	-3.33329808E-4
-3.92328003E+3	-3.46665125E-4
-3.91739990E+3	-3.44892120E-4
-3.91161011E+3	-3.64947598E-4
-3.90479004E+3	-3.67052300E-4
-3.89892993E+3	-3.54706834E-4
-3.89325000E+3	-3.57431942E-4
-3.88746997E+3	-3.59626836E-4
-3.88029004E+3	-3.52791831E-4
-3.87657007E+3	-3.56540288E-4
-3.86967993E+3	-3.55621509E-4
-3.86487988E+3	-3.45311419E-4
-3.85801001E+3	-3.50993476E-4
-3.85187012E+3	-3.48092057E-4
-3.84608008E+3	-3.54189688E-4
-3.84009009E+3	-3.63426720E-4
-3.83410010E+3	-3.55004944E-4
-3.82832007E+3	-3.55132943E-4
-3.82272998E+3	-3.61685903E-4
-3.81691992E+3	-3.65730957E-4
-3.81140991E+3	-3.68555513E-4
-3.80645996E+3	-3.67435307E-4
-3.79960010E+3	-3.64406413E-4
-3.79287988E+3	-3.60177568E-4
-3.78709009E+3	-3.57135665E-4
-3.78130005E+3	-3.56643955E-4
-3.77533008E+3	-3.71175003E-4
-3.76954004E+3	-3.74069845E-4
-3.76465991E+3	-3.73632996E-4
-3.75848999E+3	-3.73252202E-4
-3.75266992E+3	-3.76551790E-4
-3.74685010E+3	-3.89382651E-4
-3.74140991E+3	-4.08557913E-4
-3.73410010E+3	-4.24159021E-4
-3.72831006E+3	-4.34253743E-4
-3.72231006E+3	-4.38859832E-4
-3.71626001E+3	-4.35456110E-4
-3.71069995E+3	-4.36338363E-4
-3.70586011E+3	-4.42436838E-4
-3.69957007E+3	-4.45472309E-4
-3.69366992E+3	-4.54781431E-4
-3.68690991E+3	-4.49733547E-4
-3.68137012E+3	-4.43484227E-4
-3.67654004E+3	-4.31638531E-4
-3.67012012E+3	-4.24653437E-4
-3.66278003E+3	-4.23025020E-4
-3.65775000E+3	-4.26940067E-4
-3.65194995E+3	-4.35885333E-4
-3.64566992E+3	-4.43869358E-4
-3.63977002E+3	-4.38619521E-4
-3.63377002E+3	-4.20186174E-4
-3.62894995E+3	-4.15501650E-4
-3.62246997E+3	-4.13081609E-4
-3.61675000E+3	-4.29862470E-4
-3.61085010E+3	-4.52216627E-4
-3.60491992E+3	-4.56528534E-4
-3.59891992E+3	-4.50633233E-4
-3.59295996E+3	-4.46013379E-4
-3.58832007E+3	-4.38301387E-4
-3.58241992E+3	-4.58038790E-4
-3.57654004E+3	-4.90493258E-4
-3.56932007E+3	-5.15035237E-4
-3.56352002E+3	-5.36312698E-4
-3.55751001E+3	-5.50420198E-4
-3.55167993E+3	-5.57134801E-4
-3.54578003E+3	-5.67664742E-4
-3.54010010E+3	-5.87394170E-4
-3.53407007E+3	-6.08359871E-4
-3.52817993E+3	-6.32818730E-4
-3.52200000E+3	-6.49019901E-4
-3.51632007E+3	-6.51432259E-4
-3.51048999E+3	-6.52605610E-4
-3.50444995E+3	-6.60074409E-4
-3.49880005E+3	-6.78408018E-4
-3.49401001E+3	-6.80366356E-4
-3.48555005E+3	-6.96553441E-4
-3.48144995E+3	-7.11915083E-4
-3.47437012E+3	-7.24166748E-4
-3.46859009E+3	-7.33636436E-4
-3.46267993E+3	-7.49336730E-4
-3.45679004E+3	-7.69832579E-4
-3.45097998E+3	-7.97008979E-4
-3.44618994E+3	-8.13750725E-4
-3.43987012E+3	-8.23372684E-4
-3.43378003E+3	-8.49608448E-4
-3.42800000E+3	-8.85151268E-4
-3.42215991E+3	-9.22892650E-4
-3.41731006E+3	-9.52702365E-4
-3.40992993E+3	-9.89183551E-4
-3.40517993E+3	-1.02026097E-3
-3.39867993E+3	-1.05839991E-3
-3.39312012E+3	-1.09591789E-3
-3.38712988E+3	-1.13212899E-3
-3.38102002E+3	-1.17760093E-3
-3.37512012E+3	-1.23077980E-3
-3.36912988E+3	-1.27183122E-3
-3.36209009E+3	-1.30239956E-3
-3.35727002E+3	-1.35048677E-3
-3.35108008E+3	-1.41882943E-3
-3.34523999E+3	-1.48342468E-3
-3.33937012E+3	-1.54858723E-3
-3.33337012E+3	-1.62991509E-3
-3.32751001E+3	-1.74061093E-3
-3.32182007E+3	-1.83035841E-3
-3.31589990E+3	-1.92830001E-3
-3.31126001E+3	-2.04293523E-3
-3.30412988E+3	-2.16565910E-3
-3.29795996E+3	-2.29793601E-3
-3.29209009E+3	-2.43108370E-3
-3.28621997E+3	-2.58751865E-3
-3.28065991E+3	-2.76433793E-3
-3.27495996E+3	-2.93961586E-3
-3.26881006E+3	-3.11494968E-3
-3.26293994E+3	-3.31202778E-3
-3.25610010E+3	-3.48630757E-3
-3.25042993E+3	-3.61032481E-3
-3.24437988E+3	-3.68079287E-3
-3.23840991E+3	-3.67867039E-3
-3.23360010E+3	-3.59357358E-3
-3.22665991E+3	-3.45659209E-3
-3.22201001E+3	-3.26508074E-3
-3.21570996E+3	-3.05289007E-3
-3.20981006E+3	-2.82474514E-3
-3.20406006E+3	-2.57411296E-3
-3.19795996E+3	-2.33523524E-3
-3.19097998E+3	-2.14660075E-3
-3.18619995E+3	-2.02635606E-3
-3.18012012E+3	-1.96475373E-3
-3.17362988E+3	-1.96615094E-3
-3.16855005E+3	-2.01845542E-3
-3.16260010E+3	-2.11188197E-3
-3.15597998E+3	-2.22695270E-3
-3.14982007E+3	-2.35792832E-3
-3.14496997E+3	-2.51575490E-3
-3.13795996E+3	-2.66863103E-3
-3.13213989E+3	-2.81481026E-3
-3.12620996E+3	-2.96827476E-3
-3.12058008E+3	-3.13111255E-3
-3.11478003E+3	-3.27994209E-3
-3.10894995E+3	-3.41640180E-3
-3.10415991E+3	-3.54352826E-3
-3.09711011E+3	-3.65464995E-3
-3.09194995E+3	-3.70944198E-3
-3.08596997E+3	-3.70233972E-3
-3.07904004E+3	-3.62628466E-3
-3.07312988E+3	-3.46379681E-3
-3.06730005E+3	-3.15329060E-3
-3.06251001E+3	-2.68323999E-3
-3.05610010E+3	-2.04806332E-3
-3.05018994E+3	-1.19149103E-3
-3.04430005E+3	-8.87225979E-5
-3.03850000E+3	1.27269223E-3
-3.03256006E+3	2.86102737E-3
-3.02570996E+3	4.65601170E-3
-3.02079004E+3	6.60302723E-3
-3.01464990E+3	8.63778684E-3
-3.00866992E+3	1.06417034E-2
-3.00283008E+3	1.25327846E-2
-2.99707007E+3	1.42163690E-2
-2.99109009E+3	1.55923339E-2
-2.98525000E+3	1.65934730E-2
-2.97971997E+3	1.71754714E-2
-2.97239990E+3	1.73159465E-2
-2.96756006E+3	1.70395989E-2
-2.96175000E+3	1.63746700E-2
-2.95537988E+3	1.53880902E-2
-2.94959009E+3	1.41661176E-2
-2.94378003E+3	1.27925733E-2
-2.93784009E+3	1.13439104E-2
-2.93152002E+3	9.90687124E-3
-2.92600000E+3	8.51233024E-3
-2.92021997E+3	7.22561218E-3
-2.91389990E+3	6.06895657E-3
-2.90813989E+3	5.02653746E-3
-2.90216992E+3	4.12902283E-3
-2.89637988E+3	3.34812119E-3
-2.89003003E+3	2.67925649E-3
-2.88489990E+3	2.10768683E-3
-2.87898999E+3	1.63062452E-3
-2.87204004E+3	1.22676336E-3
-2.86612988E+3	8.97111022E-4
-2.86036011E+3	6.20018225E-4
-2.85460010E+3	3.82807630E-4
-2.84867993E+3	2.00374372E-4
-2.84343994E+3	4.17813135E-5
-2.83714990E+3	-7.89886763E-5
-2.83135010E+3	-1.93672910E-4
-2.82637012E+3	-2.69325945E-4
-2.81885010E+3	-3.31550662E-4
-2.81275000E+3	-3.75087286E-4
-2.80784009E+3	-4.10653214E-4
-2.80246997E+3	-4.41159267E-4
-2.79552002E+3	-4.53854591E-4
-2.78964990E+3	-4.79970622E-4
-2.78380005E+3	-5.04369615E-4
-2.77767993E+3	-5.17677690E-4
-2.77137012E+3	-5.14881453E-4
-2.76557007E+3	-5.09345438E-4
-2.75975000E+3	-5.09818434E-4
-2.75471997E+3	-5.20774280E-4
-2.74868994E+3	-5.07500430E-4
-2.74260010E+3	-5.02656039E-4
-2.73657007E+3	-5.01295028E-4
-2.73045996E+3	-4.87290672E-4
-2.72448999E+3	-4.66679543E-4
-2.71861011E+3	-4.54920024E-4
-2.71233008E+3	-4.29382606E-4
-2.70744995E+3	-4.18797310E-4
-2.70190991E+3	-4.07731917E-4
-2.69478003E+3	-3.84584389E-4
-2.68762012E+3	-3.76224314E-4
-2.68262012E+3	-3.64275154E-4
-2.67671997E+3	-3.49177833E-4
-2.67104004E+3	-3.33889911E-4
-2.66603003E+3	-3.31293733E-4
-2.65869995E+3	-3.11840937E-4
-2.65282007E+3	-2.98454426E-4
-2.64684009E+3	-2.89248186E-4
-2.64206006E+3	-2.74971360E-4
-2.63585010E+3	-2.62407179E-4
-2.62897998E+3	-2.47623626E-4
-2.62412012E+3	-2.40544367E-4
-2.61818994E+3	-2.34063657E-4
-2.61177002E+3	-2.25860626E-4
-2.60487012E+3	-2.16273489E-4
-2.59867993E+3	-2.17406603E-4
-2.59266992E+3	-2.18220957E-4
-2.58679004E+3	-1.99359783E-4
-2.58087988E+3	-1.84335644E-4
-2.57594995E+3	-1.76046640E-4
-2.57007007E+3	-1.68652288E-4
-2.56323999E+3	-1.57556366E-4
-2.55712988E+3	-1.51741784E-4
-2.55027002E+3	-1.40914213E-4
-2.54419995E+3	-1.23875696E-4
-2.53835010E+3	-1.12728761E-4
-2.53217993E+3	-9.91165798E-5
-2.52618994E+3	-8.92466051E-5
-2.51912988E+3	-8.33042795E-5
-2.51413989E+3	-7.45131183E-5
-2.50808008E+3	-7.07719519E-5
-2.50195996E+3	-6.31447838E-5
-2.49508008E+3	-4.41788543E-5
-2.49032007E+3	-3.41080158E-5
-2.48256006E+3	-2.64404534E-5
-2.47669995E+3	-1.26856339E-5
-2.47076001E+3	-6.75054252E-6
-2.46492993E+3	-2.63319021E-6
-2.45902002E+3	8.10023630E-6
-2.45296997E+3	1.24328517E-5
-2.44669995E+3	2.24889718E-5
-2.44096997E+3	3.06530783E-5
-2.43425000E+3	3.09495954E-5
-2.42783008E+3	3.33149110E-5
-2.42188989E+3	4.58101858E-5
-2.41528003E+3	4.96942739E-5
-2.40937012E+3	5.75976046E-5
-2.40353003E+3	5.86917995E-5
-2.39751001E+3	5.86153583E-5
-2.39143994E+3	6.09382623E-5
-2.38544995E+3	5.89690790E-5
-2.37942993E+3	6.34777607E-5
-2.37368994E+3	6.67089043E-5
-2.36769995E+3	7.99839909E-5
-2.36001001E+3	8.06307071E-5
-2.35401001E+3	8.07187826E-5
-2.34790991E+3	8.12616636E-5
-2.34217993E+3	8.78388673E-5
-2.33634009E+3	9.12574251E-5
-2.33018994E+3	9.40233658E-5
-2.32423999E+3	1.09799257E-4
-2.31807007E+3	1.17131080E-4
-2.31216992E+3	1.25369916E-4
-2.30512012E+3	1.21981488E-4
-2.29919995E+3	1.34689646E-4
-2.29339990E+3	1.46850405E-4
-2.28742993E+3	1.54290770E-4
-2.28148999E+3	1.52552107E-4
-2.27426001E+3	1.60530646E-4
-2.26792993E+3	1.68725412E-4
-2.26234009E+3	1.71232998E-4
-2.25538989E+3	1.80009622E-4
-2.24938989E+3	1.75622132E-4
-2.24315991E+3	1.87391735E-4
-2.23736011E+3	1.81158917E-4
-2.23136011E+3	1.83776458E-4
-2.22580005E+3	1.85912999E-4
-2.21892993E+3	1.94899403E-4
-2.21402002E+3	1.99019953E-4
-2.20689990E+3	2.12803454E-4
-2.20084009E+3	2.09795588E-4
-2.19433008E+3	2.09996011E-4
-2.18767993E+3	2.21726688E-4
-2.18202002E+3	2.24813892E-4
-2.17606006E+3	2.39136411E-4
-2.17001001E+3	2.36067819E-4
-2.16443994E+3	2.47039192E-4
-2.15754004E+3	2.48522119E-4
-2.15047998E+3	2.50647980E-4
-2.14462988E+3	2.47643417E-4
-2.13881006E+3	2.52539961E-4
-2.13320996E+3	2.53084931E-4
-2.12617993E+3	2.50963785E-4
-2.12133008E+3	2.47048505E-4
-2.11533008E+3	2.32483377E-4
-2.10821997E+3	2.43334027E-4
-2.10229004E+3	2.43319926E-4
-2.09512012E+3	2.47105723E-4
-2.09035010E+3	2.53898645E-4
-2.08318994E+3	2.50658224E-4
-2.07734009E+3	2.50004145E-4
-2.07130005E+3	2.52222613E-4
-2.06532007E+3	2.66119518E-4
-2.05962012E+3	2.76813516E-4
-2.05282007E+3	2.96150421E-4
-2.04689001E+3	2.98158120E-4
-2.04093005E+3	3.04651650E-4
-2.03538000E+3	2.93110410E-4
-2.02931995E+3	2.92390876E-4
-2.02814001E+3	3.08317191E-4
-2.02813000E+3	3.24148161E-4
-2.02813000E+3	3.25975183E-4
-2.02815002E+3	3.19741986E-4
-2.02818005E+3	3.10794567E-4
-2.02819995E+3	3.04952759E-4
-2.02821997E+3	2.99677864E-4
-2.02823999E+3	3.01216467E-4
-2.02826001E+3	3.24557797E-4
-2.02828003E+3	3.21701344E-4
-2.02829004E+3	3.18831357E-4
-2.02830005E+3	3.17938568E-4
-2.02831006E+3	3.16930469E-4
-2.02832996E+3	3.20551306E-4
-2.02833997E+3	3.24802037E-4
-2.02834998E+3	3.23504530E-4
-2.02834998E+3	3.21836676E-4
-2.02834998E+3	3.15380981E-4
-2.02835999E+3	2.95937818E-4
-2.02835999E+3	2.93499732E-4
-2.02835999E+3	2.88790907E-4
-2.02835999E+3	2.74562277E-4
-2.02837000E+3	2.73694197E-4
-2.02837000E+3	2.72152189E-4
-2.02838000E+3	2.66316842E-4
-2.02838000E+3	2.64858274E-4
-2.02837000E+3	2.67181458E-4
-2.02838000E+3	2.64204224E-4
-2.02838000E+3	2.70125049E-4
-2.02838000E+3	2.71161989E-4
-2.02838000E+3	2.74510880E-4
-2.02838000E+3	2.77022540E-4
-2.02838000E+3	2.80760287E-4
-2.02838000E+3	2.90032767E-4
-2.02838000E+3	2.95561214E-4
-2.02838000E+3	2.94677156E-4
-2.02838000E+3	2.90360389E-4
-2.02838000E+3	2.89747637E-4
-2.02837000E+3	2.92466138E-4
-2.02837000E+3	2.94090016E-4
-2.02837000E+3	2.96194863E-4
-2.02837000E+3	2.88143783E-4
-2.02837000E+3	2.82592257E-4
-2.02837000E+3	2.71179219E-4
-2.02837000E+3	2.70941877E-4
-2.02837000E+3	2.74123566E-4
-2.02837000E+3	2.74931896E-4
-2.02837000E+3	2.80933396E-4
-2.02837000E+3	2.80491658E-4
-2.02835999E+3	2.80346139E-4
-2.02837000E+3	2.72109552E-4
-2.02835999E+3	2.84549518E-4
-2.02835999E+3	2.94148020E-4
-2.02835999E+3	2.91329168E-4
-2.02835999E+3	2.99560808E-4
-2.02835999E+3	3.01175169E-4
-2.02835999E+3	3.11512180E-4
-2.02835999E+3	3.08358751E-4
-2.02835999E+3	3.03678331E-4
-2.02834998E+3	3.04302812E-4
-2.02834998E+3	3.03338282E-4
-2.02834998E+3	2.93483725E-4
-2.02834998E+3	2.92666868E-4
-2.02834998E+3	3.00685846E-4
-2.02834998E+3	2.87345756E-4
-2.02834998E+3	2.85833288E-4
-2.02834998E+3	2.92497047E-4
-2.02834998E+3	2.93133373E-4
-2.02834998E+3	3.00315325E-4
-2.02834998E+3	3.00892571E-4
-2.02834998E+3	3.01315362E-4
-2.02834998E+3	3.15730082E-4
-2.02833997E+3	3.00390937E-4
-2.02833997E+3	2.99074018E-4
-2.02832996E+3	3.12771823E-4
-2.02831995E+3	3.14182194E-4
-2.02831995E+3	3.12205811E-4
-2.02831995E+3	3.07609705E-4
-2.02831995E+3	3.12136690E-4
-2.02831995E+3	3.13829369E-4
-2.02831995E+3	3.22409964E-4
-2.02831995E+3	3.25357512E-4
-2.02831995E+3	3.34778160E-4
-2.02831995E+3	3.38671874E-4
-2.02831995E+3	3.28955299E-4
-2.02831995E+3	3.35283898E-4
-2.02831995E+3	3.33181757E-4
-2.02831995E+3	3.30757146E-4
-2.02831995E+3	3.25745466E-4
-2.02831995E+3	3.20719177E-4
-2.02831995E+3	3.12879711E-4
-2.02831995E+3	3.00775515E-4
-2.02831995E+3	3.04618909E-4
-2.02831995E+3	2.94692785E-4
-2.02832996E+3	2.96371261E-4
-2.02832996E+3	2.88711133E-4
-2.02833997E+3	2.79081898E-4
-2.02833997E+3	2.85125716E-4
-2.02833997E+3	2.86243623E-4
-2.02832996E+3	2.92585290E-4
-2.02832996E+3	2.93504825E-4
-2.02832996E+3	2.92741199E-4
-2.02832996E+3	2.86940136E-4
-2.02832996E+3	2.93355290E-4
-2.02832996E+3	2.98530649E-4
-2.02832996E+3	3.01171414E-4
-2.02832996E+3	3.01302469E-4
-2.02832996E+3	3.08992952E-4
-2.02832996E+3	3.03046516E-4
-2.02832996E+3	2.98731116E-4
-2.02832996E+3	2.91332282E-4
-2.02831995E+3	2.91519158E-4
-2.02831995E+3	3.01383930E-4
-2.02831006E+3	2.97290593E-4
-2.02831006E+3	2.96540587E-4
-2.02831006E+3	2.97123857E-4
-2.02830005E+3	2.97531224E-4
-2.02831006E+3	2.93528516E-4
-2.02831006E+3	2.93108867E-4
-2.02830005E+3	2.92286684E-4
-2.02830005E+3	2.98065162E-4
-2.02830005E+3	3.02275672E-4
-2.02830005E+3	2.97576480E-4
-2.02830005E+3	2.94039957E-4
-2.02830005E+3	2.92123907E-4
-2.02830005E+3	2.82004155E-4
-2.02830005E+3	2.76578532E-4
-2.02830005E+3	2.75568047E-4
-2.02830005E+3	2.79183296E-4
-2.02830005E+3	2.79633648E-4
-2.02829004E+3	2.78363936E-4
-2.02829004E+3	2.79276341E-4
-2.02830005E+3	2.75700237E-4
-2.02830005E+3	2.81351153E-4
-2.02830005E+3	2.74094986E-4
-2.02829004E+3	2.72716366E-4
-2.02829004E+3	2.72770092E-4
-2.02829004E+3	2.44825875E-4
-2.02829004E+3	2.31359707E-4
-2.02829004E+3	2.33815066E-4
-2.02829004E+3	2.44033159E-4
-2.02829004E+3	2.38741093E-4
-2.02829004E+3	2.45813077E-4
-2.02828003E+3	2.41015630E-4
-2.02828003E+3	2.43928778E-4
-2.02828003E+3	2.63064896E-4
-2.02827002E+3	2.76733888E-4
-2.02827002E+3	3.09123599E-4
-2.02828003E+3	3.26986919E-4
-2.02828003E+3	3.28216964E-4
-2.02828003E+3	3.27531772E-4
-2.02828003E+3	3.22348380E-4
-2.02828003E+3	3.15462385E-4
-2.02828003E+3	3.19136394E-4
-2.02829004E+3	3.13370343E-4
-2.02829004E+3	2.96173675E-4
-2.02829004E+3	2.92435143E-4
-2.02829004E+3	2.92092009E-4
-2.02829004E+3	2.91401870E-4
-2.02830005E+3	2.91917735E-4
-2.02830005E+3	2.84908398E-4
-2.02830005E+3	2.90182565E-4
-2.02831006E+3	3.00804764E-4
-2.02831006E+3	3.16385587E-4
-2.02831006E+3	3.27103538E-4
-2.02831006E+3	3.31530318E-4
-2.02830005E+3	3.15066951E-4
-2.02830005E+3	3.10723321E-4
-2.02830005E+3	3.04996967E-4
-2.02830005E+3	3.01657914E-4
-2.02830005E+3	3.03517620E-4
-2.02830005E+3	3.07826849E-4
-2.02830005E+3	3.00641492E-4
-2.02830005E+3	2.89392628E-4
-2.02830005E+3	2.99016276E-4
-2.02830005E+3	2.96394835E-4
-2.02830005E+3	3.13360128E-4
-2.02830005E+3	3.09226132E-4
-2.02830005E+3	3.13201104E-4
-2.02830005E+3	3.22614767E-4
-2.02830005E+3	3.16647871E-4
-2.02830005E+3	3.16330057E-4
-2.02830005E+3	3.15830461E-4
-2.02830005E+3	3.10925505E-4
-2.02830005E+3	3.06728267E-4
-2.02830005E+3	3.15840531E-4
-2.02830005E+3	3.12086835E-4
-2.02830005E+3	3.17178870E-4
-2.02830005E+3	3.23617656E-4
-2.02830005E+3	3.18923034E-4
-2.02830005E+3	3.26444046E-4
-2.02831006E+3	3.30731098E-4
-2.02831006E+3	3.27694695E-4
-2.02831006E+3	3.27701913E-4
-2.02831006E+3	3.22493259E-4
-2.02831006E+3	3.19558254E-4
-2.02831006E+3	3.25812609E-4
-2.02831006E+3	3.27312882E-4
-2.02831006E+3	3.16995982E-4
-2.02830005E+3	3.13074386E-4
-2.02831006E+3	3.14012461E-4
-2.02831006E+3	3.08032264E-4
-2.02831006E+3	3.12396674E-4
-2.02831006E+3	3.26067006E-4
-2.02831006E+3	3.32297757E-4
-2.02831006E+3	3.26771144E-4
-2.02831006E+3	3.07008129E-4
-2.02831006E+3	3.02481174E-4
-2.02831006E+3	3.07303737E-4
-2.02831006E+3	3.13373923E-4
-2.02830005E+3	3.08198156E-4
-2.02830005E+3	3.04330635E-4
-2.02830005E+3	2.98765546E-4
-2.02830005E+3	3.00299667E-4
-2.02830005E+3	2.99807580E-4
-2.02830005E+3	3.00809450E-4
-2.02830005E+3	3.22994485E-4
-2.02830005E+3	3.19124316E-4
-2.02830005E+3	3.13913246E-4
-2.02831006E+3	3.10018891E-4
-2.02831006E+3	3.18654638E-4
-2.02831006E+3	3.12903867E-4
-2.02831006E+3	3.11828946E-4
-2.02831006E+3	3.06788861E-4
-2.02831006E+3	2.92429497E-4
-2.02830005E+3	2.94032303E-4
-2.02830005E+3	2.71638448E-4
-2.02830005E+3	2.85677641E-4
-2.02830005E+3	3.10128613E-4
-2.02829004E+3	3.11084790E-4
-2.02829004E+3	3.06611240E-4
-2.02829004E+3	3.18150735E-4
-2.02829004E+3	3.11522366E-4
-2.02829004E+3	2.99339212E-4
-2.02830005E+3	2.98382831E-4
-2.02829004E+3	3.04638321E-4
-2.02829004E+3	3.14246747E-4
-2.02829004E+3	2.97560357E-4
-2.02829004E+3	2.60227098E-4
-2.02829004E+3	2.57720996E-4
-2.02829004E+3	2.47842487E-4
-2.02829004E+3	2.37755288E-4
-2.02829004E+3	2.45284784E-4
-2.02829004E+3	2.53315724E-4
-2.02828003E+3	2.31963029E-4
-2.02829004E+3	2.12940940E-4
-2.02829004E+3	2.22520321E-4
-2.02829004E+3	2.29405996E-4
-2.02829004E+3	2.32571372E-4
-2.02829004E+3	2.52622762E-4
-2.02828003E+3	2.52789934E-4
-2.02828003E+3	2.63058173E-4
-2.02829004E+3	2.63772294E-4
-2.02828003E+3	2.66351795E-4
-2.02828003E+3	2.93057616E-4
-2.02828003E+3	3.07871145E-4
-2.02828003E+3	2.98435130E-4
-2.02829004E+3	2.97729945E-4
-2.02829004E+3	3.09070427E-4
-2.02829004E+3	2.95800884E-4
-2.02829004E+3	3.05384398E-4
-2.02829004E+3	3.06035858E-4
-2.02829004E+3	3.08706280E-4
-2.02829004E+3	2.98976258E-4
-2.02829004E+3	2.96916463E-4
-2.02829004E+3	3.01458174E-4
-2.02829004E+3	3.04513262E-4
-2.02828003E+3	3.04168119E-4
-2.02828003E+3	3.02474917E-4
-2.02829004E+3	2.99998268E-4
-2.02829004E+3	2.96893268E-4
-2.02828003E+3	2.86134367E-4
-2.02828003E+3	2.85583752E-4
-2.02828003E+3	2.89741176E-4
-2.02828003E+3	2.92023004E-4
-2.02828003E+3	2.86639231E-4
-2.02828003E+3	2.96088721E-4
-2.02828003E+3	2.94149824E-4
-2.02828003E+3	3.06490489E-4
-2.02829004E+3	3.08356568E-4
-2.02829004E+3	3.04516871E-4
-2.02829004E+3	3.13826371E-4
-2.02828003E+3	3.25097062E-4
-2.02829004E+3	3.22379521E-4
-2.02828003E+3	3.27777088E-4
-2.02828003E+3	3.28724767E-4
-2.02828003E+3	3.23009444E-4
-2.02828003E+3	3.19257932E-4
-2.02827002E+3	3.07554175E-4
-2.02828003E+3	3.12861288E-4
-2.02828003E+3	3.16525984E-4
-2.02828003E+3	3.18110397E-4
-2.02828003E+3	3.03635170E-4
-2.02828003E+3	3.05649941E-4
-2.02828003E+3	3.11714539E-4
-2.02828003E+3	2.97298713E-4
-2.02828003E+3	3.03776440E-4
-2.02827002E+3	3.04012094E-4
-2.02828003E+3	3.06025206E-4
-2.02828003E+3	2.97139050E-4
-2.02828003E+3	3.03206587E-4
-2.02828003E+3	3.01854481E-4
-2.02828003E+3	3.10164120E-4
-2.02828003E+3	3.10643023E-4
-2.02827002E+3	3.02630826E-4
-2.02827002E+3	3.13484314E-4
-2.02828003E+3	3.01990949E-4
-2.02828003E+3	3.07147973E-4
-2.02828003E+3	3.10269563E-4
-2.02828003E+3	3.08169721E-4
-2.02828003E+3	3.09813244E-4
-2.02828003E+3	3.04442685E-4
-2.02828003E+3	2.96971120E-4
-2.02828003E+3	2.95168458E-4
-2.02828003E+3	2.95983045E-4
-2.02828003E+3	2.99623614E-4
-2.02828003E+3	3.00473243E-4
-2.02828003E+3	3.06234666E-4
-2.02828003E+3	3.04179004E-4
-2.02828003E+3	3.07511975E-4
-2.02828003E+3	3.00884392E-4
-2.02828003E+3	3.01337335E-4
-2.02827002E+3	2.98419851E-4
-2.02828003E+3	2.90051627E-4
-2.02827002E+3	2.78055581E-4
-2.02827002E+3	2.77309533E-4
-2.02827002E+3	2.79988570E-4
-2.02827002E+3	2.72310397E-4
-2.02826001E+3	2.72572361E-4
-2.02826001E+3	2.69612530E-4
-2.02826001E+3	2.72306701E-4
-2.02826001E+3	2.80147389E-4
-2.02827002E+3	2.86748371E-4
-2.02827002E+3	2.94022233E-4
-2.02827002E+3	2.97133840E-4
-2.02827002E+3	2.89267569E-4
-2.02827002E+3	2.88825773E-4
-2.02828003E+3	2.83414469E-4
-2.02827002E+3	2.78984720E-4
-2.02828003E+3	2.83941627E-4
-2.02828003E+3	2.83716188E-4
-2.02828003E+3	2.82702880E-4
-2.02828003E+3	2.89562537E-4
-2.02828003E+3	2.90226133E-4
-2.02828003E+3	3.00539949E-4
-2.02828003E+3	3.10049567E-4
-2.02828003E+3	3.13695316E-4
-2.02828003E+3	3.31100804E-4
-2.02828003E+3	3.44061002E-4
-2.02828003E+3	3.49017733E-4
-2.02828003E+3	3.37360834E-4
-2.02828003E+3	3.35296063E-4
-2.02827002E+3	3.34573182E-4
-2.02827002E+3	3.41574225E-4
-2.02828003E+3	3.44751606E-4
-2.02828003E+3	3.43373482E-4
-2.02828003E+3	3.46804969E-4
-2.02828003E+3	3.41483625E-4
-2.02828003E+3	3.27463524E-4
-2.02827002E+3	3.19231098E-4
-2.02827002E+3	3.34557466E-4
-2.02827002E+3	3.42675659E-4
-2.02828003E+3	3.39046994E-4
-2.02828003E+3	3.32258409E-4
-2.02828003E+3	3.26944340E-4
-2.02827002E+3	3.25432833E-4
-2.02827002E+3	3.18264065E-4
-2.02827002E+3	3.15176178E-4
-2.02826001E+3	3.22732900E-4
-2.02826001E+3	3.21358530E-4
-2.02826001E+3	3.11906915E-4
-2.02826001E+3	2.99432490E-4
-2.02826001E+3	2.98146508E-4
-2.02826001E+3	3.09004739E-4
-2.02827002E+3	3.05999158E-4
-2.02827002E+3	3.05584690E-4
-2.02826001E+3	3.03713430E-4
-2.02826001E+3	3.10545875E-4
-2.02827002E+3	3.02903180E-4
-2.02827002E+3	2.99464649E-4
-2.02826001E+3	3.00812040E-4
-2.02826001E+3	2.99273757E-4
-2.02826001E+3	3.04077839E-4
-2.02827002E+3	3.02130822E-4
-2.02826001E+3	2.93433928E-4
-2.02826001E+3	2.96242069E-4
-2.02825000E+3	2.98998290E-4
-2.02826001E+3	2.95609003E-4
-2.02826001E+3	2.95536534E-4
-2.02826001E+3	2.99693522E-4
-2.02825000E+3	2.93507357E-4
-2.02825000E+3	2.97119492E-4
-2.02825000E+3	2.89347168E-4
-2.02823999E+3	2.87479575E-4
-2.02825000E+3	2.91516597E-4
-2.02825000E+3	2.91762204E-4
-2.02825000E+3	3.01817054E-4
-2.02825000E+3	2.92812794E-4
-2.02826001E+3	2.95768405E-4
-2.02826001E+3	2.92915356E-4
-2.02826001E+3	2.99822510E-4
-2.02826001E+3	3.06695700E-4
-2.02826001E+3	3.07608425E-4
-2.02825000E+3	3.01182183E-4
-2.02826001E+3	3.12665041E-4
-2.02825000E+3	3.05293361E-4
-2.02825000E+3	2.96329643E-4
-2.02825000E+3	3.06334434E-4
-2.02825000E+3	3.03096633E-4
-2.02825000E+3	3.06382135E-4
-2.02825000E+3	3.02901550E-4
-2.02825000E+3	3.00460932E-4
-2.02825000E+3	3.04675341E-4
-2.02825000E+3	3.06994858E-4
-2.02825000E+3	3.00234708E-4
-2.02823999E+3	3.09626776E-4
-2.02823999E+3	3.09424096E-4
-2.02825000E+3	3.03719135E-4
-2.02825000E+3	3.03806271E-4
-2.02825000E+3	3.01609834E-4
-2.02825000E+3	2.98665313E-4
-2.02826001E+3	3.01928085E-4
-2.02826001E+3	2.97692575E-4
-2.02825000E+3	3.01518536E-4
-2.02825000E+3	2.97232793E-4
-2.02826001E+3	2.91349337E-4
-2.02826001E+3	2.91526027E-4
-2.02826001E+3	2.88865034E-4
-2.02826001E+3	2.96094891E-4
-2.02826001E+3	2.99497886E-4
-2.02826001E+3	3.09750176E-4
-2.02826001E+3	3.03554029E-4
-2.02825000E+3	2.98756437E-4
-2.02825000E+3	2.89536983E-4
-2.02825000E+3	2.96824699E-4
-2.02825000E+3	3.00167070E-4
-2.02825000E+3	2.75394501E-4
-2.02825000E+3	2.69377662E-4
-2.02825000E+3	2.44688796E-4
-2.02823999E+3	2.21528084E-4
-2.02825000E+3	2.07297155E-4
-2.02825000E+3	1.98262846E-4
-2.02825000E+3	1.93494881E-4
-2.02825000E+3	1.84560558E-4
-2.02825000E+3	1.68566927E-4
-2.02825000E+3	1.57701856E-4
-2.02826001E+3	1.72339438E-4
-2.02826001E+3	1.76448550E-4
-2.02826001E+3	1.87839381E-4
-2.02826001E+3	2.01963136E-4
-2.02826001E+3	1.91696818E-4
-2.02826001E+3	1.90778315E-4
-2.02827002E+3	1.91107436E-4
-2.02827002E+3	1.85128316E-4
-2.02827002E+3	1.88492500E-4
-2.02827002E+3	1.92538544E-4
-2.02827002E+3	1.87186612E-4
-2.02827002E+3	1.88030914E-4
-2.02827002E+3	1.97201080E-4
-2.02827002E+3	1.97253103E-4
-2.02827002E+3	2.04291209E-4
