# Mess-Beginn: 27.05.2019 14:23:48
# DTM-151	DTM-151
-4.05343994E+3	-5.50871366E-4
-4.05341992E+3	-5.57675725E-4
-4.05339990E+3	-5.48208714E-4
-4.05172998E+3	-5.63519599E-4
-4.04575000E+3	-5.81414555E-4
-4.03992993E+3	-5.90844778E-4
-4.03397998E+3	-5.87893475E-4
-4.02919995E+3	-5.81234810E-4
-4.02193994E+3	-5.80627238E-4
-4.01613989E+3	-5.89802978E-4
-4.01043994E+3	-5.87952032E-4
-4.00468994E+3	-6.02152024E-4
-3.99888989E+3	-6.06331567E-4
-3.99298999E+3	-6.10563380E-4
-3.98806006E+3	-5.89436328E-4
-3.98125000E+3	-5.79993881E-4
-3.97567993E+3	-5.94515586E-4
-3.96987012E+3	-5.93473145E-4
-3.96398999E+3	-5.94250043E-4
-3.95702002E+3	-5.87476592E-4
-3.95197998E+3	-5.83940302E-4
-3.94610010E+3	-5.67180745E-4
-3.94112012E+3	-5.60863293E-4
-3.93451001E+3	-5.51904726E-4
-3.92975000E+3	-5.57730848E-4
-3.92287012E+3	-5.52484184E-4
-3.91716992E+3	-5.34519495E-4
-3.91122998E+3	-5.43661648E-4
-3.90525000E+3	-5.30859455E-4
-3.89906006E+3	-5.28702338E-4
-3.89339990E+3	-5.37775224E-4
-3.88853003E+3	-5.29065495E-4
-3.88153003E+3	-5.36250300E-4
-3.87571997E+3	-5.35909261E-4
-3.86988989E+3	-5.39962668E-4
-3.86425000E+3	-5.58643602E-4
-3.85834009E+3	-5.72548073E-4
-3.85129004E+3	-5.64667222E-4
-3.84555005E+3	-5.83432906E-4
-3.84039990E+3	-6.00207946E-4
-3.83428003E+3	-6.02792134E-4
-3.82855005E+3	-6.16978214E-4
-3.82265991E+3	-6.25337358E-4
-3.81694995E+3	-6.26370660E-4
-3.81012012E+3	-6.26425317E-4
-3.80435010E+3	-6.25314249E-4
-3.79941992E+3	-6.35351462E-4
-3.79356006E+3	-6.40153652E-4
-3.78665991E+3	-6.27701113E-4
-3.78146997E+3	-6.23966451E-4
-3.77573999E+3	-6.17510756E-4
-3.76982007E+3	-6.24777400E-4
-3.76380005E+3	-6.16080593E-4
-3.75778003E+3	-6.12394768E-4
-3.75170996E+3	-6.11209893E-4
-3.74576001E+3	-6.00987987E-4
-3.74005005E+3	-5.94247016E-4
-3.73435010E+3	-5.89705363E-4
-3.72851001E+3	-6.00604282E-4
-3.72259009E+3	-6.00699917E-4
-3.71671997E+3	-6.08948641E-4
-3.71089990E+3	-6.09751325E-4
-3.70395996E+3	-6.13925105E-4
-3.69914990E+3	-6.29173010E-4
-3.69278003E+3	-6.36970857E-4
-3.68690991E+3	-6.41275255E-4
-3.68204004E+3	-6.44457876E-4
-3.67611011E+3	-6.68791879E-4
-3.67012988E+3	-6.72606286E-4
-3.66354004E+3	-6.77319535E-4
-3.65769995E+3	-6.83100312E-4
-3.65163989E+3	-6.84466329E-4
-3.64596997E+3	-6.98673481E-4
-3.63963989E+3	-6.98154618E-4
-3.63469995E+3	-7.05385988E-4
-3.62781006E+3	-7.15364644E-4
-3.62207007E+3	-7.16698589E-4
-3.61719995E+3	-7.12955312E-4
-3.61132007E+3	-7.27436738E-4
-3.60507007E+3	-7.31084554E-4
-3.60026001E+3	-7.43258919E-4
-3.59196997E+3	-7.44834193E-4
-3.58697998E+3	-7.47388811E-4
-3.58142993E+3	-7.61407427E-4
-3.57519995E+3	-7.70824845E-4
-3.56930005E+3	-7.77837005E-4
-3.56368994E+3	-7.91950559E-4
-3.55773999E+3	-8.18379514E-4
-3.55198999E+3	-8.15204403E-4
-3.54651001E+3	-8.26908858E-4
-3.53926001E+3	-8.23911396E-4
-3.53330005E+3	-8.38122098E-4
-3.52741992E+3	-8.52024939E-4
-3.52166992E+3	-8.61749868E-4
-3.51677002E+3	-8.68889038E-4
-3.50997998E+3	-8.91344447E-4
-3.50407007E+3	-9.08529619E-4
-3.49875000E+3	-9.19914455E-4
-3.49276001E+3	-9.37104691E-4
-3.48697998E+3	-9.61213605E-4
-3.48093994E+3	-9.90921864E-4
-3.47464990E+3	-1.01781951E-3
-3.46879004E+3	-1.03500020E-3
-3.46297998E+3	-1.05008110E-3
-3.45696997E+3	-1.07832893E-3
-3.45097998E+3	-1.09043508E-3
-3.44584009E+3	-1.10780948E-3
-3.44017993E+3	-1.12781080E-3
-3.43273999E+3	-1.15948776E-3
-3.42751001E+3	-1.19279022E-3
-3.42183008E+3	-1.21896109E-3
-3.41736011E+3	-1.24910928E-3
-3.41000000E+3	-1.29789382E-3
-3.40423999E+3	-1.34387380E-3
-3.39839990E+3	-1.38903840E-3
-3.39245996E+3	-1.45073654E-3
-3.38657007E+3	-1.50912558E-3
-3.38062988E+3	-1.55835866E-3
-3.37459009E+3	-1.62515242E-3
-3.36912012E+3	-1.68352097E-3
-3.36276001E+3	-1.75707438E-3
-3.35718994E+3	-1.83107529E-3
-3.35144995E+3	-1.90258853E-3
-3.34563989E+3	-1.98277738E-3
-3.33937012E+3	-2.07000808E-3
-3.33360010E+3	-2.16554524E-3
-3.32768994E+3	-2.26858095E-3
-3.32148999E+3	-2.37673963E-3
-3.31531006E+3	-2.49405624E-3
-3.30948999E+3	-2.61824508E-3
-3.30362988E+3	-2.75190827E-3
-3.29769995E+3	-2.90679513E-3
-3.29190991E+3	-3.06413835E-3
-3.28586011E+3	-3.24216764E-3
-3.28070996E+3	-3.43538215E-3
-3.27511011E+3	-3.64076393E-3
-3.26800000E+3	-3.85405659E-3
-3.26202002E+3	-4.08057589E-3
-3.25716992E+3	-4.26733727E-3
-3.25037988E+3	-4.41948464E-3
-3.24433008E+3	-4.48411796E-3
-3.23870996E+3	-4.46713762E-3
-3.23296997E+3	-4.37588245E-3
-3.22705005E+3	-4.20594588E-3
-3.22110010E+3	-3.99910053E-3
-3.21593994E+3	-3.75404907E-3
-3.20995996E+3	-3.50461667E-3
-3.20321997E+3	-3.23461252E-3
-3.19727002E+3	-3.00359027E-3
-3.19152002E+3	-2.81154970E-3
-3.18660010E+3	-2.70968419E-3
-3.17961011E+3	-2.68712500E-3
-3.17386011E+3	-2.73655402E-3
-3.16788989E+3	-2.85108550E-3
-3.16275000E+3	-3.00340448E-3
-3.15685010E+3	-3.18001607E-3
-3.14954004E+3	-3.37082706E-3
-3.14419995E+3	-3.58691835E-3
-3.13846997E+3	-3.80325783E-3
-3.13192993E+3	-4.01918218E-3
-3.12725000E+3	-4.23926255E-3
-3.12102002E+3	-4.43630666E-3
-3.11520996E+3	-4.63116728E-3
-3.10823999E+3	-4.80258744E-3
-3.10228003E+3	-4.90646623E-3
-3.09644995E+3	-4.94963303E-3
-3.09038989E+3	-4.89953067E-3
-3.08447998E+3	-4.69482783E-3
-3.07975000E+3	-4.31268336E-3
-3.07366992E+3	-3.71331372E-3
-3.06776001E+3	-2.83089699E-3
-3.06192993E+3	-1.65371585E-3
-3.05587012E+3	-1.18657554E-4
-3.04994995E+3	1.75488612E-3
-3.04305005E+3	3.92682012E-3
-3.03823999E+3	6.36525545E-3
-3.03143994E+3	8.98730475E-3
-3.02680005E+3	1.16309766E-2
-3.02048999E+3	1.41949346E-2
-3.01462988E+3	1.65278874E-2
-3.00877002E+3	1.85104739E-2
-3.00287988E+3	2.00506635E-2
-2.99682007E+3	2.10453924E-2
-2.99038989E+3	2.14748178E-2
-2.98428003E+3	2.13374682E-2
-2.97829004E+3	2.06651557E-2
-2.97272998E+3	1.95418615E-2
-2.96668994E+3	1.80655606E-2
-2.96083008E+3	1.63545851E-2
-2.95525000E+3	1.45193003E-2
-2.94936011E+3	1.26647726E-2
-2.94250000E+3	1.08518461E-2
-2.93642993E+3	9.14313551E-3
-2.93138989E+3	7.57776573E-3
-2.92558008E+3	6.17341511E-3
-2.91851001E+3	4.95644100E-3
-2.91382007E+3	3.89204058E-3
-2.90803003E+3	3.00197816E-3
-2.90093994E+3	2.24415842E-3
-2.89570996E+3	1.61394093E-3
-2.88903003E+3	1.08251662E-3
-2.88411011E+3	6.57445635E-4
-2.87821997E+3	3.14339035E-4
-2.87193994E+3	2.72904126E-5
-2.86602002E+3	-1.86608886E-4
-2.86015991E+3	-3.69183632E-4
-2.85526001E+3	-5.05418924E-4
-2.84948999E+3	-6.27486384E-4
-2.84318994E+3	-7.18952680E-4
-2.83835010E+3	-7.90549268E-4
-2.83147998E+3	-8.42764101E-4
-2.82442993E+3	-8.94507160E-4
-2.81947998E+3	-9.30607668E-4
-2.81297998E+3	-9.43709922E-4
-2.80700000E+3	-9.65662766E-4
-2.80222998E+3	-9.89324297E-4
-2.79578003E+3	-1.00200507E-3
-2.78992993E+3	-9.95726557E-4
-2.78304004E+3	-9.86207044E-4
-2.77808008E+3	-9.74299619E-4
-2.77164990E+3	-9.65806947E-4
-2.76567993E+3	-9.60379024E-4
-2.75969995E+3	-9.40679864E-4
-2.75364990E+3	-9.15567332E-4
-2.74772998E+3	-8.93312448E-4
-2.74285010E+3	-8.65492853E-4
-2.73654004E+3	-8.40335037E-4
-2.72948999E+3	-8.22080357E-4
-2.72368994E+3	-8.04047799E-4
-2.71828003E+3	-7.74228189E-4
-2.71240991E+3	-7.57665141E-4
-2.70650000E+3	-7.22834608E-4
-2.70165991E+3	-7.08783860E-4
-2.69469995E+3	-7.05434941E-4
-2.68841992E+3	-6.90433953E-4
-2.68262012E+3	-6.63623097E-4
-2.67794995E+3	-6.37444493E-4
-2.67065991E+3	-6.16835547E-4
-2.66478003E+3	-5.94803132E-4
-2.65885010E+3	-5.82065783E-4
-2.65282007E+3	-5.56948246E-4
-2.64688989E+3	-5.42644120E-4
-2.64116992E+3	-5.27191674E-4
-2.63523999E+3	-5.10638929E-4
-2.62936011E+3	-4.88214457E-4
-2.62316992E+3	-4.86844452E-4
-2.61831006E+3	-4.76335670E-4
-2.61089990E+3	-4.72425600E-4
-2.60496997E+3	-4.74397093E-4
-2.59893994E+3	-4.62941156E-4
-2.59280005E+3	-4.53462446E-4
-2.58796997E+3	-4.41375974E-4
-2.58106006E+3	-4.33548499E-4
-2.57515991E+3	-4.26886720E-4
-2.56914990E+3	-4.12167195E-4
-2.56183008E+3	-3.86656233E-4
-2.55605005E+3	-3.81565857E-4
-2.54983008E+3	-3.58156889E-4
-2.54491992E+3	-3.31733958E-4
-2.53801001E+3	-3.22648382E-4
-2.53302002E+3	-3.12330871E-4
-2.52607007E+3	-3.00177024E-4
-2.52003003E+3	-2.80162785E-4
-2.51437988E+3	-2.56131199E-4
-2.50868994E+3	-2.54750397E-4
-2.50147998E+3	-2.55563296E-4
-2.49557007E+3	-2.46504147E-4
-2.48898999E+3	-2.45593139E-4
-2.48296997E+3	-2.41597387E-4
-2.47723999E+3	-2.22437084E-4
-2.47116992E+3	-2.03860778E-4
-2.46508008E+3	-1.94484237E-4
-2.45912012E+3	-1.84987744E-4
-2.45212988E+3	-1.83397802E-4
-2.44608008E+3	-1.68964631E-4
-2.44012012E+3	-1.66145066E-4
-2.43340991E+3	-1.57840317E-4
-2.42741992E+3	-1.47789528E-4
-2.42267993E+3	-1.44743259E-4
-2.41566992E+3	-1.38054049E-4
-2.41057007E+3	-1.40447286E-4
-2.40438989E+3	-1.33940106E-4
-2.39737988E+3	-1.39108583E-4
-2.39036011E+3	-1.34701360E-4
-2.38429004E+3	-1.31034991E-4
-2.37842993E+3	-1.24662358E-4
-2.37261011E+3	-1.15973467E-4
-2.36694995E+3	-1.12661182E-4
-2.36097998E+3	-1.02154678E-4
-2.35395996E+3	-1.04803265E-4
-2.34796997E+3	-8.87613132E-5
-2.34153003E+3	-7.56814043E-5
-2.33591992E+3	-6.65410553E-5
-2.32900000E+3	-5.69842850E-5
-2.32313989E+3	-5.60960179E-5
-2.31695996E+3	-3.36333760E-5
-2.31125000E+3	-2.86200757E-5
-2.30558008E+3	-1.81250671E-5
-2.29928003E+3	-1.08022859E-5
-2.29263989E+3	-9.52704522E-6
-2.28656006E+3	-1.88567519E-5
-2.27968994E+3	-2.71480130E-5
-2.27380005E+3	-1.64038356E-5
-2.26722998E+3	-1.07096348E-5
-2.26140991E+3	-9.14685461E-6
-2.25531006E+3	-1.05054132E-5
-2.24929004E+3	-1.07588767E-5
-2.24338989E+3	6.12041822E-6
-2.23736011E+3	5.56929081E-6
-2.23154004E+3	1.00165862E-5
-2.22456006E+3	2.82823603E-5
-2.21889990E+3	4.82644537E-5
-2.21304004E+3	5.63658832E-5
-2.20600000E+3	5.60636399E-5
-2.20000000E+3	7.45304424E-5
-2.19398999E+3	7.92176143E-5
-2.18793994E+3	8.61288936E-5
-2.18204004E+3	8.38590713E-5
-2.17609009E+3	9.21058672E-5
-2.16901001E+3	1.03807921E-4
-2.16245996E+3	1.01620179E-4
-2.15661011E+3	1.00837933E-4
-2.15082007E+3	9.78316748E-5
-2.14472998E+3	1.01098405E-4
-2.13965991E+3	9.60319085E-5
-2.13264990E+3	9.92315909E-5
-2.12694995E+3	1.02709790E-4
-2.12017993E+3	9.79660108E-5
-2.11419995E+3	1.06664775E-4
-2.10929004E+3	1.00137222E-4
-2.10166992E+3	1.05716877E-4
-2.09516992E+3	1.03787403E-4
-2.08939990E+3	1.17492949E-4
-2.08341992E+3	1.28822227E-4
-2.07673999E+3	1.37139112E-4
-2.07190991E+3	1.35718583E-4
-2.06486011E+3	1.47496394E-4
-2.05887988E+3	1.57207876E-4
-2.05170996E+3	1.59220566E-4
-2.04593005E+3	1.66081561E-4
-2.04003003E+3	1.72152664E-4
-2.03430005E+3	1.82753924E-4
-2.02983997E+3	1.83258235E-4
-2.02841003E+3	1.81788244E-4
-2.02838000E+3	1.83371420E-4
-2.02834998E+3	1.99456612E-4
-2.02834998E+3	2.00977345E-4
-2.02834998E+3	2.01687319E-4
-2.02835999E+3	2.13063904E-4
-2.02838000E+3	2.12564861E-4
-2.02838000E+3	2.15304273E-4
-2.02839001E+3	2.20260539E-4
-2.02839001E+3	2.17229914E-4
-2.02839001E+3	2.24731804E-4
-2.02839001E+3	2.30854435E-4
-2.02839001E+3	2.26356511E-4
-2.02839001E+3	2.25782758E-4
-2.02839001E+3	2.19515583E-4
-2.02839001E+3	2.02723357E-4
-2.02839001E+3	2.15355860E-4
-2.02840002E+3	2.10091152E-4
-2.02841003E+3	2.03634030E-4
-2.02842004E+3	2.01638148E-4
-2.02842004E+3	2.01661969E-4
-2.02842004E+3	1.98501773E-4
-2.02842004E+3	1.95551940E-4
-2.02842004E+3	1.99168775E-4
-2.02841003E+3	1.99796166E-4
-2.02842004E+3	2.05243443E-4
-2.02842004E+3	2.03604810E-4
-2.02843005E+3	2.03327028E-4
-2.02843994E+3	2.03188887E-4
-2.02843994E+3	2.06756900E-4
-2.02843005E+3	2.03027565E-4
-2.02842004E+3	2.02620111E-4
-2.02841003E+3	2.01339557E-4
-2.02842004E+3	1.95179644E-4
-2.02842004E+3	1.98512018E-4
-2.02843005E+3	1.96803987E-4
-2.02843005E+3	1.88512349E-4
-2.02843005E+3	1.88152626E-4
-2.02843994E+3	1.85480400E-4
-2.02843005E+3	1.86283200E-4
-2.02842004E+3	1.88477949E-4
-2.02841003E+3	1.86415840E-4
-2.02841003E+3	1.84948003E-4
-2.02841003E+3	1.85538476E-4
-2.02840002E+3	1.95966335E-4
-2.02840002E+3	2.02061346E-4
-2.02839001E+3	2.08291516E-4
-2.02839001E+3	2.08368729E-4
-2.02839001E+3	2.05754346E-4
-2.02838000E+3	2.01733914E-4
-2.02838000E+3	1.95449960E-4
-2.02837000E+3	2.05434146E-4
-2.02838000E+3	2.05519100E-4
-2.02838000E+3	2.10748753E-4
-2.02839001E+3	1.95825342E-4
-2.02840002E+3	1.92066887E-4
-2.02840002E+3	1.80615636E-4
-2.02840002E+3	1.84867793E-4
-2.02840002E+3	1.84192264E-4
-2.02841003E+3	1.86625359E-4
-2.02841003E+3	1.97847272E-4
-2.02841003E+3	1.90623716E-4
-2.02840002E+3	1.96521461E-4
-2.02840002E+3	1.89701910E-4
-2.02840002E+3	1.96896290E-4
-2.02840002E+3	1.94863169E-4
-2.02840002E+3	2.09492660E-4
-2.02840002E+3	2.03544623E-4
-2.02840002E+3	2.10700804E-4
-2.02840002E+3	2.12028128E-4
-2.02840002E+3	2.03653719E-4
-2.02839001E+3	2.01016330E-4
-2.02839001E+3	1.90973384E-4
-2.02838000E+3	1.92854393E-4
-2.02838000E+3	1.87635480E-4
-2.02838000E+3	1.85911369E-4
-2.02838000E+3	1.73655309E-4
-2.02838000E+3	1.80447183E-4
-2.02838000E+3	1.80269286E-4
-2.02837000E+3	1.83411714E-4
-2.02837000E+3	1.83992015E-4
-2.02837000E+3	1.81438503E-4
-2.02837000E+3	1.88795893E-4
-2.02837000E+3	1.91905667E-4
-2.02837000E+3	1.96900248E-4
-2.02838000E+3	1.94322463E-4
-2.02839001E+3	2.01773189E-4
-2.02839001E+3	1.91147832E-4
-2.02839001E+3	1.86503268E-4
-2.02839001E+3	1.82492222E-4
-2.02839001E+3	1.75577588E-4
-2.02839001E+3	1.84630946E-4
-2.02839001E+3	1.80024523E-4
-2.02839001E+3	1.77857888E-4
-2.02838000E+3	1.78278991E-4
-2.02837000E+3	1.85236844E-4
-2.02837000E+3	1.82845062E-4
-2.02838000E+3	2.01073883E-4
-2.02838000E+3	2.07873454E-4
-2.02838000E+3	2.09726524E-4
-2.02837000E+3	2.18115441E-4
-2.02838000E+3	2.13523905E-4
-2.02838000E+3	2.16598637E-4
-2.02837000E+3	2.14222237E-4
-2.02837000E+3	2.12511790E-4
-2.02838000E+3	2.18914400E-4
-2.02838000E+3	2.14545769E-4
-2.02837000E+3	1.99696209E-4
-2.02837000E+3	2.04259442E-4
-2.02838000E+3	2.12305575E-4
-2.02837000E+3	2.16448359E-4
-2.02838000E+3	2.24826654E-4
-2.02837000E+3	2.25352720E-4
-2.02837000E+3	2.31476675E-4
-2.02837000E+3	2.38312161E-4
-2.02837000E+3	2.43364819E-4
-2.02837000E+3	2.54485436E-4
-2.02837000E+3	2.52119382E-4
-2.02837000E+3	2.39089641E-4
-2.02837000E+3	2.29303085E-4
-2.02837000E+3	2.23828509E-4
-2.02835999E+3	2.17438588E-4
-2.02837000E+3	2.21319002E-4
-2.02837000E+3	2.14578293E-4
-2.02838000E+3	2.15047199E-4
-2.02837000E+3	2.01561139E-4
-2.02837000E+3	1.91013693E-4
-2.02837000E+3	2.02014344E-4
-2.02838000E+3	2.13188803E-4
-2.02838000E+3	2.06876110E-4
-2.02835999E+3	2.14252810E-4
-2.02835999E+3	2.04752985E-4
-2.02834998E+3	1.94580920E-4
-2.02834998E+3	1.88956663E-4
-2.02833997E+3	1.87924583E-4
-2.02832996E+3	1.95381072E-4
