# Mess-Beginn: 27.05.2019 14:29:50
# DTM-151	DTM-151
-3.78635010E+3	-9.42361250E-4
-3.78628003E+3	-9.23994696E-4
-3.78620996E+3	-9.30587121E-4
-3.78614990E+3	-9.30345908E-4
-3.78314990E+3	-9.14558594E-4
-3.77832007E+3	-9.19218699E-4
-3.77263989E+3	-9.21034312E-4
-3.76779004E+3	-9.22381412E-4
-3.76187012E+3	-9.26507288E-4
-3.75612988E+3	-9.28187452E-4
-3.75133008E+3	-9.26307053E-4
-3.74556006E+3	-9.19736573E-4
-3.73954004E+3	-9.18324629E-4
-3.73544995E+3	-9.29494970E-4
-3.72840991E+3	-9.33446747E-4
-3.72268994E+3	-9.45675478E-4
-3.71675000E+3	-9.48215602E-4
-3.71100000E+3	-9.57862590E-4
-3.70506006E+3	-9.58759570E-4
-3.69926001E+3	-9.51149093E-4
-3.69318994E+3	-9.40316764E-4
-3.68803003E+3	-9.48413159E-4
-3.68212988E+3	-9.49841517E-4
-3.67612988E+3	-9.64626903E-4
-3.66937012E+3	-9.72975860E-4
-3.66371997E+3	-9.76138515E-4
-3.65787012E+3	-9.76302603E-4
-3.65208008E+3	-9.74084833E-4
-3.64612988E+3	-9.85091669E-4
-3.63968994E+3	-9.92937246E-4
-3.63387012E+3	-1.00640906E-3
-3.62812012E+3	-1.01518200E-3
-3.62204004E+3	-1.03233079E-3
-3.61719995E+3	-1.02658989E-3
-3.61054004E+3	-1.03677763E-3
-3.60562012E+3	-1.05754391E-3
-3.59977002E+3	-1.07515685E-3
-3.59394995E+3	-1.08176761E-3
-3.58752002E+3	-1.08194200E-3
-3.58160010E+3	-1.10835698E-3
-3.57557007E+3	-1.13102514E-3
-3.56946997E+3	-1.14032405E-3
-3.56352002E+3	-1.14093081E-3
-3.55821997E+3	-1.15604268E-3
-3.55170996E+3	-1.16274517E-3
-3.54622998E+3	-1.16007321E-3
-3.54019995E+3	-1.17406656E-3
-3.53432007E+3	-1.20039366E-3
-3.52854004E+3	-1.22082490E-3
-3.52154004E+3	-1.23467273E-3
-3.51561011E+3	-1.24125404E-3
-3.51084009E+3	-1.26696087E-3
-3.50465991E+3	-1.29226153E-3
-3.49902002E+3	-1.32500159E-3
-3.49253003E+3	-1.35504536E-3
-3.48669995E+3	-1.37894438E-3
-3.48096997E+3	-1.40031532E-3
-3.47503003E+3	-1.42348255E-3
-3.46888989E+3	-1.45066273E-3
-3.46286011E+3	-1.46503618E-3
-3.45696997E+3	-1.50436186E-3
-3.45108008E+3	-1.53381017E-3
-3.44533008E+3	-1.55710138E-3
-3.44003003E+3	-1.58623303E-3
-3.43353003E+3	-1.62601378E-3
-3.42862988E+3	-1.66134874E-3
-3.42236011E+3	-1.70693628E-3
-3.41650000E+3	-1.74834812E-3
-3.41079004E+3	-1.79260038E-3
-3.40365991E+3	-1.84599881E-3
-3.39895996E+3	-1.88206858E-3
-3.39262012E+3	-1.92739628E-3
-3.38667993E+3	-1.99387642E-3
-3.38095996E+3	-2.06125434E-3
-3.37522998E+3	-2.12783925E-3
-3.36931006E+3	-2.20607454E-3
-3.36232007E+3	-2.27423990E-3
-3.35637988E+3	-2.35484424E-3
-3.35063989E+3	-2.45755096E-3
-3.34478003E+3	-2.56259716E-3
-3.33886011E+3	-2.69684731E-3
-3.33332007E+3	-2.83513498E-3
-3.32848999E+3	-2.96364725E-3
-3.32188989E+3	-3.08844796E-3
-3.31587012E+3	-3.22360080E-3
-3.30996997E+3	-3.39008775E-3
-3.30378003E+3	-3.56933987E-3
-3.29730005E+3	-3.75346071E-3
-3.29142993E+3	-3.94256366E-3
-3.28607007E+3	-4.16261842E-3
-3.28117993E+3	-4.39445209E-3
-3.27416992E+3	-4.64969268E-3
-3.26932007E+3	-4.90398938E-3
-3.26288989E+3	-5.17592579E-3
-3.25596997E+3	-5.41143725E-3
-3.25118994E+3	-5.57073159E-3
-3.24394995E+3	-5.64930309E-3
-3.23833008E+3	-5.62262954E-3
-3.23330005E+3	-5.51902363E-3
-3.22762988E+3	-5.33690397E-3
-3.22153003E+3	-5.10245329E-3
-3.21550000E+3	-4.84011322E-3
-3.20976001E+3	-4.57761809E-3
-3.20409009E+3	-4.30406164E-3
-3.19826001E+3	-4.07449855E-3
-3.19129004E+3	-3.91084375E-3
-3.18552002E+3	-3.85188754E-3
-3.18060010E+3	-3.89625598E-3
-3.17370996E+3	-4.02350957E-3
-3.16821997E+3	-4.22462309E-3
-3.16234009E+3	-4.47204011E-3
-3.15657007E+3	-4.74529667E-3
-3.15059009E+3	-5.04313083E-3
-3.14414990E+3	-5.35484031E-3
-3.13821997E+3	-5.64555358E-3
-3.13229004E+3	-5.92658669E-3
-3.12626001E+3	-6.15496747E-3
-3.12141992E+3	-6.33015158E-3
-3.11562012E+3	-6.39468525E-3
-3.10882007E+3	-6.31859247E-3
-3.10296997E+3	-6.06246525E-3
-3.09819995E+3	-5.52773243E-3
-3.09230005E+3	-4.67695622E-3
-3.08481006E+3	-3.41534847E-3
-3.07887988E+3	-1.71795918E-3
-3.07289990E+3	4.67723177E-4
-3.06712012E+3	3.11659696E-3
-3.06240991E+3	6.17001718E-3
-3.05545996E+3	9.48458351E-3
-3.05088989E+3	1.29255643E-2
-3.04447998E+3	1.63087603E-2
-3.03862988E+3	1.94049105E-2
-3.03159009E+3	2.20814776E-2
-3.02570996E+3	2.41670776E-2
-3.01997998E+3	2.55727097E-2
-3.01395996E+3	2.62468979E-2
-3.00879004E+3	2.61793248E-2
-3.00246997E+3	2.54368167E-2
-2.99760010E+3	2.41310354E-2
-2.99162012E+3	2.23711580E-2
-2.98542993E+3	2.03186926E-2
-2.97946997E+3	1.81231201E-2
-2.97337012E+3	1.58964545E-2
-2.96747998E+3	1.37378490E-2
-2.96113989E+3	1.17033077E-2
-2.95525000E+3	9.81225446E-3
-2.94952002E+3	8.10307171E-3
-2.94362988E+3	6.56722207E-3
-2.93779004E+3	5.18436637E-3
-2.93087988E+3	3.97702074E-3
-2.92521997E+3	2.93057878E-3
-2.91937988E+3	2.04156083E-3
-2.91333008E+3	1.28355122E-3
-2.90854004E+3	6.50484872E-4
-2.90239990E+3	1.42779623E-4
-2.89628003E+3	-2.68226111E-4
-2.89059009E+3	-5.96096099E-4
-2.88487988E+3	-8.70460703E-4
-2.87795996E+3	-1.06399728E-3
-2.87188989E+3	-1.23465504E-3
-2.86612988E+3	-1.36091583E-3
-2.86119995E+3	-1.45677698E-3
-2.85483008E+3	-1.51104329E-3
-2.84904004E+3	-1.54932926E-3
-2.84318994E+3	-1.58259063E-3
-2.83767993E+3	-1.59015146E-3
-2.83133008E+3	-1.59578631E-3
-2.82500000E+3	-1.58784271E-3
-2.82035010E+3	-1.59810053E-3
-2.81292993E+3	-1.57358649E-3
-2.80680005E+3	-1.53993897E-3
-2.80202002E+3	-1.50991988E-3
-2.79628003E+3	-1.48081069E-3
-2.78995996E+3	-1.44777016E-3
-2.78386011E+3	-1.40582293E-3
-2.77806006E+3	-1.38521788E-3
-2.77190991E+3	-1.36312726E-3
-2.76617993E+3	-1.33816642E-3
-2.75990991E+3	-1.28782110E-3
-2.75375000E+3	-1.25263911E-3
-2.74795996E+3	-1.24115671E-3
-2.74220996E+3	-1.23382465E-3
-2.73623999E+3	-1.21056230E-3
-2.73048999E+3	-1.19285332E-3
-2.72451001E+3	-1.17341778E-3
-2.71965991E+3	-1.13984442E-3
-2.71265991E+3	-1.09467132E-3
-2.70681006E+3	-1.06681150E-3
-2.70065991E+3	-1.05201022E-3
-2.69469995E+3	-1.03824865E-3
-2.68883008E+3	-1.00318377E-3
-2.68285010E+3	-9.65321029E-4
-2.67795996E+3	-9.35444958E-4
-2.67186011E+3	-9.08908667E-4
-2.66592993E+3	-8.98743630E-4
-2.65980005E+3	-8.92221869E-4
-2.65425000E+3	-8.80081148E-4
-2.64691992E+3	-8.62935383E-4
-2.64109009E+3	-8.41178466E-4
-2.63518994E+3	-8.10949947E-4
-2.62931006E+3	-7.95302854E-4
-2.62345996E+3	-7.80952862E-4
-2.61839990E+3	-7.65450532E-4
-2.61154004E+3	-7.31887587E-4
-2.60556006E+3	-7.02102610E-4
-2.59864990E+3	-6.62469072E-4
-2.59254004E+3	-6.49900176E-4
-2.58760010E+3	-6.24137523E-4
-2.58064990E+3	-6.10851450E-4
-2.57475000E+3	-5.94922050E-4
-2.56891992E+3	-5.89516829E-4
-2.56289990E+3	-5.62187692E-4
-2.55722998E+3	-5.47553762E-4
-2.55011011E+3	-5.52947284E-4
-2.54437988E+3	-5.49423799E-4
-2.53888989E+3	-5.46632917E-4
-2.53177002E+3	-5.38082095E-4
-2.52595996E+3	-5.23480994E-4
-2.52003003E+3	-5.02964715E-4
-2.51398999E+3	-4.98800306E-4
-2.50803003E+3	-4.72013577E-4
-2.50216992E+3	-4.71319567E-4
-2.49631006E+3	-4.73079243E-4
-2.49012012E+3	-4.57436894E-4
-2.48310010E+3	-4.39329917E-4
-2.47713989E+3	-4.32758185E-4
-2.47125000E+3	-4.24932252E-4
-2.46515991E+3	-4.23058955E-4
-2.45955005E+3	-4.14478534E-4
-2.45337988E+3	-4.03040351E-4
-2.44759009E+3	-3.93919559E-4
-2.44065991E+3	-3.82542610E-4
-2.43403003E+3	-3.69851885E-4
-2.42960010E+3	-3.58257792E-4
-2.42142993E+3	-3.49156529E-4
-2.41528003E+3	-3.40298779E-4
-2.40938989E+3	-3.39415623E-4
-2.40362988E+3	-3.37147823E-4
-2.39768994E+3	-3.28923867E-4
-2.39164990E+3	-3.08585877E-4
-2.38562988E+3	-2.94531957E-4
-2.37865991E+3	-2.79856438E-4
-2.37305005E+3	-2.77718675E-4
-2.36610010E+3	-2.64016475E-4
-2.36018994E+3	-2.54781975E-4
-2.35437012E+3	-2.45161762E-4
-2.34837988E+3	-2.22825198E-4
-2.34268994E+3	-2.14401764E-4
-2.33696997E+3	-2.12492232E-4
-2.32987988E+3	-2.17397537E-4
-2.32292993E+3	-2.24176823E-4
-2.31706006E+3	-2.22488918E-4
-2.31116992E+3	-2.03705597E-4
-2.30546997E+3	-1.96729714E-4
-2.29917993E+3	-1.95600311E-4
-2.29235010E+3	-1.92850959E-4
-2.28751001E+3	-1.78826973E-4
-2.28054004E+3	-1.58432173E-4
-2.27475000E+3	-1.58193317E-4
-2.26869995E+3	-1.52298948E-4
-2.26131006E+3	-1.49561281E-4
-2.25536011E+3	-1.50181790E-4
-2.24934009E+3	-1.41625540E-4
