# Mess-Beginn: 27.05.2019 14:34:03
# DTM-151	DTM-151
-3.99103003E+3	-1.87215745E-3
-3.99094995E+3	-1.69736182E-3
-3.99085010E+3	-1.66617893E-3
-3.99076001E+3	-1.67316699E-3
-3.98435010E+3	-1.66634528E-3
-3.97838989E+3	-1.66052079E-3
-3.97373999E+3	-1.68432610E-3
-3.96776001E+3	-1.69622526E-3
-3.96187988E+3	-1.67971442E-3
-3.95445996E+3	-1.68034597E-3
-3.94969995E+3	-1.68100011E-3
-3.94297998E+3	-1.68207916E-3
-3.93733008E+3	-1.68331550E-3
-3.93255005E+3	-1.67964771E-3
-3.92551001E+3	-1.69554679E-3
-3.92001001E+3	-1.68962230E-3
-3.91320996E+3	-1.68375613E-3
-3.90719995E+3	-1.68707839E-3
-3.90148999E+3	-1.70853839E-3
-3.89558008E+3	-1.71163259E-3
-3.88955005E+3	-1.70641171E-3
-3.88460010E+3	-1.70332438E-3
-3.87884009E+3	-1.70146243E-3
-3.87402002E+3	-1.70842465E-3
-3.86716992E+3	-1.70619402E-3
-3.86018994E+3	-1.73080387E-3
-3.85428003E+3	-1.73697923E-3
-3.84950000E+3	-1.73453777E-3
-3.84329004E+3	-1.73549447E-3
-3.83737988E+3	-1.75665913E-3
-3.83162012E+3	-1.77314738E-3
-3.82569995E+3	-1.77674124E-3
-3.81979004E+3	-1.78118271E-3
-3.81497998E+3	-1.77718746E-3
-3.80811011E+3	-1.78953970E-3
-3.80117993E+3	-1.79196883E-3
-3.79538989E+3	-1.79184054E-3
-3.79034009E+3	-1.79686514E-3
-3.78446997E+3	-1.81699672E-3
-3.77915991E+3	-1.80389802E-3
-3.77286011E+3	-1.82414660E-3
-3.76714990E+3	-1.83702109E-3
-3.76204004E+3	-1.84429577E-3
-3.75492993E+3	-1.85448525E-3
-3.75010010E+3	-1.86960411E-3
-3.74385010E+3	-1.88934023E-3
-3.73702002E+3	-1.90356968E-3
-3.73103003E+3	-1.92831864E-3
-3.72531006E+3	-1.93594524E-3
-3.71943994E+3	-1.94539141E-3
-3.71460010E+3	-1.95203046E-3
-3.70831006E+3	-1.95723306E-3
-3.70263989E+3	-1.96179585E-3
-3.69659009E+3	-1.96346454E-3
-3.69068994E+3	-1.97821367E-3
-3.68372998E+3	-1.99057371E-3
-3.67769995E+3	-2.00208486E-3
-3.67257007E+3	-2.01232010E-3
-3.66677002E+3	-2.01285258E-3
-3.66091992E+3	-2.04315688E-3
-3.65491992E+3	-2.05387804E-3
-3.65001001E+3	-2.08422076E-3
-3.64288989E+3	-2.11427594E-3
-3.63707007E+3	-2.15293304E-3
-3.63091992E+3	-2.15816591E-3
-3.62493994E+3	-2.16140202E-3
-3.61918994E+3	-2.18066387E-3
-3.61334009E+3	-2.19007861E-3
-3.60879004E+3	-2.19704141E-3
-3.60179004E+3	-2.20352900E-3
-3.59696997E+3	-2.21931352E-3
-3.59102002E+3	-2.23493623E-3
-3.58380005E+3	-2.24912236E-3
-3.57794995E+3	-2.25342694E-3
-3.57216992E+3	-2.27407087E-3
-3.56634009E+3	-2.29902961E-3
-3.56093994E+3	-2.32088519E-3
-3.55484009E+3	-2.35452503E-3
-3.54875000E+3	-2.38900119E-3
-3.54410010E+3	-2.42202822E-3
-3.53617993E+3	-2.44628708E-3
-3.53041992E+3	-2.46227439E-3
-3.52436011E+3	-2.48326757E-3
-3.51853003E+3	-2.52021104E-3
-3.51338989E+3	-2.55796919E-3
-3.50742993E+3	-2.57670460E-3
-3.50146997E+3	-2.60847970E-3
-3.49554004E+3	-2.62673269E-3
-3.48960010E+3	-2.66955304E-3
-3.48442993E+3	-2.71056965E-3
-3.47882007E+3	-2.76178075E-3
-3.47162012E+3	-2.81177158E-3
-3.46615991E+3	-2.86874827E-3
-3.46014990E+3	-2.93232035E-3
-3.45413989E+3	-2.96605425E-3
-3.44842993E+3	-3.02945543E-3
-3.44255005E+3	-3.09328292E-3
-3.43656006E+3	-3.16591538E-3
-3.43066992E+3	-3.23178689E-3
-3.42439990E+3	-3.28338752E-3
-3.41831006E+3	-3.34366085E-3
-3.41345996E+3	-3.41550191E-3
-3.40716992E+3	-3.49488202E-3
-3.40117993E+3	-3.57248029E-3
-3.39527002E+3	-3.66438087E-3
-3.38912012E+3	-3.76271433E-3
-3.38437012E+3	-3.87363182E-3
-3.37812988E+3	-3.98203777E-3
-3.37336011E+3	-4.11546743E-3
-3.36644995E+3	-4.26566228E-3
-3.35966992E+3	-4.41303570E-3
-3.35380005E+3	-4.57378291E-3
-3.34829004E+3	-4.72484622E-3
-3.34233008E+3	-4.91656549E-3
-3.33676001E+3	-5.13677578E-3
-3.33052002E+3	-5.34700183E-3
-3.32462012E+3	-5.54620661E-3
-3.31864990E+3	-5.76232467E-3
-3.31397998E+3	-5.99431433E-3
-3.30695996E+3	-6.24766108E-3
-3.30118994E+3	-6.51983358E-3
-3.29505005E+3	-6.83321152E-3
-3.28914990E+3	-7.18349312E-3
-3.28312988E+3	-7.51081342E-3
-3.27720996E+3	-7.84088392E-3
-3.27235010E+3	-8.19739234E-3
-3.26511011E+3	-8.57060682E-3
-3.25955005E+3	-8.90081469E-3
-3.25443994E+3	-9.12386551E-3
-3.24840991E+3	-9.20871180E-3
-3.24190991E+3	-9.14482307E-3
-3.23642993E+3	-8.90333857E-3
-3.23029004E+3	-8.57411604E-3
-3.22466992E+3	-8.19968153E-3
-3.21873999E+3	-7.81229138E-3
-3.21263989E+3	-7.43002025E-3
-3.20585010E+3	-7.04495562E-3
-3.20002002E+3	-6.70664245E-3
-3.19414990E+3	-6.48948876E-3
-3.18842993E+3	-6.41684700E-3
-3.18250000E+3	-6.50333427E-3
-3.17655005E+3	-6.74275029E-3
-3.17138989E+3	-7.04430463E-3
-3.16588989E+3	-7.38007482E-3
-3.15973999E+3	-7.69463973E-3
-3.15387988E+3	-7.93888886E-3
-3.14686011E+3	-8.05395935E-3
-3.14085010E+3	-8.00991990E-3
-3.13487012E+3	-7.67748524E-3
-3.12981006E+3	-7.00173667E-3
-3.12383008E+3	-5.86239761E-3
-3.11733008E+3	-4.11698502E-3
-3.11219995E+3	-1.68616220E-3
-3.10601001E+3	1.55624538E-3
-3.10116992E+3	5.62008657E-3
-3.09387012E+3	1.04154013E-2
-3.08772998E+3	1.57718193E-2
-3.08177002E+3	2.14179531E-2
-3.07690991E+3	2.69788858E-2
-3.07071997E+3	3.21039781E-2
-3.06484009E+3	3.64396423E-2
-3.05892993E+3	3.96951213E-2
-3.05303003E+3	4.17360738E-2
-3.04721997E+3	4.24270108E-2
-3.04120996E+3	4.17521037E-2
-3.03491992E+3	3.98848131E-2
-3.02908008E+3	3.69855985E-2
-3.02310010E+3	3.33733074E-2
-3.01715991E+3	2.93646567E-2
-3.01130005E+3	2.53033973E-2
-3.00543994E+3	2.14477461E-2
-2.99965991E+3	1.79494098E-2
-2.99369995E+3	1.48361204E-2
-2.98753003E+3	1.21524176E-2
-2.98151001E+3	9.86591913E-3
-2.97569995E+3	7.87986629E-3
-2.96996997E+3	6.14847848E-3
-2.96463989E+3	4.59700171E-3
-2.95837012E+3	3.21019022E-3
-2.95242993E+3	1.94824045E-3
-2.94672998E+3	7.78420595E-4
-2.94030005E+3	-2.67341005E-4
-2.93417993E+3	-1.18777819E-3
-2.92834009E+3	-1.98932900E-3
-2.92232007E+3	-2.67960783E-3
-2.91656006E+3	-3.24601354E-3
-2.91176001E+3	-3.70460772E-3
-2.90568994E+3	-4.04175743E-3
-2.89935010E+3	-4.28166287E-3
-2.89340991E+3	-4.47052624E-3
-2.88759009E+3	-4.57362365E-3
-2.88140991E+3	-4.63534705E-3
-2.87516992E+3	-4.66821296E-3
-2.87037988E+3	-4.66278801E-3
-2.86328003E+3	-4.63790819E-3
-2.85736011E+3	-4.58113058E-3
-2.85138989E+3	-4.50283289E-3
-2.84662012E+3	-4.42235451E-3
-2.83967993E+3	-4.34035482E-3
-2.83391992E+3	-4.23946790E-3
-2.82753003E+3	-4.16847877E-3
-2.82161011E+3	-4.07755654E-3
-2.81548999E+3	-3.98765318E-3
-2.80966992E+3	-3.90147185E-3
-2.80457007E+3	-3.80404061E-3
-2.79862012E+3	-3.72351054E-3
-2.79262012E+3	-3.63582512E-3
-2.78666992E+3	-3.56731424E-3
-2.78075000E+3	-3.48078622E-3
-2.77586011E+3	-3.40142264E-3
-2.76967993E+3	-3.30484333E-3
-2.76297998E+3	-3.22207483E-3
-2.75690991E+3	-3.13533680E-3
-2.75118994E+3	-3.06832325E-3
-2.74531006E+3	-2.99459556E-3
-2.73938989E+3	-2.93591945E-3
-2.73336011E+3	-2.88308179E-3
-2.72847998E+3	-2.82491278E-3
-2.72210010E+3	-2.77880416E-3
-2.71502002E+3	-2.73794611E-3
-2.70909009E+3	-2.68347096E-3
-2.70408008E+3	-2.64686369E-3
-2.69776001E+3	-2.59561301E-3
-2.69157007E+3	-2.54419749E-3
-2.68571997E+3	-2.50240136E-3
-2.67963989E+3	-2.44896323E-3
-2.67456006E+3	-2.38212105E-3
-2.66739990E+3	-2.32572947E-3
-2.66150000E+3	-2.30266433E-3
-2.65543994E+3	-2.24811351E-3
-2.65062988E+3	-2.20581656E-3
-2.64458008E+3	-2.17691273E-3
-2.63864990E+3	-2.14317068E-3
-2.63246997E+3	-2.10245978E-3
-2.62654004E+3	-2.05946225E-3
-2.62013989E+3	-2.01476691E-3
-2.61317993E+3	-2.00782972E-3
-2.60839990E+3	-1.98634644E-3
-2.60260010E+3	-1.93367689E-3
-2.59601001E+3	-1.90908799E-3
-2.59051001E+3	-1.88642088E-3
-2.58298999E+3	-1.84311252E-3
-2.57831006E+3	-1.83347787E-3
-2.57228003E+3	-1.80856173E-3
-2.56639990E+3	-1.79195625E-3
-2.56038989E+3	-1.78677007E-3
-2.55332007E+3	-1.77316915E-3
-2.54784009E+3	-1.73533463E-3
-2.54137988E+3	-1.71965372E-3
-2.53534009E+3	-1.68795709E-3
-2.52945996E+3	-1.67176488E-3
-2.52371997E+3	-1.64693606E-3
-2.51736011E+3	-1.60785450E-3
-2.51177002E+3	-1.58418901E-3
-2.50476001E+3	-1.55346713E-3
-2.49885010E+3	-1.53101364E-3
-2.49293994E+3	-1.49636366E-3
-2.48608008E+3	-1.49441685E-3
-2.48116992E+3	-1.47559645E-3
-2.47422998E+3	-1.46571954E-3
-2.46792993E+3	-1.44904188E-3
-2.46214990E+3	-1.43058028E-3
-2.45615991E+3	-1.41456432E-3
-2.45060010E+3	-1.38740777E-3
-2.44245996E+3	-1.36312610E-3
-2.43671997E+3	-1.32595887E-3
-2.43067993E+3	-1.30996958E-3
-2.42468994E+3	-1.28661050E-3
-2.41880005E+3	-1.26928207E-3
-2.41304004E+3	-1.25552644E-3
-2.40750000E+3	-1.22723682E-3
-2.40062012E+3	-1.23114290E-3
-2.39462988E+3	-1.22913718E-3
-2.38747998E+3	-1.23594317E-3
-2.38137988E+3	-1.24999392E-3
-2.37552002E+3	-1.24818797E-3
-2.36997998E+3	-1.23826787E-3
-2.36396997E+3	-1.23087340E-3
-2.35740991E+3	-1.20640837E-3
-2.35131006E+3	-1.18405360E-3
-2.34537012E+3	-1.18087803E-3
-2.33946997E+3	-1.15043914E-3
-2.33335010E+3	-1.13583624E-3
-2.32733008E+3	-1.10782660E-3
-2.32120996E+3	-1.08327321E-3
-2.31428003E+3	-1.06547971E-3
-2.30861011E+3	-1.06378435E-3
-2.30208008E+3	-1.03831582E-3
-2.29613989E+3	-1.03854609E-3
-2.29006006E+3	-1.03828206E-3
-2.28438989E+3	-1.03086885E-3
-2.27862988E+3	-1.03147351E-3
-2.27037012E+3	-1.01997016E-3
-2.26437012E+3	-1.01942767E-3
-2.25847998E+3	-1.01632555E-3
-2.25242993E+3	-1.01511413E-3
-2.24761011E+3	-9.82660335E-4
-2.24113989E+3	-9.65502637E-4
-2.23404004E+3	-9.55235329E-4
-2.22807007E+3	-9.41704144E-4
-2.22207007E+3	-9.31469025E-4
-2.21613989E+3	-9.30328853E-4
-2.20915991E+3	-9.20146529E-4
-2.20439990E+3	-9.21747589E-4
-2.19726001E+3	-9.28953523E-4
-2.19089990E+3	-9.09789116E-4
-2.18489990E+3	-9.01974621E-4
-2.17887012E+3	-9.19170212E-4
-2.17312988E+3	-9.21187690E-4
-2.16814990E+3	-8.92353593E-4
-2.15987988E+3	-8.83006607E-4
-2.15403003E+3	-8.62899469E-4
-2.14806006E+3	-8.40459019E-4
-2.14137988E+3	-8.14821862E-4
-2.13556006E+3	-7.93524203E-4
-2.12961011E+3	-7.89291109E-4
-2.12378003E+3	-7.87832076E-4
-2.11772998E+3	-7.75413355E-4
-2.11219995E+3	-7.62802432E-4
-2.10561011E+3	-7.82241463E-4
-2.09855005E+3	-7.82037969E-4
-2.09240991E+3	-7.75558117E-4
-2.08622998E+3	-7.85726064E-4
-2.08140991E+3	-7.74754910E-4
-2.07454004E+3	-7.73420965E-4
-2.06766992E+3	-7.67319812E-4
-2.06294995E+3	-7.71301566E-4
-2.05598999E+3	-7.60078488E-4
-2.05006006E+3	-7.54368899E-4
-2.04338000E+3	-7.48847320E-4
-2.03643994E+3	-7.26494356E-4
-2.03064001E+3	-7.26443948E-4
-2.02919995E+3	-7.14042399E-4
-2.02906995E+3	-7.16693990E-4
-2.02896997E+3	-7.06605380E-4
-2.02890002E+3	-7.00393983E-4
-2.02882996E+3	-6.71470829E-4
-2.02878003E+3	-6.65891217E-4
-2.02872998E+3	-6.75750431E-4
-2.02868994E+3	-6.64407504E-4
-2.02866003E+3	-6.53013121E-4
-2.02864001E+3	-6.55732292E-4
-2.02860999E+3	-6.53781521E-4
-2.02858997E+3	-6.73076662E-4
-2.02858997E+3	-6.71722693E-4
-2.02857996E+3	-6.78687589E-4
-2.02856995E+3	-6.82045997E-4
-2.02856006E+3	-6.83228951E-4
-2.02854004E+3	-6.76320517E-4
-2.02854004E+3	-6.99377037E-4
-2.02854004E+3	-7.25761405E-4
-2.02853003E+3	-7.14914349E-4
-2.02852002E+3	-7.11162051E-4
-2.02852002E+3	-6.94388989E-4
-2.02851001E+3	-6.83038321E-4
-2.02851001E+3	-6.66430918E-4
-2.02851001E+3	-6.64823223E-4
-2.02851001E+3	-6.50495407E-4
-2.02850000E+3	-6.49267749E-4
-2.02848999E+3	-6.32113311E-4
-2.02847998E+3	-6.09960232E-4
-2.02847998E+3	-6.06754737E-4
-2.02847998E+3	-6.01946551E-4
-2.02846997E+3	-5.95664082E-4
-2.02845996E+3	-6.08432340E-4
-2.02845996E+3	-6.30666909E-4
-2.02844995E+3	-6.59455603E-4
-2.02844995E+3	-6.82802347E-4
-2.02843994E+3	-6.75870222E-4
-2.02843994E+3	-6.96038420E-4
-2.02843994E+3	-7.30717904E-4
-2.02843994E+3	-7.47529790E-4
-2.02843994E+3	-7.69265986E-4
-2.02843994E+3	-7.92297709E-4
-2.02843005E+3	-7.83546886E-4
-2.02843005E+3	-7.76526053E-4
-2.02843005E+3	-7.77918089E-4
-2.02843005E+3	-7.69617094E-4
-2.02843005E+3	-7.66234647E-4
-2.02843005E+3	-7.51761894E-4
-2.02842004E+3	-7.35996000E-4
-2.02842004E+3	-7.31711101E-4
-2.02842004E+3	-7.07908010E-4
-2.02842004E+3	-7.03552389E-4
-2.02842004E+3	-7.11877830E-4
-2.02842004E+3	-7.15413888E-4
-2.02841003E+3	-7.17406918E-4
-2.02841003E+3	-7.23733741E-4
-2.02842004E+3	-7.34733068E-4
-2.02842004E+3	-7.33304129E-4
-2.02842004E+3	-7.28445069E-4
-2.02842004E+3	-7.33097550E-4
-2.02842004E+3	-7.38955045E-4
-2.02842004E+3	-7.38655101E-4
-2.02842004E+3	-7.40848307E-4
-2.02842004E+3	-7.48331251E-4
-2.02842004E+3	-7.12035398E-4
-2.02842004E+3	-7.09856977E-4
-2.02842004E+3	-7.08969543E-4
-2.02842004E+3	-7.14985887E-4
-2.02842004E+3	-7.34438188E-4
-2.02841003E+3	-7.35281035E-4
-2.02841003E+3	-7.58021546E-4
-2.02841003E+3	-7.41528347E-4
-2.02841003E+3	-7.35252921E-4
-2.02841003E+3	-7.24511512E-4
-2.02841003E+3	-7.48695107E-4
-2.02841003E+3	-7.45371100E-4
-2.02841003E+3	-7.43401353E-4
-2.02841003E+3	-7.29841180E-4
-2.02841003E+3	-7.16828334E-4
-2.02841003E+3	-7.10507913E-4
-2.02840002E+3	-6.95253024E-4
-2.02840002E+3	-7.17465358E-4
-2.02840002E+3	-7.20605894E-4
-2.02840002E+3	-7.33239402E-4
-2.02840002E+3	-7.31624314E-4
-2.02840002E+3	-7.33600406E-4
-2.02840002E+3	-7.40020943E-4
-2.02840002E+3	-7.53354456E-4
-2.02840002E+3	-7.55912100E-4
-2.02840002E+3	-7.61225820E-4
-2.02841003E+3	-7.65498553E-4
-2.02840002E+3	-7.58203212E-4
-2.02839001E+3	-7.65536621E-4
-2.02839001E+3	-7.54494744E-4
-2.02840002E+3	-7.46953068E-4
-2.02839001E+3	-7.45482976E-4
-2.02839001E+3	-7.28905143E-4
-2.02839001E+3	-7.14337104E-4
-2.02839001E+3	-7.08052248E-4
-2.02839001E+3	-7.10510707E-4
-2.02838000E+3	-7.13865680E-4
-2.02838000E+3	-6.99626806E-4
-2.02838000E+3	-6.90000423E-4
-2.02838000E+3	-6.94607967E-4
-2.02838000E+3	-6.94807619E-4
-2.02838000E+3	-7.10044173E-4
-2.02838000E+3	-7.25568505E-4
-2.02838000E+3	-7.35849375E-4
-2.02839001E+3	-7.22728262E-4
-2.02839001E+3	-7.07333267E-4
-2.02840002E+3	-6.95282244E-4
-2.02840002E+3	-7.10687193E-4
-2.02840002E+3	-7.22249155E-4
-2.02840002E+3	-7.14872032E-4
-2.02841003E+3	-7.20867363E-4
-2.02841003E+3	-7.21096294E-4
-2.02841003E+3	-7.09072512E-4
-2.02840002E+3	-7.16055045E-4
-2.02840002E+3	-7.22341589E-4
-2.02840002E+3	-7.29077845E-4
-2.02840002E+3	-7.37368187E-4
-2.02840002E+3	-7.34402740E-4
-2.02841003E+3	-7.33695924E-4
-2.02841003E+3	-7.47115060E-4
-2.02841003E+3	-7.41643482E-4
-2.02841003E+3	-7.49355124E-4
-2.02840002E+3	-7.53621862E-4
-2.02840002E+3	-7.62054755E-4
-2.02840002E+3	-7.78825954E-4
-2.02840002E+3	-7.84107135E-4
-2.02840002E+3	-7.87792378E-4
-2.02840002E+3	-7.95048021E-4
-2.02840002E+3	-7.87395868E-4
-2.02840002E+3	-7.82834075E-4
-2.02839001E+3	-7.98443856E-4
-2.02839001E+3	-7.87465659E-4
-2.02838000E+3	-7.72931147E-4
-2.02838000E+3	-7.63380202E-4
-2.02838000E+3	-7.63366814E-4
-2.02838000E+3	-7.55115820E-4
-2.02837000E+3	-7.55760411E-4
-2.02837000E+3	-7.45328551E-4
-2.02837000E+3	-7.43414275E-4
-2.02837000E+3	-7.34742032E-4
-2.02838000E+3	-7.36050948E-4
-2.02838000E+3	-7.19736970E-4
-2.02837000E+3	-7.43364799E-4
-2.02838000E+3	-7.45058060E-4
-2.02837000E+3	-7.38699397E-4
-2.02837000E+3	-7.64598662E-4
-2.02837000E+3	-7.58753973E-4
-2.02835999E+3	-7.48468796E-4
-2.02835999E+3	-7.60368421E-4
-2.02835999E+3	-7.61963485E-4
-2.02835999E+3	-7.57794362E-4
-2.02835999E+3	-7.73801643E-4
-2.02835999E+3	-7.64390046E-4
-2.02835999E+3	-7.49984931E-4
-2.02835999E+3	-7.65357167E-4
-2.02835999E+3	-7.75011373E-4
-2.02837000E+3	-7.60290073E-4
-2.02837000E+3	-7.81240175E-4
-2.02837000E+3	-7.92661682E-4
-2.02837000E+3	-7.50937848E-4
-2.02837000E+3	-7.34274217E-4
-2.02839001E+3	-7.49818224E-4
-2.02838000E+3	-7.58095935E-4
-2.02838000E+3	-7.62529904E-4
-2.02837000E+3	-7.39717332E-4
-2.02837000E+3	-7.06571911E-4
-2.02837000E+3	-7.03424332E-4
-2.02837000E+3	-7.31100037E-4
-2.02835999E+3	-7.17747607E-4
-2.02835999E+3	-7.67421385E-4
-2.02835999E+3	-8.00947135E-4
-2.02835999E+3	-7.86161108E-4
-2.02837000E+3	-7.77403358E-4
-2.02837000E+3	-7.73263630E-4
-2.02837000E+3	-7.77351728E-4
-2.02837000E+3	-7.87711469E-4
-2.02838000E+3	-8.10834405E-4
-2.02838000E+3	-7.90369813E-4
-2.02837000E+3	-7.93270476E-4
-2.02837000E+3	-8.02366587E-4
-2.02838000E+3	-7.97594432E-4
-2.02838000E+3	-7.81701296E-4
-2.02838000E+3	-7.84045842E-4
-2.02838000E+3	-7.90248800E-4
-2.02838000E+3	-8.17915890E-4
-2.02839001E+3	-8.27630865E-4
-2.02839001E+3	-8.22278380E-4
-2.02839001E+3	-7.97556364E-4
-2.02839001E+3	-8.06271739E-4
-2.02838000E+3	-8.02225957E-4
-2.02838000E+3	-7.88619858E-4
-2.02838000E+3	-8.02256865E-4
-2.02838000E+3	-8.05081625E-4
-2.02839001E+3	-8.14009283E-4
-2.02839001E+3	-7.91242521E-4
-2.02839001E+3	-7.77132635E-4
-2.02838000E+3	-7.83320342E-4
-2.02838000E+3	-8.23089387E-4
-2.02838000E+3	-7.95433938E-4
-2.02837000E+3	-7.97100074E-4
-2.02837000E+3	-8.09322752E-4
-2.02837000E+3	-8.16365529E-4
-2.02835999E+3	-8.06082564E-4
-2.02835999E+3	-7.97031971E-4
-2.02835999E+3	-8.17904307E-4
-2.02835999E+3	-8.10852740E-4
-2.02835999E+3	-7.91305851E-4
-2.02837000E+3	-7.72890169E-4
-2.02837000E+3	-7.74117187E-4
-2.02837000E+3	-7.73300475E-4
-2.02838000E+3	-7.81087962E-4
-2.02839001E+3	-7.68549158E-4
-2.02838000E+3	-7.68419239E-4
-2.02838000E+3	-7.93197658E-4
-2.02838000E+3	-7.70579150E-4
-2.02838000E+3	-7.64579047E-4
-2.02838000E+3	-7.81610142E-4
-2.02838000E+3	-7.85561919E-4
-2.02838000E+3	-8.03457573E-4
-2.02839001E+3	-8.08859069E-4
-2.02838000E+3	-8.04124749E-4
-2.02838000E+3	-7.97824992E-4
-2.02838000E+3	-8.06703523E-4
-2.02838000E+3	-7.77231529E-4
-2.02837000E+3	-7.77831883E-4
-2.02837000E+3	-7.89579703E-4
-2.02837000E+3	-7.84949749E-4
-2.02837000E+3	-7.74979824E-4
-2.02837000E+3	-7.55544810E-4
-2.02837000E+3	-7.34313624E-4
-2.02835999E+3	-7.15603761E-4
-2.02835999E+3	-7.29945779E-4
-2.02834998E+3	-7.39916635E-4
-2.02834998E+3	-7.52603926E-4
-2.02834998E+3	-7.36755785E-4
-2.02834998E+3	-7.42823468E-4
