# Mess-Beginn: 27.05.2019 14:49:27
# DTM-151	DTM-151
-3.45384009E+3	-1.32171088E-3
-3.45386011E+3	-1.32483337E-3
-3.45387012E+3	-1.33031211E-3
-3.45273999E+3	-1.33570493E-3
-3.44696997E+3	-1.34021416E-3
-3.44233008E+3	-1.34618580E-3
-3.43596997E+3	-1.35001820E-3
-3.43115991E+3	-1.37080578E-3
-3.42527002E+3	-1.39605731E-3
-3.41803003E+3	-1.42987235E-3
-3.41320996E+3	-1.46800908E-3
-3.40737988E+3	-1.51617918E-3
-3.40148999E+3	-1.57989177E-3
-3.39620996E+3	-1.65224238E-3
-3.39012012E+3	-1.74207287E-3
-3.38433008E+3	-1.84768788E-3
-3.37845996E+3	-1.95585866E-3
-3.37359009E+3	-2.06933334E-3
-3.36587012E+3	-2.19347537E-3
-3.36098999E+3	-2.33006617E-3
-3.35516992E+3	-2.48308596E-3
-3.34928003E+3	-2.65214778E-3
-3.34313989E+3	-2.83099036E-3
-3.33727002E+3	-3.02706286E-3
-3.33154004E+3	-3.24364752E-3
-3.32571997E+3	-3.47417803E-3
-3.31971997E+3	-3.73741961E-3
-3.31387988E+3	-4.03766287E-3
-3.30804004E+3	-4.36606118E-3
-3.30195996E+3	-4.73315222E-3
-3.29558008E+3	-5.13861934E-3
-3.28963989E+3	-5.59951132E-3
-3.28382007E+3	-6.11580303E-3
-3.27886011E+3	-6.72217086E-3
-3.27280005E+3	-7.39642698E-3
-3.26725000E+3	-8.16409755E-3
-3.26036011E+3	-9.01267212E-3
-3.25327002E+3	-9.93064884E-3
-3.24836011E+3	-1.09109879E-2
-3.24231006E+3	-1.19451070E-2
-3.23634009E+3	-1.30636944E-2
-3.23034009E+3	-1.43005429E-2
-3.22526001E+3	-1.56881269E-2
-3.21976001E+3	-1.72129516E-2
-3.21347998E+3	-1.87994130E-2
-3.20758008E+3	-2.02742182E-2
-3.20172998E+3	-2.12170426E-2
-3.19498999E+3	-2.09257249E-2
-3.18913989E+3	-1.84311811E-2
-3.18412988E+3	-1.29398089E-2
-3.17785010E+3	-4.50721057E-3
-3.17189990E+3	5.62199345E-3
-3.16621997E+3	1.57662351E-2
-3.16012012E+3	2.47814115E-2
-3.15423999E+3	3.22799757E-2
-3.14843994E+3	3.83059084E-2
-3.14143994E+3	4.27971929E-2
-3.13635010E+3	4.53867689E-2
-3.13050000E+3	4.53502424E-2
-3.12462012E+3	4.20776010E-2
-3.11856006E+3	3.57809588E-2
-3.11284009E+3	2.78471168E-2
-3.10689990E+3	2.00304631E-2
-3.10136011E+3	1.35322250E-2
-3.09439990E+3	8.69860128E-3
-3.08837012E+3	5.34011470E-3
-3.08248999E+3	3.10317380E-3
-3.07670996E+3	1.65233889E-3
-3.07143994E+3	7.64810713E-4
-3.06551001E+3	2.49399134E-4
-3.05978003E+3	-2.20271795E-5
-3.05402002E+3	-1.21799523E-4
-3.04772998E+3	-9.21162573E-5
-3.04187012E+3	2.40302488E-5
-3.03576001E+3	1.94992172E-4
-3.03019995E+3	4.06336359E-4
-3.02434009E+3	6.54321047E-4
-3.01926001E+3	9.30298876E-4
-3.01209009E+3	1.21310167E-3
-3.00605005E+3	1.49544422E-3
-3.00083008E+3	1.77027471E-3
-2.99484009E+3	2.01002322E-3
-2.98887988E+3	2.21175491E-3
-2.98188989E+3	2.36618496E-3
-2.97692993E+3	2.45417794E-3
-2.97086011E+3	2.48272484E-3
-2.96533008E+3	2.43983790E-3
-2.95906006E+3	2.33594375E-3
-2.95342993E+3	2.15765578E-3
-2.94738989E+3	1.93916878E-3
-2.94141992E+3	1.69488508E-3
-2.93537988E+3	1.43085094E-3
-2.92920996E+3	1.16071803E-3
-2.92339990E+3	8.94903205E-4
-2.91761011E+3	6.53978437E-4
-2.91180005E+3	4.38964635E-4
-2.90557007E+3	2.46121228E-4
-2.89961011E+3	8.54655955E-5
-2.89396997E+3	-3.56282580E-5
-2.88812988E+3	-1.39448297E-4
-2.88232007E+3	-2.29857062E-4
-2.87537012E+3	-3.08473333E-4
-2.86914990E+3	-3.70260910E-4
-2.86428003E+3	-4.11947316E-4
-2.85836011E+3	-4.43708297E-4
-2.85138989E+3	-4.70524479E-4
-2.84678003E+3	-4.87303158E-4
-2.84086011E+3	-4.95219370E-4
-2.83516992E+3	-5.03714720E-4
-2.82928003E+3	-5.03676594E-4
-2.82261011E+3	-5.00691298E-4
-2.81666992E+3	-4.87751211E-4
