# Mess-Beginn: 27.05.2019 14:50:51
# DTM-151	DTM-151
-3.52551001E+3	-8.60054803E-4
-3.52551001E+3	-8.58026964E-4
-3.52551001E+3	-8.57889419E-4
-3.52182007E+3	-8.46883981E-4
-3.51618994E+3	-8.54016398E-4
-3.51203003E+3	-8.62570188E-4
-3.50518994E+3	-8.72005010E-4
-3.50002002E+3	-8.76887585E-4
-3.49558008E+3	-8.91036063E-4
-3.48969995E+3	-9.00184736E-4
-3.48354004E+3	-9.22005798E-4
-3.47875000E+3	-9.42744664E-4
-3.47316992E+3	-9.67152184E-4
-3.46796997E+3	-1.00739463E-3
-3.46195996E+3	-1.04716758E-3
-3.45566992E+3	-1.08769047E-3
-3.44958008E+3	-1.13814557E-3
-3.44371997E+3	-1.18136709E-3
-3.43783008E+3	-1.23032799E-3
-3.43196997E+3	-1.29248889E-3
-3.42612988E+3	-1.35245232E-3
-3.41993994E+3	-1.41757051E-3
-3.41550000E+3	-1.48383365E-3
-3.40859009E+3	-1.54995266E-3
-3.40281006E+3	-1.62085646E-3
-3.39659009E+3	-1.69825170E-3
-3.39058008E+3	-1.78221625E-3
-3.38461011E+3	-1.88060943E-3
-3.37885010E+3	-1.99374324E-3
-3.37294995E+3	-2.10856274E-3
-3.36718994E+3	-2.24090810E-3
-3.36130005E+3	-2.37440295E-3
-3.35480005E+3	-2.52804067E-3
-3.34892993E+3	-2.69966898E-3
-3.34360010E+3	-2.89162947E-3
-3.33808008E+3	-3.10066016E-3
-3.33188989E+3	-3.31987953E-3
-3.32589990E+3	-3.56557686E-3
-3.31975000E+3	-3.82336671E-3
-3.31392993E+3	-4.12953692E-3
-3.30817993E+3	-4.46351711E-3
-3.30198999E+3	-4.84645646E-3
-3.29604004E+3	-5.27454633E-3
-3.29014990E+3	-5.74819325E-3
-3.28412988E+3	-6.27906527E-3
-3.27842993E+3	-6.89592957E-3
-3.27254004E+3	-7.61046680E-3
-3.26663989E+3	-8.40917509E-3
-3.26170996E+3	-9.30542313E-3
-3.25452002E+3	-1.02768755E-2
-3.24862012E+3	-1.13392845E-2
-3.24275000E+3	-1.24675864E-2
-3.23786011E+3	-1.36967637E-2
-3.23143994E+3	-1.50848012E-2
-3.22593994E+3	-1.66770257E-2
-3.21970996E+3	-1.84607357E-2
-3.21384009E+3	-2.03706343E-2
-3.20786011E+3	-2.21859086E-2
-3.20297998E+3	-2.34096851E-2
-3.19697998E+3	-2.31344253E-2
-3.18962988E+3	-2.00918093E-2
-3.18366992E+3	-1.33569371E-2
-3.17692993E+3	-3.30036366E-3
-3.17212988E+3	8.24461319E-3
-3.16616992E+3	1.92576125E-2
-3.16030005E+3	2.86408998E-2
-3.15561011E+3	3.62878889E-2
-3.14854004E+3	4.23820689E-2
-3.14080005E+3	4.69046868E-2
-3.13681006E+3	4.93067913E-2
-3.13097998E+3	4.85927686E-2
-3.12505005E+3	4.40145954E-2
-3.11882007E+3	3.61181796E-2
-3.11304004E+3	2.68287137E-2
-3.10712988E+3	1.82995033E-2
-3.10218994E+3	1.16703846E-2
-3.09470996E+3	7.00080395E-3
-3.08892993E+3	3.91684100E-3
-3.08302002E+3	1.95585215E-3
-3.07718994E+3	7.71388120E-4
-3.07041992E+3	8.16973625E-5
-3.06573999E+3	-2.83544068E-4
-3.05890991E+3	-4.52734559E-4
-3.05405005E+3	-4.59816278E-4
-3.04813989E+3	-3.66810855E-4
-3.04122998E+3	-2.17641194E-4
-3.03740991E+3	6.77263415E-7
-3.03017993E+3	2.47112912E-4
-3.02425000E+3	5.24922507E-4
-3.01848999E+3	8.15798936E-4
-3.01336011E+3	1.12085417E-3
-3.00631006E+3	1.42986991E-3
-3.00116992E+3	1.71635009E-3
-2.99510010E+3	1.98392011E-3
-2.98913989E+3	2.19963118E-3
-2.98346997E+3	2.37074331E-3
-2.97643994E+3	2.46152817E-3
-2.97175000E+3	2.49042106E-3
-2.96540991E+3	2.45124707E-3
-2.96032007E+3	2.33529205E-3
-2.95339990E+3	2.17005727E-3
-2.94748999E+3	1.95585145E-3
-2.94167993E+3	1.70690776E-3
-2.93537988E+3	1.43192138E-3
-2.93057007E+3	1.16600818E-3
-2.92367993E+3	8.98938335E-4
-2.91884009E+3	6.53694966E-4
-2.91310010E+3	4.29792941E-4
-2.90601001E+3	2.33261206E-4
-2.90001001E+3	8.40593129E-5
-2.89521997E+3	-4.79818700E-5
-2.88933008E+3	-1.64802870E-4
-2.88308008E+3	-2.47979944E-4
-2.87763989E+3	-3.22193897E-4
-2.87009009E+3	-3.79783305E-4
-2.86422998E+3	-4.12662135E-4
-2.85833008E+3	-4.39373718E-4
-2.85345996E+3	-4.57031681E-4
-2.84718994E+3	-4.66868340E-4
-2.84129004E+3	-4.73177584E-4
-2.83535010E+3	-4.72258660E-4
-2.82935010E+3	-4.69880441E-4
-2.82314990E+3	-4.64754965E-4
-2.81762988E+3	-4.48406150E-4
-2.81145996E+3	-4.47807339E-4
-2.80540991E+3	-4.36897186E-4
-2.79940991E+3	-4.28072875E-4
-2.79352002E+3	-4.15833347E-4
-2.78871997E+3	-4.11083165E-4
-2.78237012E+3	-4.10475186E-4
-2.77641992E+3	-4.03748447E-4
-2.77160010E+3	-3.87996726E-4
-2.76341992E+3	-3.78763623E-4
-2.75820996E+3	-3.72978539E-4
