# Mess-Beginn: 27.05.2019 14:52:27
# DTM-151	DTM-151
-3.32853003E+3	-3.08630499E-3
-3.32846997E+3	-4.30654315E-3
-3.32841992E+3	-4.35304642E-3
-3.32420996E+3	-4.35061892E-3
-3.31946997E+3	-4.37271409E-3
-3.31346997E+3	-4.42593731E-3
-3.30772998E+3	-4.51265834E-3
-3.30391992E+3	-4.65399260E-3
-3.29760010E+3	-4.85334173E-3
-3.29215991E+3	-5.12080127E-3
-3.28627002E+3	-5.44691645E-3
-3.28151001E+3	-5.85355097E-3
-3.27402002E+3	-6.35760045E-3
-3.26787012E+3	-6.96682511E-3
-3.26204004E+3	-7.65182031E-3
-3.25793994E+3	-8.38362146E-3
-3.25093994E+3	-9.15080495E-3
-3.24504004E+3	-9.93465818E-3
-3.23902002E+3	-1.07471105E-2
-3.23330005E+3	-1.16151851E-2
-3.22744995E+3	-1.25796311E-2
-3.22098999E+3	-1.36446776E-2
-3.21498999E+3	-1.48294233E-2
-3.20890991E+3	-1.60916261E-2
-3.20430005E+3	-1.73330605E-2
-3.19731006E+3	-1.83147117E-2
-3.19129004E+3	-1.85884032E-2
-3.18622998E+3	-1.74693745E-2
-3.18025000E+3	-1.42283700E-2
-3.17444995E+3	-8.43388774E-3
-3.16721997E+3	-4.59783158E-4
-3.16215991E+3	8.51603597E-3
-3.15676001E+3	1.72665045E-2
-3.15067993E+3	2.49901675E-2
-3.14391992E+3	3.14165503E-2
-3.13895996E+3	3.64780948E-2
-3.13337988E+3	3.99777256E-2
-3.12728003E+3	4.15146984E-2
-3.12050000E+3	4.05599810E-2
-3.11464990E+3	3.68672833E-2
-3.10885010E+3	3.09532136E-2
-3.10302002E+3	2.40859278E-2
-3.09713989E+3	1.75661687E-2
-3.09110010E+3	1.22014880E-2
-3.08498999E+3	8.17933306E-3
-3.08019995E+3	5.33384364E-3
-3.07294995E+3	3.41637107E-3
-3.06718994E+3	2.14257324E-3
-3.06097998E+3	1.33619481E-3
-3.05601001E+3	8.46382522E-4
-3.04978003E+3	5.87596092E-4
-3.04387012E+3	4.92808467E-4
-3.03797998E+3	5.11069957E-4
-3.03202002E+3	6.13356824E-4
-3.02705005E+3	7.77363544E-4
-3.02091992E+3	9.90852714E-4
-3.01495996E+3	1.21907028E-3
-3.00802002E+3	1.47397537E-3
-3.00213989E+3	1.73169270E-3
-2.99633008E+3	1.97527697E-3
-2.99037012E+3	2.17735651E-3
-2.98552002E+3	2.33594375E-3
-2.97965991E+3	2.44033453E-3
-2.97350000E+3	2.49065645E-3
-2.96756006E+3	2.46514147E-3
-2.96037012E+3	2.36914074E-3
-2.95541992E+3	2.21827137E-3
-2.94926001E+3	2.01658229E-3
-2.94327002E+3	1.78597413E-3
-2.93833008E+3	1.51790946E-3
-2.93148999E+3	1.25721958E-3
-2.92633008E+3	1.00201147E-3
-2.92007007E+3	7.58134935E-4
-2.91356006E+3	5.25450159E-4
-2.90736011E+3	3.23626242E-4
-2.90141992E+3	1.48606894E-4
-2.89561011E+3	1.34264938E-5
-2.88973999E+3	-1.06156825E-4
-2.88380005E+3	-2.13069448E-4
-2.87790991E+3	-2.86264287E-4
-2.87278003E+3	-3.45152628E-4
-2.86687012E+3	-3.97768046E-4
-2.86200000E+3	-4.25510283E-4
-2.85420996E+3	-4.52248263E-4
-2.84922998E+3	-4.48980572E-4
-2.84287988E+3	-4.40999545E-4
-2.83637012E+3	-4.47685365E-4
-2.83144995E+3	-4.48307372E-4
-2.82514990E+3	-4.27980383E-4
-2.81940991E+3	-4.10315231E-4
-2.81333008E+3	-4.04978491E-4
-2.80759009E+3	-3.85006744E-4
-2.80282007E+3	-3.77715711E-4
-2.79562012E+3	-3.55599448E-4
-2.79037012E+3	-3.51485156E-4
-2.78326001E+3	-3.36929661E-4
-2.77746997E+3	-3.19432467E-4
-2.77148999E+3	-2.97142571E-4
-2.76659009E+3	-2.87607487E-4
-2.76026001E+3	-2.81676213E-4
-2.75438989E+3	-2.63016758E-4
-2.74820996E+3	-2.61342735E-4
-2.74189990E+3	-2.46888812E-4
-2.73692993E+3	-2.40638969E-4
-2.73003003E+3	-2.31140133E-4
-2.72412988E+3	-2.31026948E-4
-2.71805005E+3	-2.19583395E-4
-2.71338989E+3	-2.10349390E-4
-2.70727002E+3	-1.98940557E-4
-2.70106006E+3	-1.74951609E-4
-2.69492993E+3	-1.71585823E-4
-2.68887012E+3	-1.51932545E-4
-2.68293994E+3	-1.39103460E-4
-2.67687012E+3	-1.33678463E-4
-2.67084009E+3	-1.24610146E-4
-2.66464990E+3	-1.15218492E-4
-2.65977002E+3	-1.10764238E-4
-2.65340991E+3	-9.99362092E-5
-2.64854004E+3	-9.26506182E-5
-2.64052002E+3	-9.83857462E-5
-2.63678003E+3	-8.99491788E-5
-2.62863989E+3	-9.35905991E-5
-2.62244995E+3	-8.88000286E-5
-2.61734009E+3	-7.27134175E-5
-2.61131006E+3	-5.57824387E-5
-2.60633008E+3	-4.41755510E-5
-2.59827002E+3	-3.53773794E-5
-2.59343994E+3	-2.43843369E-5
-2.58733008E+3	-1.72539494E-5
-2.58029004E+3	-4.59586226E-6
-2.57471997E+3	9.56711847E-6
-2.56872998E+3	2.45502997E-5
-2.56283008E+3	3.66402419E-5
-2.55662988E+3	4.95077184E-5
-2.55078003E+3	5.75978411E-5
-2.54491992E+3	6.84243205E-5
-2.53823999E+3	7.65772711E-5
-2.53237988E+3	7.79474140E-5
-2.52534009E+3	8.49884600E-5
-2.51922998E+3	9.32420007E-5
-2.51335010E+3	9.52572591E-5
-2.50731006E+3	1.04426093E-4
-2.50134009E+3	1.09880581E-4
