# Mess-Beginn: 27.05.2019 14:54:19
# DTM-151	DTM-151
-3.34308008E+3	-3.16586858E-3
-3.34306006E+3	-3.14089889E-3
-3.34304004E+3	-3.12511413E-3
-3.34045996E+3	-3.13190510E-3
-3.33454004E+3	-3.13532026E-3
-3.32966992E+3	-3.15879239E-3
-3.32367993E+3	-3.21771251E-3
-3.31881006E+3	-3.26493150E-3
-3.31306006E+3	-3.35968914E-3
-3.30812988E+3	-3.48590384E-3
-3.30193994E+3	-3.64951440E-3
-3.29701001E+3	-3.87488236E-3
-3.29229004E+3	-4.13220190E-3
-3.28544995E+3	-4.44137212E-3
-3.28062988E+3	-4.81231976E-3
-3.27486011E+3	-5.22492733E-3
-3.26893994E+3	-5.66355046E-3
-3.26200000E+3	-6.15277467E-3
-3.25637988E+3	-6.65192539E-3
-3.25030005E+3	-7.12818606E-3
-3.24433008E+3	-7.57754641E-3
-3.23858008E+3	-7.99962319E-3
-3.23286011E+3	-8.41722917E-3
-3.22602002E+3	-8.83431919E-3
-3.22113989E+3	-9.27561056E-3
-3.21483008E+3	-9.75309312E-3
-3.20890991E+3	-1.02725206E-2
-3.20306006E+3	-1.08255129E-2
-3.19708008E+3	-1.13900248E-2
-3.19111011E+3	-1.19331041E-2
-3.18591992E+3	-1.23372283E-2
-3.18098999E+3	-1.23876957E-2
-3.17310010E+3	-1.18173938E-2
-3.16837012E+3	-1.02642654E-2
-3.16152002E+3	-7.43389502E-3
-3.15677002E+3	-3.24832601E-3
-3.14996997E+3	2.03728140E-3
-3.14430005E+3	7.96087738E-3
-3.13846997E+3	1.39140571E-2
-3.13277002E+3	1.94148086E-2
-3.12688989E+3	2.41188966E-2
-3.11996997E+3	2.77897101E-2
-3.11526001E+3	3.02406400E-2
-3.10845996E+3	3.12566459E-2
-3.10256006E+3	3.06747165E-2
-3.09657007E+3	2.85345130E-2
-3.09085010E+3	2.51698587E-2
-3.08486011E+3	2.11176351E-2
-3.07880005E+3	1.69786736E-2
-3.07363989E+3	1.32059399E-2
-3.06772998E+3	1.00640999E-2
-3.06171997E+3	7.59012718E-3
-3.05535010E+3	5.72611392E-3
-3.04941992E+3	4.36176825E-3
-3.04359009E+3	3.41623859E-3
-3.03752002E+3	2.77837808E-3
-3.03288989E+3	2.38242373E-3
-3.02618994E+3	2.16655317E-3
-3.02000000E+3	2.09464552E-3
-3.01510010E+3	2.11721240E-3
-3.00819995E+3	2.19643931E-3
-3.00306006E+3	2.30966625E-3
-2.99625000E+3	2.43736035E-3
-2.99052002E+3	2.56212894E-3
-2.98451001E+3	2.65862583E-3
-2.97859009E+3	2.71582068E-3
-2.97313989E+3	2.72035971E-3
-2.96663989E+3	2.65101437E-3
-2.96138989E+3	2.51411367E-3
-2.95658008E+3	2.33605085E-3
-2.94863989E+3	2.11005751E-3
-2.94283008E+3	1.85251178E-3
-2.93691992E+3	1.58473989E-3
-2.93103003E+3	1.30895327E-3
-2.92513989E+3	1.02936721E-3
-2.92037012E+3	7.70367507E-4
-2.91322998E+3	5.34157502E-4
-2.90826001E+3	3.32226453E-4
-2.90232007E+3	1.74306173E-4
-2.89642993E+3	3.45749650E-5
-2.89035010E+3	-7.94374137E-5
-2.88401001E+3	-1.67945065E-4
-2.87911011E+3	-2.41889109E-4
-2.87227002E+3	-3.04261164E-4
-2.86653003E+3	-3.44486994E-4
-2.86063989E+3	-3.76811251E-4
-2.85459009E+3	-4.04845807E-4
-2.84829004E+3	-4.18753945E-4
-2.84371997E+3	-4.36395581E-4
-2.83650000E+3	-4.41350450E-4
-2.83068994E+3	-4.45808691E-4
-2.82576001E+3	-4.42756951E-4
-2.81996997E+3	-4.38049057E-4
-2.81319995E+3	-4.30927670E-4
-2.80740991E+3	-4.22725687E-4
-2.80162012E+3	-4.09089931E-4
-2.79582007E+3	-3.85661639E-4
-2.78880005E+3	-3.75668606E-4
-2.78323999E+3	-3.57370795E-4
-2.77768994E+3	-3.39853956E-4
-2.77141992E+3	-3.26990848E-4
-2.76554004E+3	-3.06527771E-4
-2.75957007E+3	-2.96346727E-4
-2.75362012E+3	-2.75930797E-4
-2.74785010E+3	-2.62647955E-4
-2.74200000E+3	-2.53881997E-4
-2.73626001E+3	-2.50718032E-4
-2.73139990E+3	-2.35001047E-4
-2.72340991E+3	-2.17313602E-4
-2.71773999E+3	-2.04633878E-4
-2.71247998E+3	-1.94356515E-4
-2.70653003E+3	-1.93451895E-4
-2.70046997E+3	-1.87099824E-4
-2.69469995E+3	-1.72759159E-4
-2.68852002E+3	-1.65356556E-4
-2.68226001E+3	-1.49600586E-4
-2.67737988E+3	-1.23950507E-4
-2.67025000E+3	-1.10457986E-4
-2.66529004E+3	-1.05193969E-4
-2.65940991E+3	-9.31832037E-5
-2.65376001E+3	-8.08353070E-5
-2.64727002E+3	-6.30701688E-5
-2.64113989E+3	-3.91708709E-5
-2.63541992E+3	-2.52393074E-5
-2.62937988E+3	-1.50523947E-5
-2.62225000E+3	-9.64167430E-6
-2.61637012E+3	-1.19836350E-5
