# Mess-Beginn: 27.05.2019 14:55:55
# DTM-151	DTM-151
-3.60166992E+3	-4.66864149E-4
-3.60162988E+3	-4.60865122E-4
-3.60160010E+3	-4.61245683E-4
-3.59745996E+3	-4.69717954E-4
-3.59267993E+3	-4.67975246E-4
-3.58687012E+3	-4.62025637E-4
-3.58195996E+3	-4.68486309E-4
-3.57731006E+3	-4.70065017E-4
-3.57051001E+3	-4.63356264E-4
-3.56456006E+3	-4.69197461E-4
-3.55758008E+3	-4.82313859E-4
-3.55273999E+3	-4.93115513E-4
-3.54681006E+3	-5.03715244E-4
-3.54088989E+3	-5.19444759E-4
-3.53492993E+3	-5.25612268E-4
-3.52902002E+3	-5.39670757E-4
-3.52337012E+3	-5.49305754E-4
-3.51733008E+3	-5.60041808E-4
-3.51139990E+3	-5.82378008E-4
-3.50554004E+3	-5.96134749E-4
-3.49968994E+3	-6.17823738E-4
-3.49385010E+3	-6.42192201E-4
-3.48813989E+3	-6.62250503E-4
-3.48121997E+3	-6.77438744E-4
-3.47650000E+3	-7.05014390E-4
-3.47054004E+3	-7.33729044E-4
-3.46462988E+3	-7.66966550E-4
-3.45818994E+3	-7.97044137E-4
-3.45187012E+3	-8.24652205E-4
-3.44595996E+3	-8.55068676E-4
-3.43906006E+3	-8.77751852E-4
-3.43431006E+3	-9.16516350E-4
-3.42839990E+3	-9.58792283E-4
-3.42254004E+3	-1.00803375E-3
-3.41664990E+3	-1.05679617E-3
-3.41088989E+3	-1.09060970E-3
-3.40622998E+3	-1.12760917E-3
-3.40033008E+3	-1.17828371E-3
-3.39432007E+3	-1.23304187E-3
-3.38700000E+3	-1.29104184E-3
-3.37987012E+3	-1.36565440E-3
-3.37611011E+3	-1.43077190E-3
-3.36857007E+3	-1.50574604E-3
-3.36392993E+3	-1.58884865E-3
-3.35798999E+3	-1.67419959E-3
-3.35221997E+3	-1.77917874E-3
-3.34633008E+3	-1.88746280E-3
-3.34037988E+3	-2.00368650E-3
-3.33413989E+3	-2.13194545E-3
-3.32821997E+3	-2.26286356E-3
-3.32247998E+3	-2.41041603E-3
-3.31651001E+3	-2.56674015E-3
-3.31056006E+3	-2.73953471E-3
-3.30480005E+3	-2.91824830E-3
-3.29883008E+3	-3.12214415E-3
-3.29250000E+3	-3.34370509E-3
-3.28655005E+3	-3.58393695E-3
-3.28064990E+3	-3.85758467E-3
-3.27462988E+3	-4.14909329E-3
-3.26966992E+3	-4.47540311E-3
-3.26458008E+3	-4.81158635E-3
-3.25760010E+3	-5.15763741E-3
-3.25070996E+3	-5.47397276E-3
-3.24604004E+3	-5.74741233E-3
-3.24023999E+3	-5.95204765E-3
-3.23321997E+3	-6.12574071E-3
-3.22727002E+3	-6.26087235E-3
-3.22256006E+3	-6.36512274E-3
-3.21651001E+3	-6.46743039E-3
-3.20967993E+3	-6.56723185E-3
-3.20352002E+3	-6.68683741E-3
-3.19862012E+3	-6.82145264E-3
-3.19273999E+3	-7.01028807E-3
-3.18698999E+3	-7.25027826E-3
-3.17984009E+3	-7.53992889E-3
-3.17508008E+3	-7.79246585E-3
-3.16878003E+3	-7.95045868E-3
-3.16169995E+3	-7.91293941E-3
-3.15700000E+3	-7.54631078E-3
-3.15096997E+3	-6.71754405E-3
-3.14575000E+3	-5.27908234E-3
-3.14012988E+3	-3.16849444E-3
-3.13487012E+3	-3.72972630E-4
-3.12793994E+3	2.98298174E-3
-3.12204004E+3	6.70428388E-3
-3.11529004E+3	1.05172163E-2
-3.10954004E+3	1.41432481E-2
-3.10452002E+3	1.73428431E-2
-3.09718994E+3	1.99206192E-2
-3.09237988E+3	2.17228141E-2
-3.08641992E+3	2.26403568E-2
-3.08066992E+3	2.26478856E-2
-3.07487012E+3	2.17702985E-2
-3.06811011E+3	2.01746225E-2
-3.06238989E+3	1.80842672E-2
-3.05797998E+3	1.57399029E-2
-3.05069995E+3	1.34017039E-2
-3.04461011E+3	1.12543507E-2
-3.03976001E+3	9.40475520E-3
-3.03369995E+3	7.89149106E-3
-3.02652002E+3	6.69752108E-3
-3.02056006E+3	5.77506982E-3
-3.01492993E+3	5.10919653E-3
-3.00912012E+3	4.62962547E-3
-3.00334009E+3	4.29085409E-3
-2.99742993E+3	4.06728126E-3
-2.99148999E+3	3.90358013E-3
-2.98570996E+3	3.77366948E-3
-2.97989990E+3	3.64583731E-3
-2.97392993E+3	3.49279097E-3
-2.96798999E+3	3.31721362E-3
-2.96157007E+3	3.10069113E-3
-2.95567993E+3	2.84775347E-3
-2.95000000E+3	2.56096805E-3
-2.94283008E+3	2.25780858E-3
-2.93837012E+3	1.93365267E-3
-2.93254004E+3	1.61180494E-3
-2.92548999E+3	1.30271784E-3
-2.92070996E+3	1.00420823E-3
-2.91371997E+3	7.50325853E-4
-2.90894995E+3	5.21060545E-4
-2.90315991E+3	3.27054819E-4
-2.89696997E+3	1.67606428E-4
-2.89100000E+3	4.51662818E-5
-2.88397998E+3	-6.90856396E-5
-2.87918994E+3	-1.59497940E-4
-2.87253003E+3	-2.31964194E-4
-2.86773999E+3	-2.88646144E-4
-2.86182007E+3	-3.27564339E-4
-2.85588989E+3	-3.64003499E-4
-2.84994995E+3	-3.82077094E-4
-2.84306006E+3	-3.91405425E-4
-2.83829004E+3	-4.06525942E-4
-2.83241992E+3	-4.24568629E-4
-2.82650000E+3	-4.20963799E-4
-2.82030005E+3	-4.07964078E-4
-2.81419995E+3	-3.98962351E-4
-2.80935010E+3	-3.85371997E-4
-2.80337988E+3	-3.72217910E-4
-2.79712988E+3	-3.63912812E-4
-2.79011011E+3	-3.61705374E-4
-2.78415991E+3	-3.52205796E-4
-2.77818994E+3	-3.32117808E-4
-2.77262012E+3	-3.17097409E-4
-2.76675000E+3	-3.07638868E-4
-2.76080005E+3	-3.02980829E-4
-2.75452002E+3	-2.82696885E-4
-2.74797998E+3	-2.73060752E-4
-2.74317993E+3	-2.65015289E-4
-2.73689990E+3	-2.49206176E-4
-2.73085010E+3	-2.36153079E-4
-2.72487012E+3	-2.22383693E-4
-2.71896997E+3	-2.17619308E-4
-2.71316992E+3	-2.05293938E-4
-2.70734009E+3	-1.96233785E-4
-2.70106006E+3	-1.77490481E-4
-2.69515991E+3	-1.72658358E-4
-2.68922998E+3	-1.60840151E-4
-2.68317993E+3	-1.39645199E-4
-2.67816992E+3	-1.26963190E-4
-2.67193994E+3	-1.08728003E-4
-2.66587988E+3	-9.74550130E-5
-2.65980005E+3	-8.22054280E-5
-2.65396997E+3	-5.67558891E-5
