# Mess-Beginn: 27.05.2019 14:58:13
# DTM-151	DTM-151
-3.58666992E+3	-3.00620479E-4
-3.58666992E+3	-2.90854136E-4
-3.58665991E+3	-2.87980569E-4
-3.58665991E+3	-2.94099504E-4
-3.58665991E+3	-2.94805272E-4
-3.58665991E+3	-2.85266346E-4
-3.58184009E+3	-2.96406331E-4
-3.57578003E+3	-2.97485734E-4
-3.57101001E+3	-2.87511997E-4
-3.56394995E+3	-2.83869740E-4
-3.55812012E+3	-2.91904871E-4
-3.55282007E+3	-3.05175578E-4
-3.54682007E+3	-3.21468280E-4
-3.54093994E+3	-3.29731411E-4
-3.53508008E+3	-3.37584846E-4
-3.52916992E+3	-3.54351854E-4
-3.52343994E+3	-3.63139668E-4
-3.51761011E+3	-3.75331729E-4
-3.51180005E+3	-3.91724519E-4
-3.50587012E+3	-4.08670079E-4
-3.50076001E+3	-4.28623665E-4
-3.49380005E+3	-4.46489605E-4
-3.48768994E+3	-4.62981669E-4
-3.48185010E+3	-4.80009359E-4
-3.47538989E+3	-5.00892347E-4
-3.46953003E+3	-5.21118869E-4
-3.46352002E+3	-5.43371192E-4
-3.45778003E+3	-5.61425055E-4
-3.45194995E+3	-5.98860439E-4
-3.44694995E+3	-6.21889369E-4
-3.43991992E+3	-6.50581089E-4
-3.43401001E+3	-6.77565928E-4
-3.42802002E+3	-7.01922749E-4
-3.42266992E+3	-7.33006513E-4
-3.41664990E+3	-7.66439771E-4
-3.41084009E+3	-8.00484500E-4
-3.40489990E+3	-8.30513542E-4
-3.39911011E+3	-8.65733309E-4
-3.39333008E+3	-8.97833903E-4
-3.38626001E+3	-9.43955791E-4
-3.38042993E+3	-9.88914398E-4
-3.37535010E+3	-1.03643152E-3
-3.36877002E+3	-1.08427322E-3
-3.36318994E+3	-1.14408520E-3
-3.35828003E+3	-1.21105870E-3
-3.35202002E+3	-1.29290891E-3
-3.34642993E+3	-1.37900026E-3
-3.34076001E+3	-1.47340097E-3
-3.33337012E+3	-1.57036993E-3
-3.32850000E+3	-1.66823447E-3
-3.32246997E+3	-1.77629944E-3
-3.31622998E+3	-1.86671910E-3
-3.31036011E+3	-1.99811836E-3
-3.30445996E+3	-2.13814084E-3
-3.29852002E+3	-2.28627515E-3
-3.29262012E+3	-2.44584656E-3
-3.28782007E+3	-2.62318226E-3
-3.28035010E+3	-2.81814020E-3
-3.27460010E+3	-3.02867545E-3
-3.26876001E+3	-3.26664443E-3
-3.26276001E+3	-3.50875268E-3
-3.25670996E+3	-3.77703900E-3
-3.25098999E+3	-3.98070831E-3
-3.24530005E+3	-4.13405662E-3
-3.23919995E+3	-4.23116144E-3
-3.23395996E+3	-4.26167110E-3
-3.22786011E+3	-4.25466942E-3
-3.22190991E+3	-4.22047079E-3
-3.21597998E+3	-4.16031247E-3
-3.20964990E+3	-4.08012187E-3
-3.20364990E+3	-4.00539441E-3
-3.19769995E+3	-3.94375250E-3
-3.19237988E+3	-3.93292820E-3
-3.18739990E+3	-3.97157576E-3
-3.18098999E+3	-4.07212088E-3
-3.17540991E+3	-4.23665671E-3
-3.16968994E+3	-4.43380652E-3
-3.16340991E+3	-4.62400820E-3
-3.15628003E+3	-4.79690870E-3
-3.15022998E+3	-4.91502741E-3
-3.14543994E+3	-4.93257679E-3
-3.13926001E+3	-4.80616186E-3
-3.13343994E+3	-4.48979018E-3
-3.12733008E+3	-3.92564572E-3
-3.12169995E+3	-3.06195254E-3
-3.11462012E+3	-1.85618293E-3
-3.10873999E+3	-3.03524954E-4
-3.10273999E+3	1.54977944E-3
-3.09766992E+3	3.66195384E-3
-3.09184009E+3	5.91825787E-3
-3.08606006E+3	8.19476414E-3
-3.08008008E+3	1.03477258E-2
-3.07422998E+3	1.22713484E-2
-3.06915991E+3	1.38454400E-2
-3.06208008E+3	1.49929570E-2
-3.05612012E+3	1.56655274E-2
-3.05026001E+3	1.58654563E-2
-3.04550000E+3	1.56109706E-2
-3.03864990E+3	1.49631174E-2
-3.03261011E+3	1.40393265E-2
-3.02652002E+3	1.29392985E-2
-3.02178003E+3	1.17854401E-2
-3.01582007E+3	1.06516667E-2
-3.00965991E+3	9.59013589E-3
-3.00292993E+3	8.64188746E-3
-2.99729004E+3	7.81359617E-3
-2.99120996E+3	7.09035108E-3
-2.98512012E+3	6.47295406E-3
-2.97926001E+3	5.91952400E-3
-2.97318994E+3	5.40491706E-3
-2.96793994E+3	4.92775301E-3
-2.96206006E+3	4.45769122E-3
-2.95513989E+3	4.00156109E-3
-2.95054004E+3	3.55083565E-3
-2.94338989E+3	3.11678206E-3
-2.93742993E+3	2.68891780E-3
-2.93182007E+3	2.27025058E-3
-2.92691992E+3	1.88244053E-3
-2.92027002E+3	1.53965538E-3
-2.91431006E+3	1.23963947E-3
-2.90834009E+3	9.74298688E-4
-2.90221997E+3	7.57044880E-4
-2.89614990E+3	5.63792302E-4
-2.89012988E+3	4.11007612E-4
-2.88554004E+3	2.77050975E-4
-2.87990991E+3	1.76831920E-4
-2.87316992E+3	9.37605218E-5
-2.86730005E+3	2.23463285E-5
-2.86136011E+3	-3.97839140E-5
-2.85637988E+3	-7.83023061E-5
-2.84992993E+3	-1.12778893E-4
-2.84298999E+3	-1.48783292E-4
-2.83716992E+3	-1.69023740E-4
-2.83181006E+3	-1.86237085E-4
-2.82627002E+3	-2.01721748E-4
-2.81933008E+3	-2.14154512E-4
-2.81422998E+3	-2.09328777E-4
-2.80859009E+3	-2.10030543E-4
-2.80236011E+3	-1.99847113E-4
-2.79666992E+3	-2.02214855E-4
-2.79078003E+3	-1.99030896E-4
-2.78540991E+3	-1.90335326E-4
-2.77815991E+3	-1.88666803E-4
-2.77243994E+3	-1.74828223E-4
-2.76638989E+3	-1.60546289E-4
-2.76136011E+3	-1.44075559E-4
-2.75437012E+3	-1.34787595E-4
-2.74966992E+3	-1.25531151E-4
-2.74289990E+3	-1.18058328E-4
-2.73807007E+3	-1.07984139E-4
-2.73116992E+3	-9.55545402E-5
-2.72516992E+3	-8.16687389E-5
-2.71896997E+3	-6.66289779E-5
-2.71298999E+3	-5.28196870E-5
-2.70716992E+3	-4.53927605E-5
-2.70106006E+3	-4.51717715E-5
-2.69526001E+3	-3.76316239E-5
-2.69006006E+3	-2.73691930E-5
-2.68348999E+3	-2.15529999E-5
-2.67830005E+3	-1.80045117E-5
-2.67155005E+3	-5.04938953E-6
-2.66564990E+3	-2.15387922E-6
-2.65980005E+3	1.07607048E-6
-2.65340991E+3	8.87552517E-7
-2.64762988E+3	1.50010328E-5
-2.64186011E+3	2.25895583E-5
-2.63583008E+3	3.22928900E-5
-2.63000000E+3	4.19682328E-5
-2.62370996E+3	5.17565168E-5
-2.61706006E+3	6.76265845E-5
-2.61122998E+3	6.67502245E-5
-2.60514990E+3	8.03378716E-5
-2.60011011E+3	9.57158045E-5
-2.59459009E+3	1.01038560E-4
-2.58802002E+3	1.08432869E-4
-2.58213989E+3	1.17587319E-4
-2.57605005E+3	1.17477211E-4
-2.57004004E+3	1.20719393E-4
-2.56429004E+3	1.23558842E-4
-2.55704004E+3	1.19671146E-4
-2.55103003E+3	1.25898106E-4
-2.54482007E+3	1.26553481E-4
-2.54004004E+3	1.22378420E-4
-2.53310010E+3	1.28401836E-4
-2.52712012E+3	1.21230594E-4
-2.52226001E+3	1.23050413E-4
-2.51532007E+3	1.29184642E-4
-2.50768994E+3	1.35882496E-4
-2.50209009E+3	1.44351579E-4
-2.49636011E+3	1.52089982E-4
-2.48986011E+3	1.57494636E-4
-2.48503003E+3	1.67846796E-4
-2.47811011E+3	1.77290625E-4
-2.47187012E+3	1.83407115E-4
-2.46597998E+3	1.95927511E-4
-2.45893994E+3	2.05366887E-4
-2.45282007E+3	2.14557571E-4
-2.44706006E+3	2.21985727E-4
-2.44098999E+3	2.24568605E-4
-2.43487012E+3	2.23835508E-4
-2.42892993E+3	2.24876843E-4
-2.42296997E+3	2.22231771E-4
-2.41691992E+3	2.23676485E-4
-2.41087988E+3	2.28371457E-4
-2.40498999E+3	2.24232848E-4
-2.39833008E+3	2.26390737E-4
-2.39110010E+3	2.29136625E-4
-2.38526001E+3	2.28533347E-4
-2.37930005E+3	2.33132450E-4
-2.37335010E+3	2.42870738E-4
-2.36745996E+3	2.56406434E-4
-2.36113989E+3	2.62795220E-4
-2.35521997E+3	2.59087625E-4
-2.34925000E+3	2.65535142E-4
